,Unnamed: 0,stationid,hour,minute,week,weekend,date,count,sum,outNums,inNums
30,30,1,5,0,1,0,23,0.0,0.0,0.0,0.0
31,31,1,5,10,1,0,23,2.0,0.0,0.0,2.0
32,32,1,5,20,1,0,23,5.0,0.0,0.0,5.0
33,33,1,5,30,1,0,23,17.0,0.0,0.0,17.0
34,34,1,5,40,1,0,23,13.0,0.0,0.0,13.0
35,35,1,5,50,1,0,23,22.0,0.0,0.0,22.0
36,36,1,6,0,1,0,23,33.0,0.0,0.0,33.0
37,37,1,6,10,1,0,23,41.0,5.0,5.0,36.0
38,38,1,6,20,1,0,23,73.0,8.0,8.0,65.0
39,39,1,6,30,1,0,23,83.0,7.0,7.0,76.0
40,40,1,6,40,1,0,23,115.0,9.0,9.0,106.0
41,41,1,6,50,1,0,23,184.0,26.0,26.0,158.0
42,42,1,7,0,1,0,23,219.0,40.0,40.0,179.0
43,43,1,7,10,1,0,23,288.0,52.0,52.0,236.0
44,44,1,7,20,1,0,23,328.0,51.0,51.0,277.0
45,45,1,7,30,1,0,23,423.0,69.0,69.0,354.0
46,46,1,7,40,1,0,23,557.0,117.0,117.0,440.0
47,47,1,7,50,1,0,23,659.0,174.0,174.0,485.0
48,48,1,8,0,1,0,23,683.0,160.0,160.0,523.0
49,49,1,8,10,1,0,23,842.0,299.0,299.0,543.0
50,50,1,8,20,1,0,23,704.0,233.0,233.0,471.0
51,51,1,8,30,1,0,23,701.0,262.0,262.0,439.0
52,52,1,8,40,1,0,23,726.0,343.0,343.0,383.0
53,53,1,8,50,1,0,23,525.0,244.0,244.0,281.0
54,54,1,9,0,1,0,23,418.0,170.0,170.0,248.0
55,55,1,9,10,1,0,23,373.0,171.0,171.0,202.0
56,56,1,9,20,1,0,23,346.0,159.0,159.0,187.0
57,57,1,9,30,1,0,23,245.0,116.0,116.0,129.0
58,58,1,9,40,1,0,23,192.0,86.0,86.0,106.0
59,59,1,9,50,1,0,23,190.0,91.0,91.0,99.0
60,60,1,10,0,1,0,23,175.0,80.0,80.0,95.0
61,61,1,10,10,1,0,23,166.0,63.0,63.0,103.0
62,62,1,10,20,1,0,23,106.0,45.0,45.0,61.0
63,63,1,10,30,1,0,23,113.0,53.0,53.0,60.0
64,64,1,10,40,1,0,23,97.0,46.0,46.0,51.0
65,65,1,10,50,1,0,23,124.0,59.0,59.0,65.0
66,66,1,11,0,1,0,23,121.0,66.0,66.0,55.0
67,67,1,11,10,1,0,23,111.0,55.0,55.0,56.0
68,68,1,11,20,1,0,23,125.0,58.0,58.0,67.0
69,69,1,11,30,1,0,23,93.0,37.0,37.0,56.0
70,70,1,11,40,1,0,23,162.0,71.0,71.0,91.0
71,71,1,11,50,1,0,23,125.0,47.0,47.0,78.0
72,72,1,12,0,1,0,23,138.0,51.0,51.0,87.0
73,73,1,12,10,1,0,23,185.0,64.0,64.0,121.0
74,74,1,12,20,1,0,23,149.0,66.0,66.0,83.0
75,75,1,12,30,1,0,23,139.0,62.0,62.0,77.0
76,76,1,12,40,1,0,23,144.0,63.0,63.0,81.0
77,77,1,12,50,1,0,23,136.0,61.0,61.0,75.0
78,78,1,13,0,1,0,23,156.0,78.0,78.0,78.0
79,79,1,13,10,1,0,23,161.0,82.0,82.0,79.0
80,80,1,13,20,1,0,23,156.0,84.0,84.0,72.0
81,81,1,13,30,1,0,23,119.0,47.0,47.0,72.0
82,82,1,13,40,1,0,23,130.0,49.0,49.0,81.0
83,83,1,13,50,1,0,23,126.0,54.0,54.0,72.0
84,84,1,14,0,1,0,23,129.0,62.0,62.0,67.0
85,85,1,14,10,1,0,23,131.0,71.0,71.0,60.0
86,86,1,14,20,1,0,23,120.0,63.0,63.0,57.0
87,87,1,14,30,1,0,23,119.0,65.0,65.0,54.0
88,88,1,14,40,1,0,23,125.0,55.0,55.0,70.0
89,89,1,14,50,1,0,23,129.0,80.0,80.0,49.0
90,90,1,15,0,1,0,23,130.0,76.0,76.0,54.0
91,91,1,15,10,1,0,23,131.0,65.0,65.0,66.0
92,92,1,15,20,1,0,23,175.0,63.0,63.0,112.0
93,93,1,15,30,1,0,23,214.0,72.0,72.0,142.0
94,94,1,15,40,1,0,23,232.0,81.0,81.0,151.0
95,95,1,15,50,1,0,23,146.0,66.0,66.0,80.0
96,96,1,16,0,1,0,23,207.0,99.0,99.0,108.0
97,97,1,16,10,1,0,23,219.0,100.0,100.0,119.0
98,98,1,16,20,1,0,23,236.0,116.0,116.0,120.0
99,99,1,16,30,1,0,23,221.0,109.0,109.0,112.0
100,100,1,16,40,1,0,23,231.0,106.0,106.0,125.0
101,101,1,16,50,1,0,23,211.0,94.0,94.0,117.0
102,102,1,17,0,1,0,23,266.0,125.0,125.0,141.0
103,103,1,17,10,1,0,23,346.0,137.0,137.0,209.0
104,104,1,17,20,1,0,23,386.0,209.0,209.0,177.0
105,105,1,17,30,1,0,23,357.0,232.0,232.0,125.0
106,106,1,17,40,1,0,23,492.0,291.0,291.0,201.0
107,107,1,17,50,1,0,23,487.0,297.0,297.0,190.0
108,108,1,18,0,1,0,23,508.0,340.0,340.0,168.0
109,109,1,18,10,1,0,23,585.0,367.0,367.0,218.0
110,110,1,18,20,1,0,23,547.0,382.0,382.0,165.0
111,111,1,18,30,1,0,23,448.0,327.0,327.0,121.0
112,112,1,18,40,1,0,23,443.0,327.0,327.0,116.0
113,113,1,18,50,1,0,23,376.0,280.0,280.0,96.0
114,114,1,19,0,1,0,23,364.0,284.0,284.0,80.0
115,115,1,19,10,1,0,23,278.0,215.0,215.0,63.0
116,116,1,19,20,1,0,23,251.0,182.0,182.0,69.0
117,117,1,19,30,1,0,23,207.0,155.0,155.0,52.0
118,118,1,19,40,1,0,23,189.0,132.0,132.0,57.0
119,119,1,19,50,1,0,23,192.0,118.0,118.0,74.0
120,120,1,20,0,1,0,23,187.0,120.0,120.0,67.0
121,121,1,20,10,1,0,23,172.0,111.0,111.0,61.0
122,122,1,20,20,1,0,23,121.0,73.0,73.0,48.0
123,123,1,20,30,1,0,23,229.0,119.0,119.0,110.0
124,124,1,20,40,1,0,23,166.0,87.0,87.0,79.0
125,125,1,20,50,1,0,23,181.0,119.0,119.0,62.0
126,126,1,21,0,1,0,23,134.0,70.0,70.0,64.0
127,127,1,21,10,1,0,23,213.0,133.0,133.0,80.0
128,128,1,21,20,1,0,23,151.0,102.0,102.0,49.0
129,129,1,21,30,1,0,23,109.0,74.0,74.0,35.0
130,130,1,21,40,1,0,23,177.0,124.0,124.0,53.0
131,131,1,21,50,1,0,23,124.0,87.0,87.0,37.0
132,132,1,22,0,1,0,23,104.0,82.0,82.0,22.0
133,133,1,22,10,1,0,23,54.0,49.0,49.0,5.0
134,134,1,22,20,1,0,23,98.0,97.0,97.0,1.0
135,135,1,22,30,1,0,23,72.0,72.0,72.0,0.0
136,136,1,22,40,1,0,23,46.0,46.0,46.0,0.0
137,137,1,22,50,1,0,23,15.0,14.0,14.0,1.0
174,174,2,5,0,1,0,23,0.0,0.0,0.0,0.0
175,175,2,5,10,1,0,23,0.0,0.0,0.0,0.0
176,176,2,5,20,1,0,23,0.0,0.0,0.0,0.0
177,177,2,5,30,1,0,23,18.0,0.0,0.0,18.0
178,178,2,5,40,1,0,23,19.0,1.0,1.0,18.0
179,179,2,5,50,1,0,23,23.0,2.0,2.0,21.0
180,180,2,6,0,1,0,23,22.0,3.0,3.0,19.0
181,181,2,6,10,1,0,23,39.0,12.0,12.0,27.0
182,182,2,6,20,1,0,23,48.0,11.0,11.0,37.0
183,183,2,6,30,1,0,23,80.0,24.0,24.0,56.0
184,184,2,6,40,1,0,23,84.0,21.0,21.0,63.0
185,185,2,6,50,1,0,23,143.0,32.0,32.0,111.0
186,186,2,7,0,1,0,23,153.0,32.0,32.0,121.0
187,187,2,7,10,1,0,23,190.0,46.0,46.0,144.0
188,188,2,7,20,1,0,23,196.0,60.0,60.0,136.0
189,189,2,7,30,1,0,23,274.0,113.0,113.0,161.0
190,190,2,7,40,1,0,23,392.0,157.0,157.0,235.0
191,191,2,7,50,1,0,23,480.0,200.0,200.0,280.0
192,192,2,8,0,1,0,23,611.0,281.0,281.0,330.0
193,193,2,8,10,1,0,23,774.0,458.0,458.0,316.0
194,194,2,8,20,1,0,23,737.0,387.0,387.0,350.0
195,195,2,8,30,1,0,23,1019.0,683.0,683.0,336.0
196,196,2,8,40,1,0,23,1024.0,731.0,731.0,293.0
197,197,2,8,50,1,0,23,806.0,587.0,587.0,219.0
198,198,2,9,0,1,0,23,534.0,313.0,313.0,221.0
199,199,2,9,10,1,0,23,534.0,342.0,342.0,192.0
200,200,2,9,20,1,0,23,360.0,200.0,200.0,160.0
201,201,2,9,30,1,0,23,286.0,170.0,170.0,116.0
202,202,2,9,40,1,0,23,225.0,122.0,122.0,103.0
203,203,2,9,50,1,0,23,216.0,120.0,120.0,96.0
204,204,2,10,0,1,0,23,156.0,91.0,91.0,65.0
205,205,2,10,10,1,0,23,145.0,70.0,70.0,75.0
206,206,2,10,20,1,0,23,171.0,83.0,83.0,88.0
207,207,2,10,30,1,0,23,164.0,68.0,68.0,96.0
208,208,2,10,40,1,0,23,137.0,64.0,64.0,73.0
209,209,2,10,50,1,0,23,121.0,54.0,54.0,67.0
210,210,2,11,0,1,0,23,127.0,52.0,52.0,75.0
211,211,2,11,10,1,0,23,137.0,59.0,59.0,78.0
212,212,2,11,20,1,0,23,148.0,69.0,69.0,79.0
213,213,2,11,30,1,0,23,136.0,66.0,66.0,70.0
214,214,2,11,40,1,0,23,135.0,82.0,82.0,53.0
215,215,2,11,50,1,0,23,133.0,60.0,60.0,73.0
216,216,2,12,0,1,0,23,140.0,73.0,73.0,67.0
217,217,2,12,10,1,0,23,146.0,59.0,59.0,87.0
218,218,2,12,20,1,0,23,156.0,73.0,73.0,83.0
219,219,2,12,30,1,0,23,143.0,62.0,62.0,81.0
220,220,2,12,40,1,0,23,147.0,61.0,61.0,86.0
221,221,2,12,50,1,0,23,160.0,78.0,78.0,82.0
222,222,2,13,0,1,0,23,147.0,56.0,56.0,91.0
223,223,2,13,10,1,0,23,160.0,83.0,83.0,77.0
224,224,2,13,20,1,0,23,167.0,74.0,74.0,93.0
225,225,2,13,30,1,0,23,134.0,57.0,57.0,77.0
226,226,2,13,40,1,0,23,174.0,86.0,86.0,88.0
227,227,2,13,50,1,0,23,165.0,75.0,75.0,90.0
228,228,2,14,0,1,0,23,147.0,61.0,61.0,86.0
229,229,2,14,10,1,0,23,127.0,48.0,48.0,79.0
230,230,2,14,20,1,0,23,128.0,67.0,67.0,61.0
231,231,2,14,30,1,0,23,173.0,84.0,84.0,89.0
232,232,2,14,40,1,0,23,170.0,91.0,91.0,79.0
233,233,2,14,50,1,0,23,134.0,55.0,55.0,79.0
234,234,2,15,0,1,0,23,162.0,75.0,75.0,87.0
235,235,2,15,10,1,0,23,178.0,84.0,84.0,94.0
236,236,2,15,20,1,0,23,143.0,61.0,61.0,82.0
237,237,2,15,30,1,0,23,200.0,95.0,95.0,105.0
238,238,2,15,40,1,0,23,162.0,66.0,66.0,96.0
239,239,2,15,50,1,0,23,203.0,99.0,99.0,104.0
240,240,2,16,0,1,0,23,173.0,70.0,70.0,103.0
241,241,2,16,10,1,0,23,187.0,61.0,61.0,126.0
242,242,2,16,20,1,0,23,196.0,102.0,102.0,94.0
243,243,2,16,30,1,0,23,207.0,84.0,84.0,123.0
244,244,2,16,40,1,0,23,231.0,110.0,110.0,121.0
245,245,2,16,50,1,0,23,248.0,91.0,91.0,157.0
246,246,2,17,0,1,0,23,380.0,91.0,91.0,289.0
247,247,2,17,10,1,0,23,479.0,117.0,117.0,362.0
248,248,2,17,20,1,0,23,425.0,164.0,164.0,261.0
249,249,2,17,30,1,0,23,492.0,152.0,152.0,340.0
250,250,2,17,40,1,0,23,738.0,173.0,173.0,565.0
251,251,2,17,50,1,0,23,584.0,191.0,191.0,393.0
252,252,2,18,0,1,0,23,548.0,234.0,234.0,314.0
253,253,2,18,10,1,0,23,674.0,228.0,228.0,446.0
254,254,2,18,20,1,0,23,473.0,225.0,225.0,248.0
255,255,2,18,30,1,0,23,459.0,222.0,222.0,237.0
256,256,2,18,40,1,0,23,400.0,217.0,217.0,183.0
257,257,2,18,50,1,0,23,316.0,182.0,182.0,134.0
258,258,2,19,0,1,0,23,327.0,189.0,189.0,138.0
259,259,2,19,10,1,0,23,213.0,113.0,113.0,100.0
260,260,2,19,20,1,0,23,226.0,103.0,103.0,123.0
261,261,2,19,30,1,0,23,189.0,102.0,102.0,87.0
262,262,2,19,40,1,0,23,166.0,85.0,85.0,81.0
263,263,2,19,50,1,0,23,153.0,68.0,68.0,85.0
264,264,2,20,0,1,0,23,150.0,72.0,72.0,78.0
265,265,2,20,10,1,0,23,147.0,74.0,74.0,73.0
266,266,2,20,20,1,0,23,118.0,51.0,51.0,67.0
267,267,2,20,30,1,0,23,141.0,77.0,77.0,64.0
268,268,2,20,40,1,0,23,135.0,77.0,77.0,58.0
269,269,2,20,50,1,0,23,136.0,69.0,69.0,67.0
270,270,2,21,0,1,0,23,117.0,66.0,66.0,51.0
271,271,2,21,10,1,0,23,104.0,44.0,44.0,60.0
272,272,2,21,20,1,0,23,134.0,89.0,89.0,45.0
273,273,2,21,30,1,0,23,140.0,70.0,70.0,70.0
274,274,2,21,40,1,0,23,123.0,76.0,76.0,47.0
275,275,2,21,50,1,0,23,125.0,74.0,74.0,51.0
276,276,2,22,0,1,0,23,89.0,51.0,51.0,38.0
277,277,2,22,10,1,0,23,103.0,66.0,66.0,37.0
278,278,2,22,20,1,0,23,74.0,52.0,52.0,22.0
279,279,2,22,30,1,0,23,61.0,51.0,51.0,10.0
280,280,2,22,40,1,0,23,45.0,37.0,37.0,8.0
281,281,2,22,50,1,0,23,0.0,0.0,0.0,0.0
318,318,3,5,0,1,0,23,1.0,0.0,0.0,1.0
319,319,3,5,10,1,0,23,11.0,0.0,0.0,11.0
320,320,3,5,20,1,0,23,14.0,0.0,0.0,14.0
321,321,3,5,30,1,0,23,12.0,0.0,0.0,12.0
322,322,3,5,40,1,0,23,24.0,0.0,0.0,24.0
323,323,3,5,50,1,0,23,23.0,0.0,0.0,23.0
324,324,3,6,0,1,0,23,30.0,0.0,0.0,30.0
325,325,3,6,10,1,0,23,48.0,0.0,0.0,48.0
326,326,3,6,20,1,0,23,73.0,9.0,9.0,64.0
327,327,3,6,30,1,0,23,92.0,5.0,5.0,87.0
328,328,3,6,40,1,0,23,90.0,6.0,6.0,84.0
329,329,3,6,50,1,0,23,136.0,3.0,3.0,133.0
330,330,3,7,0,1,0,23,167.0,6.0,6.0,161.0
331,331,3,7,10,1,0,23,239.0,17.0,17.0,222.0
332,332,3,7,20,1,0,23,322.0,23.0,23.0,299.0
333,333,3,7,30,1,0,23,364.0,21.0,21.0,343.0
334,334,3,7,40,1,0,23,474.0,24.0,24.0,450.0
335,335,3,7,50,1,0,23,533.0,25.0,25.0,508.0
336,336,3,8,0,1,0,23,660.0,31.0,31.0,629.0
337,337,3,8,10,1,0,23,590.0,33.0,33.0,557.0
338,338,3,8,20,1,0,23,460.0,37.0,37.0,423.0
339,339,3,8,30,1,0,23,416.0,38.0,38.0,378.0
340,340,3,8,40,1,0,23,341.0,46.0,46.0,295.0
341,341,3,8,50,1,0,23,316.0,28.0,28.0,288.0
342,342,3,9,0,1,0,23,205.0,37.0,37.0,168.0
343,343,3,9,10,1,0,23,178.0,25.0,25.0,153.0
344,344,3,9,20,1,0,23,132.0,29.0,29.0,103.0
345,345,3,9,30,1,0,23,156.0,22.0,22.0,134.0
346,346,3,9,40,1,0,23,91.0,20.0,20.0,71.0
347,347,3,9,50,1,0,23,85.0,20.0,20.0,65.0
348,348,3,10,0,1,0,23,90.0,24.0,24.0,66.0
349,349,3,10,10,1,0,23,61.0,20.0,20.0,41.0
350,350,3,10,20,1,0,23,95.0,37.0,37.0,58.0
351,351,3,10,30,1,0,23,108.0,40.0,40.0,68.0
352,352,3,10,40,1,0,23,101.0,35.0,35.0,66.0
353,353,3,10,50,1,0,23,64.0,21.0,21.0,43.0
354,354,3,11,0,1,0,23,66.0,31.0,31.0,35.0
355,355,3,11,10,1,0,23,71.0,24.0,24.0,47.0
356,356,3,11,20,1,0,23,67.0,28.0,28.0,39.0
357,357,3,11,30,1,0,23,77.0,41.0,41.0,36.0
358,358,3,11,40,1,0,23,69.0,20.0,20.0,49.0
359,359,3,11,50,1,0,23,80.0,36.0,36.0,44.0
360,360,3,12,0,1,0,23,75.0,27.0,27.0,48.0
361,361,3,12,10,1,0,23,60.0,16.0,16.0,44.0
362,362,3,12,20,1,0,23,89.0,30.0,30.0,59.0
363,363,3,12,30,1,0,23,96.0,37.0,37.0,59.0
364,364,3,12,40,1,0,23,71.0,33.0,33.0,38.0
365,365,3,12,50,1,0,23,76.0,32.0,32.0,44.0
366,366,3,13,0,1,0,23,62.0,30.0,30.0,32.0
367,367,3,13,10,1,0,23,65.0,29.0,29.0,36.0
368,368,3,13,20,1,0,23,86.0,34.0,34.0,52.0
369,369,3,13,30,1,0,23,72.0,23.0,23.0,49.0
370,370,3,13,40,1,0,23,68.0,26.0,26.0,42.0
371,371,3,13,50,1,0,23,66.0,41.0,41.0,25.0
372,372,3,14,0,1,0,23,72.0,40.0,40.0,32.0
373,373,3,14,10,1,0,23,57.0,39.0,39.0,18.0
374,374,3,14,20,1,0,23,61.0,42.0,42.0,19.0
375,375,3,14,30,1,0,23,72.0,49.0,49.0,23.0
376,376,3,14,40,1,0,23,60.0,39.0,39.0,21.0
377,377,3,14,50,1,0,23,71.0,51.0,51.0,20.0
378,378,3,15,0,1,0,23,75.0,47.0,47.0,28.0
379,379,3,15,10,1,0,23,94.0,62.0,62.0,32.0
380,380,3,15,20,1,0,23,83.0,59.0,59.0,24.0
381,381,3,15,30,1,0,23,69.0,47.0,47.0,22.0
382,382,3,15,40,1,0,23,93.0,57.0,57.0,36.0
383,383,3,15,50,1,0,23,99.0,75.0,75.0,24.0
384,384,3,16,0,1,0,23,122.0,77.0,77.0,45.0
385,385,3,16,10,1,0,23,80.0,47.0,47.0,33.0
386,386,3,16,20,1,0,23,111.0,78.0,78.0,33.0
387,387,3,16,30,1,0,23,102.0,70.0,70.0,32.0
388,388,3,16,40,1,0,23,135.0,96.0,96.0,39.0
389,389,3,16,50,1,0,23,135.0,91.0,91.0,44.0
390,390,3,17,0,1,0,23,153.0,103.0,103.0,50.0
391,391,3,17,10,1,0,23,140.0,99.0,99.0,41.0
392,392,3,17,20,1,0,23,159.0,110.0,110.0,49.0
393,393,3,17,30,1,0,23,198.0,147.0,147.0,51.0
394,394,3,17,40,1,0,23,194.0,152.0,152.0,42.0
395,395,3,17,50,1,0,23,244.0,202.0,202.0,42.0
396,396,3,18,0,1,0,23,235.0,193.0,193.0,42.0
397,397,3,18,10,1,0,23,289.0,240.0,240.0,49.0
398,398,3,18,20,1,0,23,310.0,272.0,272.0,38.0
399,399,3,18,30,1,0,23,315.0,271.0,271.0,44.0
400,400,3,18,40,1,0,23,333.0,291.0,291.0,42.0
401,401,3,18,50,1,0,23,281.0,243.0,243.0,38.0
402,402,3,19,0,1,0,23,261.0,229.0,229.0,32.0
403,403,3,19,10,1,0,23,229.0,199.0,199.0,30.0
404,404,3,19,20,1,0,23,163.0,135.0,135.0,28.0
405,405,3,19,30,1,0,23,188.0,161.0,161.0,27.0
406,406,3,19,40,1,0,23,133.0,115.0,115.0,18.0
407,407,3,19,50,1,0,23,104.0,84.0,84.0,20.0
408,408,3,20,0,1,0,23,121.0,102.0,102.0,19.0
409,409,3,20,10,1,0,23,105.0,89.0,89.0,16.0
410,410,3,20,20,1,0,23,104.0,89.0,89.0,15.0
411,411,3,20,30,1,0,23,92.0,72.0,72.0,20.0
412,412,3,20,40,1,0,23,95.0,78.0,78.0,17.0
413,413,3,20,50,1,0,23,72.0,54.0,54.0,18.0
414,414,3,21,0,1,0,23,101.0,78.0,78.0,23.0
415,415,3,21,10,1,0,23,91.0,79.0,79.0,12.0
416,416,3,21,20,1,0,23,54.0,33.0,33.0,21.0
417,417,3,21,30,1,0,23,90.0,76.0,76.0,14.0
418,418,3,21,40,1,0,23,124.0,114.0,114.0,10.0
419,419,3,21,50,1,0,23,158.0,143.0,143.0,15.0
420,420,3,22,0,1,0,23,62.0,61.0,61.0,1.0
421,421,3,22,10,1,0,23,81.0,81.0,81.0,0.0
422,422,3,22,20,1,0,23,0.0,0.0,0.0,0.0
423,423,3,22,30,1,0,23,76.0,75.0,75.0,1.0
424,424,3,22,40,1,0,23,54.0,53.0,53.0,1.0
425,425,3,22,50,1,0,23,28.0,27.0,27.0,1.0
462,462,4,5,0,1,0,23,0.0,0.0,0.0,0.0
463,463,4,5,10,1,0,23,0.0,0.0,0.0,0.0
464,464,4,5,20,1,0,23,0.0,0.0,0.0,0.0
465,465,4,5,30,1,0,23,0.0,0.0,0.0,0.0
466,466,4,5,40,1,0,23,7.0,0.0,0.0,7.0
467,467,4,5,50,1,0,23,5.0,0.0,0.0,5.0
468,468,4,6,0,1,0,23,14.0,11.0,11.0,3.0
469,469,4,6,10,1,0,23,40.0,29.0,29.0,11.0
470,470,4,6,20,1,0,23,23.0,14.0,14.0,9.0
471,471,4,6,30,1,0,23,28.0,12.0,12.0,16.0
472,472,4,6,40,1,0,23,39.0,22.0,22.0,17.0
473,473,4,6,50,1,0,23,54.0,32.0,32.0,22.0
474,474,4,7,0,1,0,23,73.0,55.0,55.0,18.0
475,475,4,7,10,1,0,23,100.0,79.0,79.0,21.0
476,476,4,7,20,1,0,23,120.0,92.0,92.0,28.0
477,477,4,7,30,1,0,23,127.0,92.0,92.0,35.0
478,478,4,7,40,1,0,23,192.0,140.0,140.0,52.0
479,479,4,7,50,1,0,23,328.0,261.0,261.0,67.0
480,480,4,8,0,1,0,23,426.0,335.0,335.0,91.0
481,481,4,8,10,1,0,23,463.0,356.0,356.0,107.0
482,482,4,8,20,1,0,23,350.0,267.0,267.0,83.0
483,483,4,8,30,1,0,23,324.0,261.0,261.0,63.0
484,484,4,8,40,1,0,23,247.0,184.0,184.0,63.0
485,485,4,8,50,1,0,23,202.0,148.0,148.0,54.0
486,486,4,9,0,1,0,23,97.0,49.0,49.0,48.0
487,487,4,9,10,1,0,23,111.0,75.0,75.0,36.0
488,488,4,9,20,1,0,23,60.0,35.0,35.0,25.0
489,489,4,9,30,1,0,23,76.0,37.0,37.0,39.0
490,490,4,9,40,1,0,23,80.0,40.0,40.0,40.0
491,491,4,9,50,1,0,23,77.0,38.0,38.0,39.0
492,492,4,10,0,1,0,23,84.0,26.0,26.0,58.0
493,493,4,10,10,1,0,23,56.0,32.0,32.0,24.0
494,494,4,10,20,1,0,23,63.0,30.0,30.0,33.0
495,495,4,10,30,1,0,23,74.0,35.0,35.0,39.0
496,496,4,10,40,1,0,23,64.0,32.0,32.0,32.0
497,497,4,10,50,1,0,23,64.0,35.0,35.0,29.0
498,498,4,11,0,1,0,23,75.0,33.0,33.0,42.0
499,499,4,11,10,1,0,23,70.0,29.0,29.0,41.0
500,500,4,11,20,1,0,23,90.0,35.0,35.0,55.0
501,501,4,11,30,1,0,23,97.0,40.0,40.0,57.0
502,502,4,11,40,1,0,23,61.0,26.0,26.0,35.0
503,503,4,11,50,1,0,23,46.0,23.0,23.0,23.0
504,504,4,12,0,1,0,23,100.0,40.0,40.0,60.0
505,505,4,12,10,1,0,23,87.0,33.0,33.0,54.0
506,506,4,12,20,1,0,23,54.0,27.0,27.0,27.0
507,507,4,12,30,1,0,23,95.0,42.0,42.0,53.0
508,508,4,12,40,1,0,23,90.0,47.0,47.0,43.0
509,509,4,12,50,1,0,23,109.0,57.0,57.0,52.0
510,510,4,13,0,1,0,23,105.0,45.0,45.0,60.0
511,511,4,13,10,1,0,23,103.0,48.0,48.0,55.0
512,512,4,13,20,1,0,23,88.0,33.0,33.0,55.0
513,513,4,13,30,1,0,23,69.0,25.0,25.0,44.0
514,514,4,13,40,1,0,23,62.0,25.0,25.0,37.0
515,515,4,13,50,1,0,23,59.0,23.0,23.0,36.0
516,516,4,14,0,1,0,23,53.0,16.0,16.0,37.0
517,517,4,14,10,1,0,23,78.0,30.0,30.0,48.0
518,518,4,14,20,1,0,23,87.0,21.0,21.0,66.0
519,519,4,14,30,1,0,23,83.0,28.0,28.0,55.0
520,520,4,14,40,1,0,23,82.0,36.0,36.0,46.0
521,521,4,14,50,1,0,23,71.0,23.0,23.0,48.0
522,522,4,15,0,1,0,23,82.0,27.0,27.0,55.0
523,523,4,15,10,1,0,23,59.0,14.0,14.0,45.0
524,524,4,15,20,1,0,23,78.0,24.0,24.0,54.0
525,525,4,15,30,1,0,23,74.0,21.0,21.0,53.0
526,526,4,15,40,1,0,23,75.0,27.0,27.0,48.0
527,527,4,15,50,1,0,23,78.0,18.0,18.0,60.0
528,528,4,16,0,1,0,23,116.0,24.0,24.0,92.0
529,529,4,16,10,1,0,23,101.0,27.0,27.0,74.0
530,530,4,16,20,1,0,23,119.0,28.0,28.0,91.0
531,531,4,16,30,1,0,23,178.0,22.0,22.0,156.0
532,532,4,16,40,1,0,23,216.0,37.0,37.0,179.0
533,533,4,16,50,1,0,23,196.0,33.0,33.0,163.0
534,534,4,17,0,1,0,23,337.0,25.0,25.0,312.0
535,535,4,17,10,1,0,23,373.0,36.0,36.0,337.0
536,536,4,17,20,1,0,23,230.0,20.0,20.0,210.0
537,537,4,17,30,1,0,23,252.0,35.0,35.0,217.0
538,538,4,17,40,1,0,23,249.0,19.0,19.0,230.0
539,539,4,17,50,1,0,23,177.0,30.0,30.0,147.0
540,540,4,18,0,1,0,23,200.0,37.0,37.0,163.0
541,541,4,18,10,1,0,23,181.0,39.0,39.0,142.0
542,542,4,18,20,1,0,23,136.0,41.0,41.0,95.0
543,543,4,18,30,1,0,23,102.0,30.0,30.0,72.0
544,544,4,18,40,1,0,23,192.0,29.0,29.0,163.0
545,545,4,18,50,1,0,23,133.0,22.0,22.0,111.0
546,546,4,19,0,1,0,23,106.0,20.0,20.0,86.0
547,547,4,19,10,1,0,23,143.0,24.0,24.0,119.0
548,548,4,19,20,1,0,23,97.0,17.0,17.0,80.0
549,549,4,19,30,1,0,23,100.0,11.0,11.0,89.0
550,550,4,19,40,1,0,23,86.0,15.0,15.0,71.0
551,551,4,19,50,1,0,23,63.0,23.0,23.0,40.0
552,552,4,20,0,1,0,23,86.0,12.0,12.0,74.0
553,553,4,20,10,1,0,23,42.0,7.0,7.0,35.0
554,554,4,20,20,1,0,23,63.0,17.0,17.0,46.0
555,555,4,20,30,1,0,23,40.0,14.0,14.0,26.0
556,556,4,20,40,1,0,23,43.0,21.0,21.0,22.0
557,557,4,20,50,1,0,23,27.0,13.0,13.0,14.0
558,558,4,21,0,1,0,23,27.0,9.0,9.0,18.0
559,559,4,21,10,1,0,23,42.0,10.0,10.0,32.0
560,560,4,21,20,1,0,23,19.0,4.0,4.0,15.0
561,561,4,21,30,1,0,23,24.0,11.0,11.0,13.0
562,562,4,21,40,1,0,23,31.0,13.0,13.0,18.0
563,563,4,21,50,1,0,23,31.0,18.0,18.0,13.0
564,564,4,22,0,1,0,23,25.0,18.0,18.0,7.0
565,565,4,22,10,1,0,23,9.0,3.0,3.0,6.0
566,566,4,22,20,1,0,23,12.0,6.0,6.0,6.0
567,567,4,22,30,1,0,23,12.0,10.0,10.0,2.0
568,568,4,22,40,1,0,23,15.0,11.0,11.0,4.0
569,569,4,22,50,1,0,23,7.0,5.0,5.0,2.0
606,606,5,5,0,1,0,23,0.0,0.0,0.0,0.0
607,607,5,5,10,1,0,23,0.0,0.0,0.0,0.0
608,608,5,5,20,1,0,23,0.0,0.0,0.0,0.0
609,609,5,5,30,1,0,23,4.0,0.0,0.0,4.0
610,610,5,5,40,1,0,23,5.0,1.0,1.0,4.0
611,611,5,5,50,1,0,23,23.0,4.0,4.0,19.0
612,612,5,6,0,1,0,23,29.0,1.0,1.0,28.0
613,613,5,6,10,1,0,23,36.0,12.0,12.0,24.0
614,614,5,6,20,1,0,23,58.0,24.0,24.0,34.0
615,615,5,6,30,1,0,23,72.0,33.0,33.0,39.0
616,616,5,6,40,1,0,23,102.0,51.0,51.0,51.0
617,617,5,6,50,1,0,23,115.0,61.0,61.0,54.0
618,618,5,7,0,1,0,23,208.0,124.0,124.0,84.0
619,619,5,7,10,1,0,23,246.0,146.0,146.0,100.0
620,620,5,7,20,1,0,23,236.0,143.0,143.0,93.0
621,621,5,7,30,1,0,23,292.0,169.0,169.0,123.0
622,622,5,7,40,1,0,23,357.0,215.0,215.0,142.0
623,623,5,7,50,1,0,23,400.0,211.0,211.0,189.0
624,624,5,8,0,1,0,23,530.0,320.0,320.0,210.0
625,625,5,8,10,1,0,23,570.0,353.0,353.0,217.0
626,626,5,8,20,1,0,23,631.0,415.0,415.0,216.0
627,627,5,8,30,1,0,23,613.0,387.0,387.0,226.0
628,628,5,8,40,1,0,23,777.0,569.0,569.0,208.0
629,629,5,8,50,1,0,23,598.0,430.0,430.0,168.0
630,630,5,9,0,1,0,23,501.0,348.0,348.0,153.0
631,631,5,9,10,1,0,23,470.0,332.0,332.0,138.0
632,632,5,9,20,1,0,23,365.0,235.0,235.0,130.0
633,633,5,9,30,1,0,23,360.0,260.0,260.0,100.0
634,634,5,9,40,1,0,23,280.0,176.0,176.0,104.0
635,635,5,9,50,1,0,23,263.0,183.0,183.0,80.0
636,636,5,10,0,1,0,23,247.0,133.0,133.0,114.0
637,637,5,10,10,1,0,23,216.0,99.0,99.0,117.0
638,638,5,10,20,1,0,23,181.0,104.0,104.0,77.0
639,639,5,10,30,1,0,23,171.0,72.0,72.0,99.0
640,640,5,10,40,1,0,23,175.0,92.0,92.0,83.0
641,641,5,10,50,1,0,23,171.0,88.0,88.0,83.0
642,642,5,11,0,1,0,23,145.0,61.0,61.0,84.0
643,643,5,11,10,1,0,23,147.0,70.0,70.0,77.0
644,644,5,11,20,1,0,23,124.0,43.0,43.0,81.0
645,645,5,11,30,1,0,23,141.0,75.0,75.0,66.0
646,646,5,11,40,1,0,23,142.0,61.0,61.0,81.0
647,647,5,11,50,1,0,23,138.0,73.0,73.0,65.0
648,648,5,12,0,1,0,23,155.0,61.0,61.0,94.0
649,649,5,12,10,1,0,23,177.0,78.0,78.0,99.0
650,650,5,12,20,1,0,23,155.0,77.0,77.0,78.0
651,651,5,12,30,1,0,23,184.0,105.0,105.0,79.0
652,652,5,12,40,1,0,23,163.0,76.0,76.0,87.0
653,653,5,12,50,1,0,23,163.0,77.0,77.0,86.0
654,654,5,13,0,1,0,23,157.0,65.0,65.0,92.0
655,655,5,13,10,1,0,23,172.0,87.0,87.0,85.0
656,656,5,13,20,1,0,23,145.0,53.0,53.0,92.0
657,657,5,13,30,1,0,23,145.0,58.0,58.0,87.0
658,658,5,13,40,1,0,23,180.0,106.0,106.0,74.0
659,659,5,13,50,1,0,23,138.0,67.0,67.0,71.0
660,660,5,14,0,1,0,23,177.0,70.0,70.0,107.0
661,661,5,14,10,1,0,23,175.0,78.0,78.0,97.0
662,662,5,14,20,1,0,23,165.0,74.0,74.0,91.0
663,663,5,14,30,1,0,23,193.0,96.0,96.0,97.0
664,664,5,14,40,1,0,23,195.0,108.0,108.0,87.0
665,665,5,14,50,1,0,23,145.0,70.0,70.0,75.0
666,666,5,15,0,1,0,23,176.0,74.0,74.0,102.0
667,667,5,15,10,1,0,23,201.0,93.0,93.0,108.0
668,668,5,15,20,1,0,23,179.0,62.0,62.0,117.0
669,669,5,15,30,1,0,23,196.0,74.0,74.0,122.0
670,670,5,15,40,1,0,23,190.0,101.0,101.0,89.0
671,671,5,15,50,1,0,23,201.0,89.0,89.0,112.0
672,672,5,16,0,1,0,23,221.0,107.0,107.0,114.0
673,673,5,16,10,1,0,23,201.0,86.0,86.0,115.0
674,674,5,16,20,1,0,23,213.0,76.0,76.0,137.0
675,675,5,16,30,1,0,23,207.0,101.0,101.0,106.0
676,676,5,16,40,1,0,23,226.0,95.0,95.0,131.0
677,677,5,16,50,1,0,23,242.0,102.0,102.0,140.0
678,678,5,17,0,1,0,23,278.0,105.0,105.0,173.0
679,679,5,17,10,1,0,23,351.0,112.0,112.0,239.0
680,680,5,17,20,1,0,23,357.0,134.0,134.0,223.0
681,681,5,17,30,1,0,23,443.0,163.0,163.0,280.0
682,682,5,17,40,1,0,23,484.0,130.0,130.0,354.0
683,683,5,17,50,1,0,23,414.0,148.0,148.0,266.0
684,684,5,18,0,1,0,23,469.0,169.0,169.0,300.0
685,685,5,18,10,1,0,23,624.0,192.0,192.0,432.0
686,686,5,18,20,1,0,23,458.0,207.0,207.0,251.0
687,687,5,18,30,1,0,23,409.0,171.0,171.0,238.0
688,688,5,18,40,1,0,23,363.0,164.0,164.0,199.0
689,689,5,18,50,1,0,23,284.0,123.0,123.0,161.0
690,690,5,19,0,1,0,23,262.0,135.0,135.0,127.0
691,691,5,19,10,1,0,23,212.0,120.0,120.0,92.0
692,692,5,19,20,1,0,23,217.0,101.0,101.0,116.0
693,693,5,19,30,1,0,23,160.0,83.0,83.0,77.0
694,694,5,19,40,1,0,23,170.0,78.0,78.0,92.0
695,695,5,19,50,1,0,23,174.0,84.0,84.0,90.0
696,696,5,20,0,1,0,23,164.0,69.0,69.0,95.0
697,697,5,20,10,1,0,23,149.0,50.0,50.0,99.0
698,698,5,20,20,1,0,23,133.0,64.0,64.0,69.0
699,699,5,20,30,1,0,23,143.0,68.0,68.0,75.0
700,700,5,20,40,1,0,23,157.0,63.0,63.0,94.0
701,701,5,20,50,1,0,23,95.0,49.0,49.0,46.0
702,702,5,21,0,1,0,23,107.0,38.0,38.0,69.0
703,703,5,21,10,1,0,23,121.0,54.0,54.0,67.0
704,704,5,21,20,1,0,23,76.0,35.0,35.0,41.0
705,705,5,21,30,1,0,23,121.0,54.0,54.0,67.0
706,706,5,21,40,1,0,23,117.0,65.0,65.0,52.0
707,707,5,21,50,1,0,23,86.0,42.0,42.0,44.0
708,708,5,22,0,1,0,23,107.0,54.0,54.0,53.0
709,709,5,22,10,1,0,23,45.0,23.0,23.0,22.0
710,710,5,22,20,1,0,23,49.0,37.0,37.0,12.0
711,711,5,22,30,1,0,23,22.0,16.0,16.0,6.0
712,712,5,22,40,1,0,23,12.0,8.0,8.0,4.0
713,713,5,22,50,1,0,23,0.0,0.0,0.0,0.0
750,750,6,5,0,1,0,23,0.0,0.0,0.0,0.0
751,751,6,5,10,1,0,23,1.0,0.0,0.0,1.0
752,752,6,5,20,1,0,23,9.0,0.0,0.0,9.0
753,753,6,5,30,1,0,23,13.0,0.0,0.0,13.0
754,754,6,5,40,1,0,23,15.0,0.0,0.0,15.0
755,755,6,5,50,1,0,23,18.0,0.0,0.0,18.0
756,756,6,6,0,1,0,23,26.0,0.0,0.0,26.0
757,757,6,6,10,1,0,23,42.0,4.0,4.0,38.0
758,758,6,6,20,1,0,23,59.0,9.0,9.0,50.0
759,759,6,6,30,1,0,23,77.0,6.0,6.0,71.0
760,760,6,6,40,1,0,23,117.0,26.0,26.0,91.0
761,761,6,6,50,1,0,23,163.0,38.0,38.0,125.0
762,762,6,7,0,1,0,23,202.0,38.0,38.0,164.0
763,763,6,7,10,1,0,23,268.0,48.0,48.0,220.0
764,764,6,7,20,1,0,23,317.0,60.0,60.0,257.0
765,765,6,7,30,1,0,23,393.0,84.0,84.0,309.0
766,766,6,7,40,1,0,23,430.0,88.0,88.0,342.0
767,767,6,7,50,1,0,23,552.0,125.0,125.0,427.0
768,768,6,8,0,1,0,23,605.0,103.0,103.0,502.0
769,769,6,8,10,1,0,23,741.0,255.0,255.0,486.0
770,770,6,8,20,1,0,23,676.0,216.0,216.0,460.0
771,771,6,8,30,1,0,23,594.0,277.0,277.0,317.0
772,772,6,8,40,1,0,23,718.0,425.0,425.0,293.0
773,773,6,8,50,1,0,23,688.0,442.0,442.0,246.0
774,774,6,9,0,1,0,23,584.0,341.0,341.0,243.0
775,775,6,9,10,1,0,23,520.0,323.0,323.0,197.0
776,776,6,9,20,1,0,23,453.0,313.0,313.0,140.0
777,777,6,9,30,1,0,23,414.0,284.0,284.0,130.0
778,778,6,9,40,1,0,23,357.0,246.0,246.0,111.0
779,779,6,9,50,1,0,23,321.0,210.0,210.0,111.0
780,780,6,10,0,1,0,23,270.0,174.0,174.0,96.0
781,781,6,10,10,1,0,23,257.0,170.0,170.0,87.0
782,782,6,10,20,1,0,23,232.0,132.0,132.0,100.0
783,783,6,10,30,1,0,23,208.0,112.0,112.0,96.0
784,784,6,10,40,1,0,23,228.0,136.0,136.0,92.0
785,785,6,10,50,1,0,23,199.0,112.0,112.0,87.0
786,786,6,11,0,1,0,23,162.0,95.0,95.0,67.0
787,787,6,11,10,1,0,23,198.0,104.0,104.0,94.0
788,788,6,11,20,1,0,23,195.0,116.0,116.0,79.0
789,789,6,11,30,1,0,23,164.0,95.0,95.0,69.0
790,790,6,11,40,1,0,23,209.0,108.0,108.0,101.0
791,791,6,11,50,1,0,23,230.0,115.0,115.0,115.0
792,792,6,12,0,1,0,23,231.0,125.0,125.0,106.0
793,793,6,12,10,1,0,23,237.0,125.0,125.0,112.0
794,794,6,12,20,1,0,23,249.0,132.0,132.0,117.0
795,795,6,12,30,1,0,23,270.0,145.0,145.0,125.0
796,796,6,12,40,1,0,23,239.0,114.0,114.0,125.0
797,797,6,12,50,1,0,23,243.0,109.0,109.0,134.0
798,798,6,13,0,1,0,23,236.0,109.0,109.0,127.0
799,799,6,13,10,1,0,23,251.0,132.0,132.0,119.0
800,800,6,13,20,1,0,23,261.0,117.0,117.0,144.0
801,801,6,13,30,1,0,23,224.0,98.0,98.0,126.0
802,802,6,13,40,1,0,23,246.0,125.0,125.0,121.0
803,803,6,13,50,1,0,23,255.0,131.0,131.0,124.0
804,804,6,14,0,1,0,23,220.0,107.0,107.0,113.0
805,805,6,14,10,1,0,23,193.0,88.0,88.0,105.0
806,806,6,14,20,1,0,23,215.0,115.0,115.0,100.0
807,807,6,14,30,1,0,23,235.0,108.0,108.0,127.0
808,808,6,14,40,1,0,23,200.0,84.0,84.0,116.0
809,809,6,14,50,1,0,23,197.0,98.0,98.0,99.0
810,810,6,15,0,1,0,23,221.0,102.0,102.0,119.0
811,811,6,15,10,1,0,23,268.0,134.0,134.0,134.0
812,812,6,15,20,1,0,23,242.0,123.0,123.0,119.0
813,813,6,15,30,1,0,23,277.0,111.0,111.0,166.0
814,814,6,15,40,1,0,23,284.0,165.0,165.0,119.0
815,815,6,15,50,1,0,23,273.0,160.0,160.0,113.0
816,816,6,16,0,1,0,23,267.0,141.0,141.0,126.0
817,817,6,16,10,1,0,23,285.0,147.0,147.0,138.0
818,818,6,16,20,1,0,23,273.0,158.0,158.0,115.0
819,819,6,16,30,1,0,23,304.0,153.0,153.0,151.0
820,820,6,16,40,1,0,23,366.0,183.0,183.0,183.0
821,821,6,16,50,1,0,23,322.0,177.0,177.0,145.0
822,822,6,17,0,1,0,23,408.0,203.0,203.0,205.0
823,823,6,17,10,1,0,23,490.0,228.0,228.0,262.0
824,824,6,17,20,1,0,23,469.0,245.0,245.0,224.0
825,825,6,17,30,1,0,23,587.0,320.0,320.0,267.0
826,826,6,17,40,1,0,23,669.0,337.0,337.0,332.0
827,827,6,17,50,1,0,23,707.0,387.0,387.0,320.0
828,828,6,18,0,1,0,23,693.0,409.0,409.0,284.0
829,829,6,18,10,1,0,23,910.0,491.0,491.0,419.0
830,830,6,18,20,1,0,23,875.0,472.0,472.0,403.0
831,831,6,18,30,1,0,23,785.0,484.0,484.0,301.0
832,832,6,18,40,1,0,23,757.0,519.0,519.0,238.0
833,833,6,18,50,1,0,23,630.0,415.0,415.0,215.0
834,834,6,19,0,1,0,23,613.0,432.0,432.0,181.0
835,835,6,19,10,1,0,23,527.0,323.0,323.0,204.0
836,836,6,19,20,1,0,23,462.0,289.0,289.0,173.0
837,837,6,19,30,1,0,23,397.0,253.0,253.0,144.0
838,838,6,19,40,1,0,23,304.0,178.0,178.0,126.0
839,839,6,19,50,1,0,23,352.0,184.0,184.0,168.0
840,840,6,20,0,1,0,23,304.0,150.0,150.0,154.0
841,841,6,20,10,1,0,23,329.0,145.0,145.0,184.0
842,842,6,20,20,1,0,23,322.0,161.0,161.0,161.0
843,843,6,20,30,1,0,23,251.0,88.0,88.0,163.0
844,844,6,20,40,1,0,23,309.0,151.0,151.0,158.0
845,845,6,20,50,1,0,23,213.0,77.0,77.0,136.0
846,846,6,21,0,1,0,23,316.0,137.0,137.0,179.0
847,847,6,21,10,1,0,23,242.0,72.0,72.0,170.0
848,848,6,21,20,1,0,23,256.0,120.0,120.0,136.0
849,849,6,21,30,1,0,23,279.0,116.0,116.0,163.0
850,850,6,21,40,1,0,23,232.0,104.0,104.0,128.0
851,851,6,21,50,1,0,23,283.0,141.0,141.0,142.0
852,852,6,22,0,1,0,23,137.0,69.0,69.0,68.0
853,853,6,22,10,1,0,23,111.0,102.0,102.0,9.0
854,854,6,22,20,1,0,23,51.0,48.0,48.0,3.0
855,855,6,22,30,1,0,23,119.0,119.0,119.0,0.0
856,856,6,22,40,1,0,23,62.0,61.0,61.0,1.0
857,857,6,22,50,1,0,23,50.0,49.0,49.0,1.0
894,894,7,5,0,1,0,23,0.0,0.0,0.0,0.0
895,895,7,5,10,1,0,23,0.0,0.0,0.0,0.0
896,896,7,5,20,1,0,23,0.0,0.0,0.0,0.0
897,897,7,5,30,1,0,23,4.0,2.0,2.0,2.0
898,898,7,5,40,1,0,23,13.0,3.0,3.0,10.0
899,899,7,5,50,1,0,23,20.0,3.0,3.0,17.0
900,900,7,6,0,1,0,23,34.0,14.0,14.0,20.0
901,901,7,6,10,1,0,23,47.0,18.0,18.0,29.0
902,902,7,6,20,1,0,23,80.0,32.0,32.0,48.0
903,903,7,6,30,1,0,23,115.0,44.0,44.0,71.0
904,904,7,6,40,1,0,23,184.0,102.0,102.0,82.0
905,905,7,6,50,1,0,23,219.0,127.0,127.0,92.0
906,906,7,7,0,1,0,23,403.0,263.0,263.0,140.0
907,907,7,7,10,1,0,23,480.0,330.0,330.0,150.0
908,908,7,7,20,1,0,23,428.0,233.0,233.0,195.0
909,909,7,7,30,1,0,23,565.0,317.0,317.0,248.0
910,910,7,7,40,1,0,23,577.0,300.0,300.0,277.0
911,911,7,7,50,1,0,23,599.0,294.0,294.0,305.0
912,912,7,8,0,1,0,23,713.0,366.0,366.0,347.0
913,913,7,8,10,1,0,23,895.0,520.0,520.0,375.0
914,914,7,8,20,1,0,23,920.0,559.0,559.0,361.0
915,915,7,8,30,1,0,23,1045.0,703.0,703.0,342.0
916,916,7,8,40,1,0,23,1128.0,813.0,813.0,315.0
917,917,7,8,50,1,0,23,1045.0,774.0,774.0,271.0
918,918,7,9,0,1,0,23,857.0,624.0,624.0,233.0
919,919,7,9,10,1,0,23,680.0,466.0,466.0,214.0
920,920,7,9,20,1,0,23,619.0,427.0,427.0,192.0
921,921,7,9,30,1,0,23,537.0,352.0,352.0,185.0
922,922,7,9,40,1,0,23,535.0,371.0,371.0,164.0
923,923,7,9,50,1,0,23,371.0,232.0,232.0,139.0
924,924,7,10,0,1,0,23,352.0,218.0,218.0,134.0
925,925,7,10,10,1,0,23,304.0,176.0,176.0,128.0
926,926,7,10,20,1,0,23,269.0,176.0,176.0,93.0
927,927,7,10,30,1,0,23,256.0,137.0,137.0,119.0
928,928,7,10,40,1,0,23,209.0,108.0,108.0,101.0
929,929,7,10,50,1,0,23,221.0,118.0,118.0,103.0
930,930,7,11,0,1,0,23,274.0,147.0,147.0,127.0
931,931,7,11,10,1,0,23,251.0,98.0,98.0,153.0
932,932,7,11,20,1,0,23,221.0,117.0,117.0,104.0
933,933,7,11,30,1,0,23,236.0,116.0,116.0,120.0
934,934,7,11,40,1,0,23,233.0,123.0,123.0,110.0
935,935,7,11,50,1,0,23,231.0,93.0,93.0,138.0
936,936,7,12,0,1,0,23,213.0,79.0,79.0,134.0
937,937,7,12,10,1,0,23,245.0,106.0,106.0,139.0
938,938,7,12,20,1,0,23,223.0,110.0,110.0,113.0
939,939,7,12,30,1,0,23,250.0,121.0,121.0,129.0
940,940,7,12,40,1,0,23,238.0,126.0,126.0,112.0
941,941,7,12,50,1,0,23,270.0,150.0,150.0,120.0
942,942,7,13,0,1,0,23,277.0,151.0,151.0,126.0
943,943,7,13,10,1,0,23,258.0,148.0,148.0,110.0
944,944,7,13,20,1,0,23,332.0,189.0,189.0,143.0
945,945,7,13,30,1,0,23,265.0,144.0,144.0,121.0
946,946,7,13,40,1,0,23,248.0,124.0,124.0,124.0
947,947,7,13,50,1,0,23,239.0,128.0,128.0,111.0
948,948,7,14,0,1,0,23,249.0,118.0,118.0,131.0
949,949,7,14,10,1,0,23,217.0,108.0,108.0,109.0
950,950,7,14,20,1,0,23,222.0,103.0,103.0,119.0
951,951,7,14,30,1,0,23,266.0,110.0,110.0,156.0
952,952,7,14,40,1,0,23,216.0,95.0,95.0,121.0
953,953,7,14,50,1,0,23,237.0,113.0,113.0,124.0
954,954,7,15,0,1,0,23,269.0,122.0,122.0,147.0
955,955,7,15,10,1,0,23,262.0,115.0,115.0,147.0
956,956,7,15,20,1,0,23,270.0,114.0,114.0,156.0
957,957,7,15,30,1,0,23,282.0,113.0,113.0,169.0
958,958,7,15,40,1,0,23,312.0,126.0,126.0,186.0
959,959,7,15,50,1,0,23,314.0,131.0,131.0,183.0
960,960,7,16,0,1,0,23,347.0,152.0,152.0,195.0
961,961,7,16,10,1,0,23,379.0,133.0,133.0,246.0
962,962,7,16,20,1,0,23,387.0,167.0,167.0,220.0
963,963,7,16,30,1,0,23,369.0,138.0,138.0,231.0
964,964,7,16,40,1,0,23,455.0,173.0,173.0,282.0
965,965,7,16,50,1,0,23,447.0,149.0,149.0,298.0
966,966,7,17,0,1,0,23,603.0,158.0,158.0,445.0
967,967,7,17,10,1,0,23,797.0,180.0,180.0,617.0
968,968,7,17,20,1,0,23,708.0,230.0,230.0,478.0
969,969,7,17,30,1,0,23,790.0,256.0,256.0,534.0
970,970,7,17,40,1,0,23,878.0,255.0,255.0,623.0
971,971,7,17,50,1,0,23,770.0,277.0,277.0,493.0
972,972,7,18,0,1,0,23,871.0,357.0,357.0,514.0
973,973,7,18,10,1,0,23,946.0,303.0,303.0,643.0
974,974,7,18,20,1,0,23,1005.0,330.0,330.0,675.0
975,975,7,18,30,1,0,23,668.0,288.0,288.0,380.0
976,976,7,18,40,1,0,23,628.0,287.0,287.0,341.0
977,977,7,18,50,1,0,23,528.0,229.0,229.0,299.0
978,978,7,19,0,1,0,23,460.0,226.0,226.0,234.0
979,979,7,19,10,1,0,23,412.0,189.0,189.0,223.0
980,980,7,19,20,1,0,23,400.0,198.0,198.0,202.0
981,981,7,19,30,1,0,23,312.0,131.0,131.0,181.0
982,982,7,19,40,1,0,23,261.0,123.0,123.0,138.0
983,983,7,19,50,1,0,23,259.0,126.0,126.0,133.0
984,984,7,20,0,1,0,23,255.0,93.0,93.0,162.0
985,985,7,20,10,1,0,23,227.0,99.0,99.0,128.0
986,986,7,20,20,1,0,23,285.0,104.0,104.0,181.0
987,987,7,20,30,1,0,23,220.0,82.0,82.0,138.0
988,988,7,20,40,1,0,23,250.0,105.0,105.0,145.0
989,989,7,20,50,1,0,23,187.0,79.0,79.0,108.0
990,990,7,21,0,1,0,23,225.0,112.0,112.0,113.0
991,991,7,21,10,1,0,23,225.0,98.0,98.0,127.0
992,992,7,21,20,1,0,23,203.0,77.0,77.0,126.0
993,993,7,21,30,1,0,23,198.0,97.0,97.0,101.0
994,994,7,21,40,1,0,23,253.0,113.0,113.0,140.0
995,995,7,21,50,1,0,23,195.0,99.0,99.0,96.0
996,996,7,22,0,1,0,23,192.0,87.0,87.0,105.0
997,997,7,22,10,1,0,23,135.0,57.0,57.0,78.0
998,998,7,22,20,1,0,23,145.0,83.0,83.0,62.0
999,999,7,22,30,1,0,23,88.0,66.0,66.0,22.0
1000,1000,7,22,40,1,0,23,33.0,24.0,24.0,9.0
1001,1001,7,22,50,1,0,23,5.0,5.0,5.0,0.0
1038,1038,8,5,0,1,0,23,0.0,0.0,0.0,0.0
1039,1039,8,5,10,1,0,23,1.0,0.0,0.0,1.0
1040,1040,8,5,20,1,0,23,11.0,0.0,0.0,11.0
1041,1041,8,5,30,1,0,23,7.0,0.0,0.0,7.0
1042,1042,8,5,40,1,0,23,15.0,0.0,0.0,15.0
1043,1043,8,5,50,1,0,23,20.0,0.0,0.0,20.0
1044,1044,8,6,0,1,0,23,35.0,0.0,0.0,35.0
1045,1045,8,6,10,1,0,23,34.0,0.0,0.0,34.0
1046,1046,8,6,20,1,0,23,53.0,4.0,4.0,49.0
1047,1047,8,6,30,1,0,23,98.0,14.0,14.0,84.0
1048,1048,8,6,40,1,0,23,122.0,18.0,18.0,104.0
1049,1049,8,6,50,1,0,23,133.0,15.0,15.0,118.0
1050,1050,8,7,0,1,0,23,207.0,43.0,43.0,164.0
1051,1051,8,7,10,1,0,23,184.0,37.0,37.0,147.0
1052,1052,8,7,20,1,0,23,236.0,27.0,27.0,209.0
1053,1053,8,7,30,1,0,23,319.0,30.0,30.0,289.0
1054,1054,8,7,40,1,0,23,400.0,84.0,84.0,316.0
1055,1055,8,7,50,1,0,23,488.0,96.0,96.0,392.0
1056,1056,8,8,0,1,0,23,593.0,159.0,159.0,434.0
1057,1057,8,8,10,1,0,23,661.0,227.0,227.0,434.0
1058,1058,8,8,20,1,0,23,612.0,224.0,224.0,388.0
1059,1059,8,8,30,1,0,23,540.0,208.0,208.0,332.0
1060,1060,8,8,40,1,0,23,726.0,459.0,459.0,267.0
1061,1061,8,8,50,1,0,23,272.0,81.0,81.0,191.0
1062,1062,8,9,0,1,0,23,469.0,285.0,285.0,184.0
1063,1063,8,9,10,1,0,23,179.0,14.0,14.0,165.0
1064,1064,8,9,20,1,0,23,278.0,146.0,146.0,132.0
1065,1065,8,9,30,1,0,23,211.0,92.0,92.0,119.0
1066,1066,8,9,40,1,0,23,204.0,93.0,93.0,111.0
1067,1067,8,9,50,1,0,23,197.0,84.0,84.0,113.0
1068,1068,8,10,0,1,0,23,175.0,87.0,87.0,88.0
1069,1069,8,10,10,1,0,23,169.0,80.0,80.0,89.0
1070,1070,8,10,20,1,0,23,170.0,95.0,95.0,75.0
1071,1071,8,10,30,1,0,23,127.0,52.0,52.0,75.0
1072,1072,8,10,40,1,0,23,123.0,61.0,61.0,62.0
1073,1073,8,10,50,1,0,23,115.0,56.0,56.0,59.0
1074,1074,8,11,0,1,0,23,114.0,55.0,55.0,59.0
1075,1075,8,11,10,1,0,23,138.0,56.0,56.0,82.0
1076,1076,8,11,20,1,0,23,130.0,62.0,62.0,68.0
1077,1077,8,11,30,1,0,23,123.0,66.0,66.0,57.0
1078,1078,8,11,40,1,0,23,130.0,58.0,58.0,72.0
1079,1079,8,11,50,1,0,23,127.0,55.0,55.0,72.0
1080,1080,8,12,0,1,0,23,147.0,71.0,71.0,76.0
1081,1081,8,12,10,1,0,23,115.0,51.0,51.0,64.0
1082,1082,8,12,20,1,0,23,120.0,49.0,49.0,71.0
1083,1083,8,12,30,1,0,23,142.0,74.0,74.0,68.0
1084,1084,8,12,40,1,0,23,133.0,57.0,57.0,76.0
1085,1085,8,12,50,1,0,23,138.0,67.0,67.0,71.0
1086,1086,8,13,0,1,0,23,146.0,69.0,69.0,77.0
1087,1087,8,13,10,1,0,23,138.0,54.0,54.0,84.0
1088,1088,8,13,20,1,0,23,121.0,62.0,62.0,59.0
1089,1089,8,13,30,1,0,23,149.0,62.0,62.0,87.0
1090,1090,8,13,40,1,0,23,135.0,65.0,65.0,70.0
1091,1091,8,13,50,1,0,23,149.0,78.0,78.0,71.0
1092,1092,8,14,0,1,0,23,118.0,59.0,59.0,59.0
1093,1093,8,14,10,1,0,23,144.0,72.0,72.0,72.0
1094,1094,8,14,20,1,0,23,131.0,77.0,77.0,54.0
1095,1095,8,14,30,1,0,23,146.0,87.0,87.0,59.0
1096,1096,8,14,40,1,0,23,119.0,67.0,67.0,52.0
1097,1097,8,14,50,1,0,23,144.0,70.0,70.0,74.0
1098,1098,8,15,0,1,0,23,135.0,80.0,80.0,55.0
1099,1099,8,15,10,1,0,23,167.0,92.0,92.0,75.0
1100,1100,8,15,20,1,0,23,163.0,94.0,94.0,69.0
1101,1101,8,15,30,1,0,23,169.0,99.0,99.0,70.0
1102,1102,8,15,40,1,0,23,161.0,104.0,104.0,57.0
1103,1103,8,15,50,1,0,23,181.0,114.0,114.0,67.0
1104,1104,8,16,0,1,0,23,180.0,125.0,125.0,55.0
1105,1105,8,16,10,1,0,23,170.0,110.0,110.0,60.0
1106,1106,8,16,20,1,0,23,215.0,124.0,124.0,91.0
1107,1107,8,16,30,1,0,23,239.0,128.0,128.0,111.0
1108,1108,8,16,40,1,0,23,227.0,125.0,125.0,102.0
1109,1109,8,16,50,1,0,23,215.0,128.0,128.0,87.0
1110,1110,8,17,0,1,0,23,269.0,140.0,140.0,129.0
1111,1111,8,17,10,1,0,23,396.0,182.0,182.0,214.0
1112,1112,8,17,20,1,0,23,308.0,181.0,181.0,127.0
1113,1113,8,17,30,1,0,23,377.0,223.0,223.0,154.0
1114,1114,8,17,40,1,0,23,448.0,213.0,213.0,235.0
1115,1115,8,17,50,1,0,23,659.0,457.0,457.0,202.0
1116,1116,8,18,0,1,0,23,528.0,315.0,315.0,213.0
1117,1117,8,18,10,1,0,23,590.0,321.0,321.0,269.0
1118,1118,8,18,20,1,0,23,522.0,320.0,320.0,202.0
1119,1119,8,18,30,1,0,23,425.0,312.0,312.0,113.0
1120,1120,8,18,40,1,0,23,446.0,310.0,310.0,136.0
1121,1121,8,18,50,1,0,23,455.0,310.0,310.0,145.0
1122,1122,8,19,0,1,0,23,391.0,268.0,268.0,123.0
1123,1123,8,19,10,1,0,23,300.0,215.0,215.0,85.0
1124,1124,8,19,20,1,0,23,251.0,167.0,167.0,84.0
1125,1125,8,19,30,1,0,23,250.0,175.0,175.0,75.0
1126,1126,8,19,40,1,0,23,191.0,126.0,126.0,65.0
1127,1127,8,19,50,1,0,23,185.0,117.0,117.0,68.0
1128,1128,8,20,0,1,0,23,159.0,85.0,85.0,74.0
1129,1129,8,20,10,1,0,23,164.0,82.0,82.0,82.0
1130,1130,8,20,20,1,0,23,122.0,73.0,73.0,49.0
1131,1131,8,20,30,1,0,23,179.0,107.0,107.0,72.0
1132,1132,8,20,40,1,0,23,161.0,80.0,80.0,81.0
1133,1133,8,20,50,1,0,23,150.0,88.0,88.0,62.0
1134,1134,8,21,0,1,0,23,91.0,11.0,11.0,80.0
1135,1135,8,21,10,1,0,23,146.0,73.0,73.0,73.0
1136,1136,8,21,20,1,0,23,176.0,105.0,105.0,71.0
1137,1137,8,21,30,1,0,23,150.0,98.0,98.0,52.0
1138,1138,8,21,40,1,0,23,51.0,2.0,2.0,49.0
1139,1139,8,21,50,1,0,23,200.0,152.0,152.0,48.0
1140,1140,8,22,0,1,0,23,83.0,71.0,71.0,12.0
1141,1141,8,22,10,1,0,23,105.0,100.0,100.0,5.0
1142,1142,8,22,20,1,0,23,94.0,92.0,92.0,2.0
1143,1143,8,22,30,1,0,23,1.0,1.0,1.0,0.0
1144,1144,8,22,40,1,0,23,73.0,73.0,73.0,0.0
1145,1145,8,22,50,1,0,23,52.0,50.0,50.0,2.0
1182,1182,9,5,0,1,0,23,0.0,0.0,0.0,0.0
1183,1183,9,5,10,1,0,23,0.0,0.0,0.0,0.0
1184,1184,9,5,20,1,0,23,3.0,0.0,0.0,3.0
1185,1185,9,5,30,1,0,23,6.0,1.0,1.0,5.0
1186,1186,9,5,40,1,0,23,10.0,0.0,0.0,10.0
1187,1187,9,5,50,1,0,23,15.0,1.0,1.0,14.0
1188,1188,9,6,0,1,0,23,17.0,1.0,1.0,16.0
1189,1189,9,6,10,1,0,23,34.0,3.0,3.0,31.0
1190,1190,9,6,20,1,0,23,37.0,7.0,7.0,30.0
1191,1191,9,6,30,1,0,23,58.0,19.0,19.0,39.0
1192,1192,9,6,40,1,0,23,94.0,18.0,18.0,76.0
1193,1193,9,6,50,1,0,23,126.0,40.0,40.0,86.0
1194,1194,9,7,0,1,0,23,127.0,32.0,32.0,95.0
1195,1195,9,7,10,1,0,23,139.0,45.0,45.0,94.0
1196,1196,9,7,20,1,0,23,208.0,83.0,83.0,125.0
1197,1197,9,7,30,1,0,23,249.0,97.0,97.0,152.0
1198,1198,9,7,40,1,0,23,296.0,116.0,116.0,180.0
1199,1199,9,7,50,1,0,23,301.0,102.0,102.0,199.0
1200,1200,9,8,0,1,0,23,400.0,168.0,168.0,232.0
1201,1201,9,8,10,1,0,23,416.0,193.0,193.0,223.0
1202,1202,9,8,20,1,0,23,409.0,202.0,202.0,207.0
1203,1203,9,8,30,1,0,23,427.0,208.0,208.0,219.0
1204,1204,9,8,40,1,0,23,401.0,233.0,233.0,168.0
1205,1205,9,8,50,1,0,23,347.0,216.0,216.0,131.0
1206,1206,9,9,0,1,0,23,279.0,156.0,156.0,123.0
1207,1207,9,9,10,1,0,23,224.0,111.0,111.0,113.0
1208,1208,9,9,20,1,0,23,194.0,101.0,101.0,93.0
1209,1209,9,9,30,1,0,23,146.0,66.0,66.0,80.0
1210,1210,9,9,40,1,0,23,130.0,64.0,64.0,66.0
1211,1211,9,9,50,1,0,23,118.0,54.0,54.0,64.0
1212,1212,9,10,0,1,0,23,104.0,46.0,46.0,58.0
1213,1213,9,10,10,1,0,23,92.0,44.0,44.0,48.0
1214,1214,9,10,20,1,0,23,98.0,40.0,40.0,58.0
1215,1215,9,10,30,1,0,23,81.0,34.0,34.0,47.0
1216,1216,9,10,40,1,0,23,76.0,33.0,33.0,43.0
1217,1217,9,10,50,1,0,23,82.0,40.0,40.0,42.0
1218,1218,9,11,0,1,0,23,71.0,29.0,29.0,42.0
1219,1219,9,11,10,1,0,23,66.0,28.0,28.0,38.0
1220,1220,9,11,20,1,0,23,75.0,31.0,31.0,44.0
1221,1221,9,11,30,1,0,23,85.0,47.0,47.0,38.0
1222,1222,9,11,40,1,0,23,52.0,25.0,25.0,27.0
1223,1223,9,11,50,1,0,23,83.0,38.0,38.0,45.0
1224,1224,9,12,0,1,0,23,95.0,53.0,53.0,42.0
1225,1225,9,12,10,1,0,23,100.0,66.0,66.0,34.0
1226,1226,9,12,20,1,0,23,105.0,65.0,65.0,40.0
1227,1227,9,12,30,1,0,23,94.0,53.0,53.0,41.0
1228,1228,9,12,40,1,0,23,125.0,75.0,75.0,50.0
1229,1229,9,12,50,1,0,23,105.0,65.0,65.0,40.0
1230,1230,9,13,0,1,0,23,126.0,70.0,70.0,56.0
1231,1231,9,13,10,1,0,23,93.0,51.0,51.0,42.0
1232,1232,9,13,20,1,0,23,109.0,62.0,62.0,47.0
1233,1233,9,13,30,1,0,23,125.0,69.0,69.0,56.0
1234,1234,9,13,40,1,0,23,93.0,49.0,49.0,44.0
1235,1235,9,13,50,1,0,23,97.0,45.0,45.0,52.0
1236,1236,9,14,0,1,0,23,90.0,52.0,52.0,38.0
1237,1237,9,14,10,1,0,23,90.0,47.0,47.0,43.0
1238,1238,9,14,20,1,0,23,95.0,60.0,60.0,35.0
1239,1239,9,14,30,1,0,23,96.0,41.0,41.0,55.0
1240,1240,9,14,40,1,0,23,118.0,56.0,56.0,62.0
1241,1241,9,14,50,1,0,23,109.0,40.0,40.0,69.0
1242,1242,9,15,0,1,0,23,118.0,67.0,67.0,51.0
1243,1243,9,15,10,1,0,23,100.0,43.0,43.0,57.0
1244,1244,9,15,20,1,0,23,116.0,49.0,49.0,67.0
1245,1245,9,15,30,1,0,23,130.0,48.0,48.0,82.0
1246,1246,9,15,40,1,0,23,129.0,69.0,69.0,60.0
1247,1247,9,15,50,1,0,23,95.0,50.0,50.0,45.0
1248,1248,9,16,0,1,0,23,106.0,53.0,53.0,53.0
1249,1249,9,16,10,1,0,23,142.0,61.0,61.0,81.0
1250,1250,9,16,20,1,0,23,157.0,69.0,69.0,88.0
1251,1251,9,16,30,1,0,23,176.0,73.0,73.0,103.0
1252,1252,9,16,40,1,0,23,173.0,69.0,69.0,104.0
1253,1253,9,16,50,1,0,23,179.0,65.0,65.0,114.0
1254,1254,9,17,0,1,0,23,223.0,87.0,87.0,136.0
1255,1255,9,17,10,1,0,23,239.0,74.0,74.0,165.0
1256,1256,9,17,20,1,0,23,319.0,127.0,127.0,192.0
1257,1257,9,17,30,1,0,23,386.0,123.0,123.0,263.0
1258,1258,9,17,40,1,0,23,405.0,140.0,140.0,265.0
1259,1259,9,17,50,1,0,23,332.0,135.0,135.0,197.0
1260,1260,9,18,0,1,0,23,267.0,118.0,118.0,149.0
1261,1261,9,18,10,1,0,23,392.0,161.0,161.0,231.0
1262,1262,9,18,20,1,0,23,329.0,147.0,147.0,182.0
1263,1263,9,18,30,1,0,23,297.0,166.0,166.0,131.0
1264,1264,9,18,40,1,0,23,239.0,137.0,137.0,102.0
1265,1265,9,18,50,1,0,23,217.0,127.0,127.0,90.0
1266,1266,9,19,0,1,0,23,206.0,145.0,145.0,61.0
1267,1267,9,19,10,1,0,23,162.0,109.0,109.0,53.0
1268,1268,9,19,20,1,0,23,112.0,70.0,70.0,42.0
1269,1269,9,19,30,1,0,23,127.0,70.0,70.0,57.0
1270,1270,9,19,40,1,0,23,130.0,79.0,79.0,51.0
1271,1271,9,19,50,1,0,23,102.0,67.0,67.0,35.0
1272,1272,9,20,0,1,0,23,90.0,50.0,50.0,40.0
1273,1273,9,20,10,1,0,23,92.0,54.0,54.0,38.0
1274,1274,9,20,20,1,0,23,80.0,43.0,43.0,37.0
1275,1275,9,20,30,1,0,23,90.0,54.0,54.0,36.0
1276,1276,9,20,40,1,0,23,72.0,40.0,40.0,32.0
1277,1277,9,20,50,1,0,23,79.0,49.0,49.0,30.0
1278,1278,9,21,0,1,0,23,89.0,58.0,58.0,31.0
1279,1279,9,21,10,1,0,23,67.0,33.0,33.0,34.0
1280,1280,9,21,20,1,0,23,90.0,60.0,60.0,30.0
1281,1281,9,21,30,1,0,23,60.0,30.0,30.0,30.0
1282,1282,9,21,40,1,0,23,117.0,77.0,77.0,40.0
1283,1283,9,21,50,1,0,23,96.0,56.0,56.0,40.0
1284,1284,9,22,0,1,0,23,51.0,27.0,27.0,24.0
1285,1285,9,22,10,1,0,23,71.0,59.0,59.0,12.0
1286,1286,9,22,20,1,0,23,37.0,26.0,26.0,11.0
1287,1287,9,22,30,1,0,23,40.0,39.0,39.0,1.0
1288,1288,9,22,40,1,0,23,28.0,25.0,25.0,3.0
1289,1289,9,22,50,1,0,23,7.0,6.0,6.0,1.0
1326,1326,10,5,0,1,0,23,0.0,0.0,0.0,0.0
1327,1327,10,5,10,1,0,23,4.0,0.0,0.0,4.0
1328,1328,10,5,20,1,0,23,3.0,0.0,0.0,3.0
1329,1329,10,5,30,1,0,23,14.0,1.0,1.0,13.0
1330,1330,10,5,40,1,0,23,23.0,4.0,4.0,19.0
1331,1331,10,5,50,1,0,23,19.0,4.0,4.0,15.0
1332,1332,10,6,0,1,0,23,55.0,25.0,25.0,30.0
1333,1333,10,6,10,1,0,23,70.0,41.0,41.0,29.0
1334,1334,10,6,20,1,0,23,67.0,35.0,35.0,32.0
1335,1335,10,6,30,1,0,23,103.0,67.0,67.0,36.0
1336,1336,10,6,40,1,0,23,119.0,64.0,64.0,55.0
1337,1337,10,6,50,1,0,23,168.0,102.0,102.0,66.0
1338,1338,10,7,0,1,0,23,230.0,159.0,159.0,71.0
1339,1339,10,7,10,1,0,23,231.0,147.0,147.0,84.0
1340,1340,10,7,20,1,0,23,299.0,207.0,207.0,92.0
1341,1341,10,7,30,1,0,23,401.0,320.0,320.0,81.0
1342,1342,10,7,40,1,0,23,616.0,510.0,510.0,106.0
1343,1343,10,7,50,1,0,23,716.0,569.0,569.0,147.0
1344,1344,10,8,0,1,0,23,908.0,766.0,766.0,142.0
1345,1345,10,8,10,1,0,23,1318.0,1133.0,1133.0,185.0
1346,1346,10,8,20,1,0,23,1366.0,1200.0,1200.0,166.0
1347,1347,10,8,30,1,0,23,1456.0,1277.0,1277.0,179.0
1348,1348,10,8,40,1,0,23,1571.0,1450.0,1450.0,121.0
1349,1349,10,8,50,1,0,23,1426.0,1293.0,1293.0,133.0
1350,1350,10,9,0,1,0,23,1060.0,915.0,915.0,145.0
1351,1351,10,9,10,1,0,23,930.0,795.0,795.0,135.0
1352,1352,10,9,20,1,0,23,935.0,815.0,815.0,120.0
1353,1353,10,9,30,1,0,23,807.0,683.0,683.0,124.0
1354,1354,10,9,40,1,0,23,608.0,502.0,502.0,106.0
1355,1355,10,9,50,1,0,23,663.0,524.0,524.0,139.0
1356,1356,10,10,0,1,0,23,464.0,371.0,371.0,93.0
1357,1357,10,10,10,1,0,23,529.0,418.0,418.0,111.0
1358,1358,10,10,20,1,0,23,411.0,288.0,288.0,123.0
1359,1359,10,10,30,1,0,23,413.0,267.0,267.0,146.0
1360,1360,10,10,40,1,0,23,447.0,304.0,304.0,143.0
1361,1361,10,10,50,1,0,23,382.0,263.0,263.0,119.0
1362,1362,10,11,0,1,0,23,375.0,219.0,219.0,156.0
1363,1363,10,11,10,1,0,23,368.0,231.0,231.0,137.0
1364,1364,10,11,20,1,0,23,365.0,218.0,218.0,147.0
1365,1365,10,11,30,1,0,23,365.0,217.0,217.0,148.0
1366,1366,10,11,40,1,0,23,390.0,229.0,229.0,161.0
1367,1367,10,11,50,1,0,23,375.0,192.0,192.0,183.0
1368,1368,10,12,0,1,0,23,368.0,180.0,180.0,188.0
1369,1369,10,12,10,1,0,23,359.0,201.0,201.0,158.0
1370,1370,10,12,20,1,0,23,386.0,207.0,207.0,179.0
1371,1371,10,12,30,1,0,23,408.0,223.0,223.0,185.0
1372,1372,10,12,40,1,0,23,408.0,241.0,241.0,167.0
1373,1373,10,12,50,1,0,23,384.0,200.0,200.0,184.0
1374,1374,10,13,0,1,0,23,439.0,241.0,241.0,198.0
1375,1375,10,13,10,1,0,23,438.0,247.0,247.0,191.0
1376,1376,10,13,20,1,0,23,409.0,241.0,241.0,168.0
1377,1377,10,13,30,1,0,23,386.0,181.0,181.0,205.0
1378,1378,10,13,40,1,0,23,405.0,232.0,232.0,173.0
1379,1379,10,13,50,1,0,23,455.0,229.0,229.0,226.0
1380,1380,10,14,0,1,0,23,430.0,220.0,220.0,210.0
1381,1381,10,14,10,1,0,23,439.0,197.0,197.0,242.0
1382,1382,10,14,20,1,0,23,440.0,223.0,223.0,217.0
1383,1383,10,14,30,1,0,23,485.0,248.0,248.0,237.0
1384,1384,10,14,40,1,0,23,426.0,207.0,207.0,219.0
1385,1385,10,14,50,1,0,23,430.0,200.0,200.0,230.0
1386,1386,10,15,0,1,0,23,475.0,204.0,204.0,271.0
1387,1387,10,15,10,1,0,23,419.0,163.0,163.0,256.0
1388,1388,10,15,20,1,0,23,452.0,189.0,189.0,263.0
1389,1389,10,15,30,1,0,23,461.0,208.0,208.0,253.0
1390,1390,10,15,40,1,0,23,434.0,167.0,167.0,267.0
1391,1391,10,15,50,1,0,23,490.0,203.0,203.0,287.0
1392,1392,10,16,0,1,0,23,502.0,192.0,192.0,310.0
1393,1393,10,16,10,1,0,23,504.0,190.0,190.0,314.0
1394,1394,10,16,20,1,0,23,493.0,173.0,173.0,320.0
1395,1395,10,16,30,1,0,23,624.0,177.0,177.0,447.0
1396,1396,10,16,40,1,0,23,630.0,184.0,184.0,446.0
1397,1397,10,16,50,1,0,23,620.0,188.0,188.0,432.0
1398,1398,10,17,0,1,0,23,955.0,205.0,205.0,750.0
1399,1399,10,17,10,1,0,23,1109.0,200.0,200.0,909.0
1400,1400,10,17,20,1,0,23,856.0,242.0,242.0,614.0
1401,1401,10,17,30,1,0,23,1007.0,226.0,226.0,781.0
1402,1402,10,17,40,1,0,23,1273.0,267.0,267.0,1006.0
1403,1403,10,17,50,1,0,23,1091.0,294.0,294.0,797.0
1404,1404,10,18,0,1,0,23,1126.0,340.0,340.0,786.0
1405,1405,10,18,10,1,0,23,1132.0,313.0,313.0,819.0
1406,1406,10,18,20,1,0,23,937.0,299.0,299.0,638.0
1407,1407,10,18,30,1,0,23,850.0,288.0,288.0,562.0
1408,1408,10,18,40,1,0,23,843.0,317.0,317.0,526.0
1409,1409,10,18,50,1,0,23,685.0,262.0,262.0,423.0
1410,1410,10,19,0,1,0,23,640.0,249.0,249.0,391.0
1411,1411,10,19,10,1,0,23,562.0,205.0,205.0,357.0
1412,1412,10,19,20,1,0,23,530.0,177.0,177.0,353.0
1413,1413,10,19,30,1,0,23,511.0,201.0,201.0,310.0
1414,1414,10,19,40,1,0,23,470.0,158.0,158.0,312.0
1415,1415,10,19,50,1,0,23,405.0,121.0,121.0,284.0
1416,1416,10,20,0,1,0,23,576.0,98.0,98.0,478.0
1417,1417,10,20,10,1,0,23,551.0,107.0,107.0,444.0
1418,1418,10,20,20,1,0,23,470.0,85.0,85.0,385.0
1419,1419,10,20,30,1,0,23,466.0,114.0,114.0,352.0
1420,1420,10,20,40,1,0,23,457.0,87.0,87.0,370.0
1421,1421,10,20,50,1,0,23,420.0,107.0,107.0,313.0
1422,1422,10,21,0,1,0,23,392.0,65.0,65.0,327.0
1423,1423,10,21,10,1,0,23,444.0,80.0,80.0,364.0
1424,1424,10,21,20,1,0,23,384.0,81.0,81.0,303.0
1425,1425,10,21,30,1,0,23,376.0,65.0,65.0,311.0
1426,1426,10,21,40,1,0,23,298.0,51.0,51.0,247.0
1427,1427,10,21,50,1,0,23,293.0,58.0,58.0,235.0
1428,1428,10,22,0,1,0,23,348.0,71.0,71.0,277.0
1429,1429,10,22,10,1,0,23,282.0,54.0,54.0,228.0
1430,1430,10,22,20,1,0,23,210.0,59.0,59.0,151.0
1431,1431,10,22,30,1,0,23,185.0,48.0,48.0,137.0
1432,1432,10,22,40,1,0,23,102.0,48.0,48.0,54.0
1433,1433,10,22,50,1,0,23,57.0,25.0,25.0,32.0
1470,1470,11,5,0,1,0,23,0.0,0.0,0.0,0.0
1471,1471,11,5,10,1,0,23,2.0,0.0,0.0,2.0
1472,1472,11,5,20,1,0,23,8.0,0.0,0.0,8.0
1473,1473,11,5,30,1,0,23,10.0,0.0,0.0,10.0
1474,1474,11,5,40,1,0,23,6.0,0.0,0.0,6.0
1475,1475,11,5,50,1,0,23,11.0,0.0,0.0,11.0
1476,1476,11,6,0,1,0,23,13.0,0.0,0.0,13.0
1477,1477,11,6,10,1,0,23,20.0,0.0,0.0,20.0
1478,1478,11,6,20,1,0,23,16.0,5.0,5.0,11.0
1479,1479,11,6,30,1,0,23,29.0,7.0,7.0,22.0
1480,1480,11,6,40,1,0,23,53.0,9.0,9.0,44.0
1481,1481,11,6,50,1,0,23,62.0,4.0,4.0,58.0
1482,1482,11,7,0,1,0,23,75.0,5.0,5.0,70.0
1483,1483,11,7,10,1,0,23,102.0,10.0,10.0,92.0
1484,1484,11,7,20,1,0,23,147.0,15.0,15.0,132.0
1485,1485,11,7,30,1,0,23,191.0,13.0,13.0,178.0
1486,1486,11,7,40,1,0,23,244.0,27.0,27.0,217.0
1487,1487,11,7,50,1,0,23,215.0,34.0,34.0,181.0
1488,1488,11,8,0,1,0,23,258.0,63.0,63.0,195.0
1489,1489,11,8,10,1,0,23,227.0,47.0,47.0,180.0
1490,1490,11,8,20,1,0,23,212.0,67.0,67.0,145.0
1491,1491,11,8,30,1,0,23,215.0,88.0,88.0,127.0
1492,1492,11,8,40,1,0,23,194.0,101.0,101.0,93.0
1493,1493,11,8,50,1,0,23,198.0,101.0,101.0,97.0
1494,1494,11,9,0,1,0,23,177.0,102.0,102.0,75.0
1495,1495,11,9,10,1,0,23,145.0,103.0,103.0,42.0
1496,1496,11,9,20,1,0,23,126.0,96.0,96.0,30.0
1497,1497,11,9,30,1,0,23,127.0,80.0,80.0,47.0
1498,1498,11,9,40,1,0,23,100.0,68.0,68.0,32.0
1499,1499,11,9,50,1,0,23,60.0,39.0,39.0,21.0
1500,1500,11,10,0,1,0,23,55.0,35.0,35.0,20.0
1501,1501,11,10,10,1,0,23,48.0,31.0,31.0,17.0
1502,1502,11,10,20,1,0,23,40.0,22.0,22.0,18.0
1503,1503,11,10,30,1,0,23,40.0,22.0,22.0,18.0
1504,1504,11,10,40,1,0,23,42.0,29.0,29.0,13.0
1505,1505,11,10,50,1,0,23,27.0,10.0,10.0,17.0
1506,1506,11,11,0,1,0,23,35.0,23.0,23.0,12.0
1507,1507,11,11,10,1,0,23,31.0,17.0,17.0,14.0
1508,1508,11,11,20,1,0,23,16.0,10.0,10.0,6.0
1509,1509,11,11,30,1,0,23,27.0,12.0,12.0,15.0
1510,1510,11,11,40,1,0,23,26.0,9.0,9.0,17.0
1511,1511,11,11,50,1,0,23,36.0,9.0,9.0,27.0
1512,1512,11,12,0,1,0,23,68.0,32.0,32.0,36.0
1513,1513,11,12,10,1,0,23,41.0,24.0,24.0,17.0
1514,1514,11,12,20,1,0,23,37.0,18.0,18.0,19.0
1515,1515,11,12,30,1,0,23,31.0,15.0,15.0,16.0
1516,1516,11,12,40,1,0,23,44.0,19.0,19.0,25.0
1517,1517,11,12,50,1,0,23,37.0,21.0,21.0,16.0
1518,1518,11,13,0,1,0,23,37.0,19.0,19.0,18.0
1519,1519,11,13,10,1,0,23,34.0,19.0,19.0,15.0
1520,1520,11,13,20,1,0,23,37.0,18.0,18.0,19.0
1521,1521,11,13,30,1,0,23,23.0,14.0,14.0,9.0
1522,1522,11,13,40,1,0,23,57.0,34.0,34.0,23.0
1523,1523,11,13,50,1,0,23,24.0,16.0,16.0,8.0
1524,1524,11,14,0,1,0,23,42.0,28.0,28.0,14.0
1525,1525,11,14,10,1,0,23,29.0,12.0,12.0,17.0
1526,1526,11,14,20,1,0,23,22.0,11.0,11.0,11.0
1527,1527,11,14,30,1,0,23,28.0,11.0,11.0,17.0
1528,1528,11,14,40,1,0,23,40.0,20.0,20.0,20.0
1529,1529,11,14,50,1,0,23,36.0,21.0,21.0,15.0
1530,1530,11,15,0,1,0,23,30.0,11.0,11.0,19.0
1531,1531,11,15,10,1,0,23,46.0,28.0,28.0,18.0
1532,1532,11,15,20,1,0,23,43.0,21.0,21.0,22.0
1533,1533,11,15,30,1,0,23,55.0,24.0,24.0,31.0
1534,1534,11,15,40,1,0,23,51.0,24.0,24.0,27.0
1535,1535,11,15,50,1,0,23,33.0,13.0,13.0,20.0
1536,1536,11,16,0,1,0,23,43.0,26.0,26.0,17.0
1537,1537,11,16,10,1,0,23,36.0,17.0,17.0,19.0
1538,1538,11,16,20,1,0,23,48.0,18.0,18.0,30.0
1539,1539,11,16,30,1,0,23,49.0,22.0,22.0,27.0
1540,1540,11,16,40,1,0,23,72.0,39.0,39.0,33.0
1541,1541,11,16,50,1,0,23,49.0,22.0,22.0,27.0
1542,1542,11,17,0,1,0,23,72.0,23.0,23.0,49.0
1543,1543,11,17,10,1,0,23,71.0,28.0,28.0,43.0
1544,1544,11,17,20,1,0,23,89.0,46.0,46.0,43.0
1545,1545,11,17,30,1,0,23,116.0,64.0,64.0,52.0
1546,1546,11,17,40,1,0,23,188.0,91.0,91.0,97.0
1547,1547,11,17,50,1,0,23,167.0,77.0,77.0,90.0
1548,1548,11,18,0,1,0,23,154.0,77.0,77.0,77.0
1549,1549,11,18,10,1,0,23,213.0,109.0,109.0,104.0
1550,1550,11,18,20,1,0,23,191.0,94.0,94.0,97.0
1551,1551,11,18,30,1,0,23,136.0,69.0,69.0,67.0
1552,1552,11,18,40,1,0,23,141.0,85.0,85.0,56.0
1553,1553,11,18,50,1,0,23,119.0,74.0,74.0,45.0
1554,1554,11,19,0,1,0,23,108.0,75.0,75.0,33.0
1555,1555,11,19,10,1,0,23,94.0,61.0,61.0,33.0
1556,1556,11,19,20,1,0,23,77.0,49.0,49.0,28.0
1557,1557,11,19,30,1,0,23,64.0,47.0,47.0,17.0
1558,1558,11,19,40,1,0,23,56.0,35.0,35.0,21.0
1559,1559,11,19,50,1,0,23,47.0,33.0,33.0,14.0
1560,1560,11,20,0,1,0,23,49.0,33.0,33.0,16.0
1561,1561,11,20,10,1,0,23,49.0,27.0,27.0,22.0
1562,1562,11,20,20,1,0,23,24.0,11.0,11.0,13.0
1563,1563,11,20,30,1,0,23,56.0,40.0,40.0,16.0
1564,1564,11,20,40,1,0,23,39.0,15.0,15.0,24.0
1565,1565,11,20,50,1,0,23,37.0,19.0,19.0,18.0
1566,1566,11,21,0,1,0,23,36.0,19.0,19.0,17.0
1567,1567,11,21,10,1,0,23,35.0,30.0,30.0,5.0
1568,1568,11,21,20,1,0,23,30.0,26.0,26.0,4.0
1569,1569,11,21,30,1,0,23,20.0,11.0,11.0,9.0
1570,1570,11,21,40,1,0,23,45.0,29.0,29.0,16.0
1571,1571,11,21,50,1,0,23,16.0,13.0,13.0,3.0
1572,1572,11,22,0,1,0,23,27.0,25.0,25.0,2.0
1573,1573,11,22,10,1,0,23,27.0,26.0,26.0,1.0
1574,1574,11,22,20,1,0,23,15.0,15.0,15.0,0.0
1575,1575,11,22,30,1,0,23,16.0,16.0,16.0,0.0
1576,1576,11,22,40,1,0,23,11.0,11.0,11.0,0.0
1577,1577,11,22,50,1,0,23,12.0,12.0,12.0,0.0
1614,1614,12,5,0,1,0,23,0.0,0.0,0.0,0.0
1615,1615,12,5,10,1,0,23,0.0,0.0,0.0,0.0
1616,1616,12,5,20,1,0,23,1.0,0.0,0.0,1.0
1617,1617,12,5,30,1,0,23,3.0,0.0,0.0,3.0
1618,1618,12,5,40,1,0,23,7.0,0.0,0.0,7.0
1619,1619,12,5,50,1,0,23,32.0,17.0,17.0,15.0
1620,1620,12,6,0,1,0,23,36.0,13.0,13.0,23.0
1621,1621,12,6,10,1,0,23,65.0,33.0,33.0,32.0
1622,1622,12,6,20,1,0,23,71.0,28.0,28.0,43.0
1623,1623,12,6,30,1,0,23,111.0,66.0,66.0,45.0
1624,1624,12,6,40,1,0,23,177.0,95.0,95.0,82.0
1625,1625,12,6,50,1,0,23,204.0,104.0,104.0,100.0
1626,1626,12,7,0,1,0,23,284.0,157.0,157.0,127.0
1627,1627,12,7,10,1,0,23,362.0,236.0,236.0,126.0
1628,1628,12,7,20,1,0,23,431.0,234.0,234.0,197.0
1629,1629,12,7,30,1,0,23,512.0,274.0,274.0,238.0
1630,1630,12,7,40,1,0,23,644.0,373.0,373.0,271.0
1631,1631,12,7,50,1,0,23,653.0,316.0,316.0,337.0
1632,1632,12,8,0,1,0,23,966.0,499.0,499.0,467.0
1633,1633,12,8,10,1,0,23,1004.0,528.0,528.0,476.0
1634,1634,12,8,20,1,0,23,1129.0,595.0,595.0,534.0
1635,1635,12,8,30,1,0,23,1301.0,848.0,848.0,453.0
1636,1636,12,8,40,1,0,23,1254.0,898.0,898.0,356.0
1637,1637,12,8,50,1,0,23,1342.0,967.0,967.0,375.0
1638,1638,12,9,0,1,0,23,1001.0,725.0,725.0,276.0
1639,1639,12,9,10,1,0,23,1048.0,799.0,799.0,249.0
1640,1640,12,9,20,1,0,23,952.0,701.0,701.0,251.0
1641,1641,12,9,30,1,0,23,696.0,468.0,468.0,228.0
1642,1642,12,9,40,1,0,23,626.0,433.0,433.0,193.0
1643,1643,12,9,50,1,0,23,547.0,329.0,329.0,218.0
1644,1644,12,10,0,1,0,23,485.0,266.0,266.0,219.0
1645,1645,12,10,10,1,0,23,425.0,261.0,261.0,164.0
1646,1646,12,10,20,1,0,23,450.0,246.0,246.0,204.0
1647,1647,12,10,30,1,0,23,412.0,261.0,261.0,151.0
1648,1648,12,10,40,1,0,23,398.0,226.0,226.0,172.0
1649,1649,12,10,50,1,0,23,336.0,191.0,191.0,145.0
1650,1650,12,11,0,1,0,23,393.0,217.0,217.0,176.0
1651,1651,12,11,10,1,0,23,338.0,192.0,192.0,146.0
1652,1652,12,11,20,1,0,23,387.0,201.0,201.0,186.0
1653,1653,12,11,30,1,0,23,385.0,226.0,226.0,159.0
1654,1654,12,11,40,1,0,23,348.0,206.0,206.0,142.0
1655,1655,12,11,50,1,0,23,402.0,190.0,190.0,212.0
1656,1656,12,12,0,1,0,23,414.0,204.0,204.0,210.0
1657,1657,12,12,10,1,0,23,355.0,183.0,183.0,172.0
1658,1658,12,12,20,1,0,23,378.0,182.0,182.0,196.0
1659,1659,12,12,30,1,0,23,389.0,205.0,205.0,184.0
1660,1660,12,12,40,1,0,23,436.0,218.0,218.0,218.0
1661,1661,12,12,50,1,0,23,454.0,239.0,239.0,215.0
1662,1662,12,13,0,1,0,23,419.0,207.0,207.0,212.0
1663,1663,12,13,10,1,0,23,421.0,215.0,215.0,206.0
1664,1664,12,13,20,1,0,23,393.0,193.0,193.0,200.0
1665,1665,12,13,30,1,0,23,465.0,252.0,252.0,213.0
1666,1666,12,13,40,1,0,23,440.0,231.0,231.0,209.0
1667,1667,12,13,50,1,0,23,406.0,223.0,223.0,183.0
1668,1668,12,14,0,1,0,23,394.0,202.0,202.0,192.0
1669,1669,12,14,10,1,0,23,431.0,212.0,212.0,219.0
1670,1670,12,14,20,1,0,23,453.0,227.0,227.0,226.0
1671,1671,12,14,30,1,0,23,411.0,202.0,202.0,209.0
1672,1672,12,14,40,1,0,23,438.0,217.0,217.0,221.0
1673,1673,12,14,50,1,0,23,410.0,212.0,212.0,198.0
1674,1674,12,15,0,1,0,23,438.0,219.0,219.0,219.0
1675,1675,12,15,10,1,0,23,435.0,213.0,213.0,222.0
1676,1676,12,15,20,1,0,23,428.0,211.0,211.0,217.0
1677,1677,12,15,30,1,0,23,494.0,216.0,216.0,278.0
1678,1678,12,15,40,1,0,23,448.0,218.0,218.0,230.0
1679,1679,12,15,50,1,0,23,462.0,244.0,244.0,218.0
1680,1680,12,16,0,1,0,23,544.0,250.0,250.0,294.0
1681,1681,12,16,10,1,0,23,472.0,223.0,223.0,249.0
1682,1682,12,16,20,1,0,23,439.0,187.0,187.0,252.0
1683,1683,12,16,30,1,0,23,531.0,243.0,243.0,288.0
1684,1684,12,16,40,1,0,23,579.0,263.0,263.0,316.0
1685,1685,12,16,50,1,0,23,576.0,264.0,264.0,312.0
1686,1686,12,17,0,1,0,23,631.0,279.0,279.0,352.0
1687,1687,12,17,10,1,0,23,785.0,360.0,360.0,425.0
1688,1688,12,17,20,1,0,23,859.0,439.0,439.0,420.0
1689,1689,12,17,30,1,0,23,930.0,452.0,452.0,478.0
1690,1690,12,17,40,1,0,23,1111.0,452.0,452.0,659.0
1691,1691,12,17,50,1,0,23,1040.0,551.0,551.0,489.0
1692,1692,12,18,0,1,0,23,1194.0,590.0,590.0,604.0
1693,1693,12,18,10,1,0,23,1386.0,569.0,569.0,817.0
1694,1694,12,18,20,1,0,23,1215.0,583.0,583.0,632.0
1695,1695,12,18,30,1,0,23,1118.0,547.0,547.0,571.0
1696,1696,12,18,40,1,0,23,1049.0,503.0,503.0,546.0
1697,1697,12,18,50,1,0,23,811.0,351.0,351.0,460.0
1698,1698,12,19,0,1,0,23,681.0,316.0,316.0,365.0
1699,1699,12,19,10,1,0,23,558.0,257.0,257.0,301.0
1700,1700,12,19,20,1,0,23,519.0,255.0,255.0,264.0
1701,1701,12,19,30,1,0,23,409.0,168.0,168.0,241.0
1702,1702,12,19,40,1,0,23,451.0,181.0,181.0,270.0
1703,1703,12,19,50,1,0,23,294.0,95.0,95.0,199.0
1704,1704,12,20,0,1,0,23,370.0,161.0,161.0,209.0
1705,1705,12,20,10,1,0,23,365.0,113.0,113.0,252.0
1706,1706,12,20,20,1,0,23,341.0,116.0,116.0,225.0
1707,1707,12,20,30,1,0,23,295.0,98.0,98.0,197.0
1708,1708,12,20,40,1,0,23,364.0,134.0,134.0,230.0
1709,1709,12,20,50,1,0,23,313.0,107.0,107.0,206.0
1710,1710,12,21,0,1,0,23,346.0,79.0,79.0,267.0
1711,1711,12,21,10,1,0,23,418.0,129.0,129.0,289.0
1712,1712,12,21,20,1,0,23,337.0,88.0,88.0,249.0
1713,1713,12,21,30,1,0,23,364.0,126.0,126.0,238.0
1714,1714,12,21,40,1,0,23,328.0,111.0,111.0,217.0
1715,1715,12,21,50,1,0,23,345.0,101.0,101.0,244.0
1716,1716,12,22,0,1,0,23,359.0,105.0,105.0,254.0
1717,1717,12,22,10,1,0,23,322.0,58.0,58.0,264.0
1718,1718,12,22,20,1,0,23,184.0,74.0,74.0,110.0
1719,1719,12,22,30,1,0,23,102.0,50.0,50.0,52.0
1720,1720,12,22,40,1,0,23,0.0,0.0,0.0,0.0
1721,1721,12,22,50,1,0,23,0.0,0.0,0.0,0.0
1758,1758,13,5,0,1,0,23,0.0,0.0,0.0,0.0
1759,1759,13,5,10,1,0,23,0.0,0.0,0.0,0.0
1760,1760,13,5,20,1,0,23,0.0,0.0,0.0,0.0
1761,1761,13,5,30,1,0,23,2.0,0.0,0.0,2.0
1762,1762,13,5,40,1,0,23,9.0,0.0,0.0,9.0
1763,1763,13,5,50,1,0,23,20.0,0.0,0.0,20.0
1764,1764,13,6,0,1,0,23,18.0,0.0,0.0,18.0
1765,1765,13,6,10,1,0,23,30.0,5.0,5.0,25.0
1766,1766,13,6,20,1,0,23,53.0,14.0,14.0,39.0
1767,1767,13,6,30,1,0,23,68.0,13.0,13.0,55.0
1768,1768,13,6,40,1,0,23,102.0,18.0,18.0,84.0
1769,1769,13,6,50,1,0,23,91.0,4.0,4.0,87.0
1770,1770,13,7,0,1,0,23,140.0,30.0,30.0,110.0
1771,1771,13,7,10,1,0,23,142.0,35.0,35.0,107.0
1772,1772,13,7,20,1,0,23,194.0,58.0,58.0,136.0
1773,1773,13,7,30,1,0,23,231.0,53.0,53.0,178.0
1774,1774,13,7,40,1,0,23,293.0,67.0,67.0,226.0
1775,1775,13,7,50,1,0,23,296.0,66.0,66.0,230.0
1776,1776,13,8,0,1,0,23,428.0,121.0,121.0,307.0
1777,1777,13,8,10,1,0,23,413.0,101.0,101.0,312.0
1778,1778,13,8,20,1,0,23,337.0,80.0,80.0,257.0
1779,1779,13,8,30,1,0,23,326.0,130.0,130.0,196.0
1780,1780,13,8,40,1,0,23,317.0,112.0,112.0,205.0
1781,1781,13,8,50,1,0,23,270.0,115.0,115.0,155.0
1782,1782,13,9,0,1,0,23,214.0,75.0,75.0,139.0
1783,1783,13,9,10,1,0,23,185.0,87.0,87.0,98.0
1784,1784,13,9,20,1,0,23,165.0,55.0,55.0,110.0
1785,1785,13,9,30,1,0,23,153.0,71.0,71.0,82.0
1786,1786,13,9,40,1,0,23,135.0,69.0,69.0,66.0
1787,1787,13,9,50,1,0,23,145.0,72.0,72.0,73.0
1788,1788,13,10,0,1,0,23,148.0,76.0,76.0,72.0
1789,1789,13,10,10,1,0,23,138.0,75.0,75.0,63.0
1790,1790,13,10,20,1,0,23,136.0,84.0,84.0,52.0
1791,1791,13,10,30,1,0,23,130.0,76.0,76.0,54.0
1792,1792,13,10,40,1,0,23,75.0,41.0,41.0,34.0
1793,1793,13,10,50,1,0,23,119.0,79.0,79.0,40.0
1794,1794,13,11,0,1,0,23,114.0,72.0,72.0,42.0
1795,1795,13,11,10,1,0,23,127.0,64.0,64.0,63.0
1796,1796,13,11,20,1,0,23,84.0,43.0,43.0,41.0
1797,1797,13,11,30,1,0,23,88.0,46.0,46.0,42.0
1798,1798,13,11,40,1,0,23,87.0,42.0,42.0,45.0
1799,1799,13,11,50,1,0,23,95.0,50.0,50.0,45.0
1800,1800,13,12,0,1,0,23,100.0,47.0,47.0,53.0
1801,1801,13,12,10,1,0,23,99.0,46.0,46.0,53.0
1802,1802,13,12,20,1,0,23,94.0,49.0,49.0,45.0
1803,1803,13,12,30,1,0,23,89.0,51.0,51.0,38.0
1804,1804,13,12,40,1,0,23,106.0,57.0,57.0,49.0
1805,1805,13,12,50,1,0,23,108.0,52.0,52.0,56.0
1806,1806,13,13,0,1,0,23,119.0,73.0,73.0,46.0
1807,1807,13,13,10,1,0,23,120.0,67.0,67.0,53.0
1808,1808,13,13,20,1,0,23,122.0,64.0,64.0,58.0
1809,1809,13,13,30,1,0,23,134.0,65.0,65.0,69.0
1810,1810,13,13,40,1,0,23,143.0,67.0,67.0,76.0
1811,1811,13,13,50,1,0,23,108.0,51.0,51.0,57.0
1812,1812,13,14,0,1,0,23,135.0,64.0,64.0,71.0
1813,1813,13,14,10,1,0,23,123.0,54.0,54.0,69.0
1814,1814,13,14,20,1,0,23,112.0,56.0,56.0,56.0
1815,1815,13,14,30,1,0,23,104.0,46.0,46.0,58.0
1816,1816,13,14,40,1,0,23,123.0,48.0,48.0,75.0
1817,1817,13,14,50,1,0,23,128.0,56.0,56.0,72.0
1818,1818,13,15,0,1,0,23,112.0,38.0,38.0,74.0
1819,1819,13,15,10,1,0,23,124.0,59.0,59.0,65.0
1820,1820,13,15,20,1,0,23,143.0,62.0,62.0,81.0
1821,1821,13,15,30,1,0,23,117.0,54.0,54.0,63.0
1822,1822,13,15,40,1,0,23,145.0,58.0,58.0,87.0
1823,1823,13,15,50,1,0,23,135.0,64.0,64.0,71.0
1824,1824,13,16,0,1,0,23,129.0,59.0,59.0,70.0
1825,1825,13,16,10,1,0,23,161.0,68.0,68.0,93.0
1826,1826,13,16,20,1,0,23,172.0,80.0,80.0,92.0
1827,1827,13,16,30,1,0,23,140.0,68.0,68.0,72.0
1828,1828,13,16,40,1,0,23,155.0,78.0,78.0,77.0
1829,1829,13,16,50,1,0,23,185.0,86.0,86.0,99.0
1830,1830,13,17,0,1,0,23,171.0,71.0,71.0,100.0
1831,1831,13,17,10,1,0,23,199.0,91.0,91.0,108.0
1832,1832,13,17,20,1,0,23,227.0,113.0,113.0,114.0
1833,1833,13,17,30,1,0,23,268.0,146.0,146.0,122.0
1834,1834,13,17,40,1,0,23,256.0,136.0,136.0,120.0
1835,1835,13,17,50,1,0,23,235.0,134.0,134.0,101.0
1836,1836,13,18,0,1,0,23,217.0,136.0,136.0,81.0
1837,1837,13,18,10,1,0,23,227.0,139.0,139.0,88.0
1838,1838,13,18,20,1,0,23,242.0,159.0,159.0,83.0
1839,1839,13,18,30,1,0,23,265.0,189.0,189.0,76.0
1840,1840,13,18,40,1,0,23,244.0,185.0,185.0,59.0
1841,1841,13,18,50,1,0,23,195.0,158.0,158.0,37.0
1842,1842,13,19,0,1,0,23,209.0,145.0,145.0,64.0
1843,1843,13,19,10,1,0,23,148.0,111.0,111.0,37.0
1844,1844,13,19,20,1,0,23,139.0,104.0,104.0,35.0
1845,1845,13,19,30,1,0,23,129.0,100.0,100.0,29.0
1846,1846,13,19,40,1,0,23,120.0,83.0,83.0,37.0
1847,1847,13,19,50,1,0,23,79.0,60.0,60.0,19.0
1848,1848,13,20,0,1,0,23,77.0,57.0,57.0,20.0
1849,1849,13,20,10,1,0,23,69.0,51.0,51.0,18.0
1850,1850,13,20,20,1,0,23,99.0,72.0,72.0,27.0
1851,1851,13,20,30,1,0,23,75.0,65.0,65.0,10.0
1852,1852,13,20,40,1,0,23,86.0,68.0,68.0,18.0
1853,1853,13,20,50,1,0,23,61.0,49.0,49.0,12.0
1854,1854,13,21,0,1,0,23,87.0,65.0,65.0,22.0
1855,1855,13,21,10,1,0,23,88.0,72.0,72.0,16.0
1856,1856,13,21,20,1,0,23,77.0,56.0,56.0,21.0
1857,1857,13,21,30,1,0,23,24.0,7.0,7.0,17.0
1858,1858,13,21,40,1,0,23,103.0,90.0,90.0,13.0
1859,1859,13,21,50,1,0,23,87.0,62.0,62.0,25.0
1860,1860,13,22,0,1,0,23,78.0,64.0,64.0,14.0
1861,1861,13,22,10,1,0,23,36.0,33.0,33.0,3.0
1862,1862,13,22,20,1,0,23,19.0,19.0,19.0,0.0
1863,1863,13,22,30,1,0,23,55.0,50.0,50.0,5.0
1864,1864,13,22,40,1,0,23,43.0,43.0,43.0,0.0
1865,1865,13,22,50,1,0,23,20.0,20.0,20.0,0.0
1902,1902,14,5,0,1,0,23,0.0,0.0,0.0,0.0
1903,1903,14,5,10,1,0,23,0.0,0.0,0.0,0.0
1904,1904,14,5,20,1,0,23,0.0,0.0,0.0,0.0
1905,1905,14,5,30,1,0,23,2.0,0.0,0.0,2.0
1906,1906,14,5,40,1,0,23,1.0,0.0,0.0,1.0
1907,1907,14,5,50,1,0,23,9.0,2.0,2.0,7.0
1908,1908,14,6,0,1,0,23,7.0,3.0,3.0,4.0
1909,1909,14,6,10,1,0,23,22.0,12.0,12.0,10.0
1910,1910,14,6,20,1,0,23,22.0,10.0,10.0,12.0
1911,1911,14,6,30,1,0,23,36.0,19.0,19.0,17.0
1912,1912,14,6,40,1,0,23,38.0,18.0,18.0,20.0
1913,1913,14,6,50,1,0,23,63.0,41.0,41.0,22.0
1914,1914,14,7,0,1,0,23,72.0,35.0,35.0,37.0
1915,1915,14,7,10,1,0,23,128.0,82.0,82.0,46.0
1916,1916,14,7,20,1,0,23,138.0,100.0,100.0,38.0
1917,1917,14,7,30,1,0,23,199.0,133.0,133.0,66.0
1918,1918,14,7,40,1,0,23,282.0,190.0,190.0,92.0
1919,1919,14,7,50,1,0,23,211.0,131.0,131.0,80.0
1920,1920,14,8,0,1,0,23,321.0,217.0,217.0,104.0
1921,1921,14,8,10,1,0,23,350.0,256.0,256.0,94.0
1922,1922,14,8,20,1,0,23,365.0,256.0,256.0,109.0
1923,1923,14,8,30,1,0,23,354.0,268.0,268.0,86.0
1924,1924,14,8,40,1,0,23,445.0,341.0,341.0,104.0
1925,1925,14,8,50,1,0,23,288.0,220.0,220.0,68.0
1926,1926,14,9,0,1,0,23,272.0,193.0,193.0,79.0
1927,1927,14,9,10,1,0,23,232.0,172.0,172.0,60.0
1928,1928,14,9,20,1,0,23,191.0,141.0,141.0,50.0
1929,1929,14,9,30,1,0,23,195.0,144.0,144.0,51.0
1930,1930,14,9,40,1,0,23,183.0,123.0,123.0,60.0
1931,1931,14,9,50,1,0,23,179.0,128.0,128.0,51.0
1932,1932,14,10,0,1,0,23,163.0,92.0,92.0,71.0
1933,1933,14,10,10,1,0,23,126.0,74.0,74.0,52.0
1934,1934,14,10,20,1,0,23,131.0,73.0,73.0,58.0
1935,1935,14,10,30,1,0,23,127.0,74.0,74.0,53.0
1936,1936,14,10,40,1,0,23,107.0,65.0,65.0,42.0
1937,1937,14,10,50,1,0,23,146.0,100.0,100.0,46.0
1938,1938,14,11,0,1,0,23,119.0,62.0,62.0,57.0
1939,1939,14,11,10,1,0,23,95.0,52.0,52.0,43.0
1940,1940,14,11,20,1,0,23,136.0,61.0,61.0,75.0
1941,1941,14,11,30,1,0,23,123.0,51.0,51.0,72.0
1942,1942,14,11,40,1,0,23,101.0,52.0,52.0,49.0
1943,1943,14,11,50,1,0,23,92.0,41.0,41.0,51.0
1944,1944,14,12,0,1,0,23,99.0,48.0,48.0,51.0
1945,1945,14,12,10,1,0,23,103.0,51.0,51.0,52.0
1946,1946,14,12,20,1,0,23,105.0,56.0,56.0,49.0
1947,1947,14,12,30,1,0,23,130.0,64.0,64.0,66.0
1948,1948,14,12,40,1,0,23,113.0,64.0,64.0,49.0
1949,1949,14,12,50,1,0,23,115.0,72.0,72.0,43.0
1950,1950,14,13,0,1,0,23,121.0,51.0,51.0,70.0
1951,1951,14,13,10,1,0,23,149.0,82.0,82.0,67.0
1952,1952,14,13,20,1,0,23,132.0,80.0,80.0,52.0
1953,1953,14,13,30,1,0,23,143.0,90.0,90.0,53.0
1954,1954,14,13,40,1,0,23,96.0,54.0,54.0,42.0
1955,1955,14,13,50,1,0,23,106.0,76.0,76.0,30.0
1956,1956,14,14,0,1,0,23,153.0,78.0,78.0,75.0
1957,1957,14,14,10,1,0,23,150.0,85.0,85.0,65.0
1958,1958,14,14,20,1,0,23,125.0,59.0,59.0,66.0
1959,1959,14,14,30,1,0,23,118.0,59.0,59.0,59.0
1960,1960,14,14,40,1,0,23,133.0,73.0,73.0,60.0
1961,1961,14,14,50,1,0,23,136.0,52.0,52.0,84.0
1962,1962,14,15,0,1,0,23,128.0,70.0,70.0,58.0
1963,1963,14,15,10,1,0,23,142.0,49.0,49.0,93.0
1964,1964,14,15,20,1,0,23,145.0,53.0,53.0,92.0
1965,1965,14,15,30,1,0,23,149.0,65.0,65.0,84.0
1966,1966,14,15,40,1,0,23,158.0,62.0,62.0,96.0
1967,1967,14,15,50,1,0,23,143.0,53.0,53.0,90.0
1968,1968,14,16,0,1,0,23,194.0,60.0,60.0,134.0
1969,1969,14,16,10,1,0,23,173.0,69.0,69.0,104.0
1970,1970,14,16,20,1,0,23,166.0,43.0,43.0,123.0
1971,1971,14,16,30,1,0,23,213.0,60.0,60.0,153.0
1972,1972,14,16,40,1,0,23,203.0,46.0,46.0,157.0
1973,1973,14,16,50,1,0,23,242.0,55.0,55.0,187.0
1974,1974,14,17,0,1,0,23,387.0,69.0,69.0,318.0
1975,1975,14,17,10,1,0,23,307.0,55.0,55.0,252.0
1976,1976,14,17,20,1,0,23,325.0,94.0,94.0,231.0
1977,1977,14,17,30,1,0,23,292.0,103.0,103.0,189.0
1978,1978,14,17,40,1,0,23,305.0,91.0,91.0,214.0
1979,1979,14,17,50,1,0,23,216.0,71.0,71.0,145.0
1980,1980,14,18,0,1,0,23,263.0,110.0,110.0,153.0
1981,1981,14,18,10,1,0,23,291.0,104.0,104.0,187.0
1982,1982,14,18,20,1,0,23,281.0,130.0,130.0,151.0
1983,1983,14,18,30,1,0,23,220.0,97.0,97.0,123.0
1984,1984,14,18,40,1,0,23,211.0,99.0,99.0,112.0
1985,1985,14,18,50,1,0,23,190.0,93.0,93.0,97.0
1986,1986,14,19,0,1,0,23,161.0,79.0,79.0,82.0
1987,1987,14,19,10,1,0,23,130.0,49.0,49.0,81.0
1988,1988,14,19,20,1,0,23,123.0,53.0,53.0,70.0
1989,1989,14,19,30,1,0,23,121.0,51.0,51.0,70.0
1990,1990,14,19,40,1,0,23,104.0,49.0,49.0,55.0
1991,1991,14,19,50,1,0,23,90.0,40.0,40.0,50.0
1992,1992,14,20,0,1,0,23,116.0,36.0,36.0,80.0
1993,1993,14,20,10,1,0,23,91.0,35.0,35.0,56.0
1994,1994,14,20,20,1,0,23,99.0,22.0,22.0,77.0
1995,1995,14,20,30,1,0,23,102.0,31.0,31.0,71.0
1996,1996,14,20,40,1,0,23,78.0,21.0,21.0,57.0
1997,1997,14,20,50,1,0,23,72.0,28.0,28.0,44.0
1998,1998,14,21,0,1,0,23,92.0,40.0,40.0,52.0
1999,1999,14,21,10,1,0,23,82.0,24.0,24.0,58.0
2000,2000,14,21,20,1,0,23,75.0,41.0,41.0,34.0
2001,2001,14,21,30,1,0,23,79.0,22.0,22.0,57.0
2002,2002,14,21,40,1,0,23,84.0,22.0,22.0,62.0
2003,2003,14,21,50,1,0,23,66.0,22.0,22.0,44.0
2004,2004,14,22,0,1,0,23,64.0,22.0,22.0,42.0
2005,2005,14,22,10,1,0,23,49.0,20.0,20.0,29.0
2006,2006,14,22,20,1,0,23,36.0,16.0,16.0,20.0
2007,2007,14,22,30,1,0,23,15.0,11.0,11.0,4.0
2008,2008,14,22,40,1,0,23,3.0,3.0,3.0,0.0
2009,2009,14,22,50,1,0,23,0.0,0.0,0.0,0.0
2046,2046,15,5,0,1,0,23,0.0,0.0,0.0,0.0
2047,2047,15,5,10,1,0,23,0.0,0.0,0.0,0.0
2048,2048,15,5,20,1,0,23,8.0,0.0,0.0,8.0
2049,2049,15,5,30,1,0,23,6.0,0.0,0.0,6.0
2050,2050,15,5,40,1,0,23,14.0,0.0,0.0,14.0
2051,2051,15,5,50,1,0,23,11.0,0.0,0.0,11.0
2052,2052,15,6,0,1,0,23,19.0,4.0,4.0,15.0
2053,2053,15,6,10,1,0,23,33.0,9.0,9.0,24.0
2054,2054,15,6,20,1,0,23,57.0,18.0,18.0,39.0
2055,2055,15,6,30,1,0,23,78.0,28.0,28.0,50.0
2056,2056,15,6,40,1,0,23,92.0,42.0,42.0,50.0
2057,2057,15,6,50,1,0,23,104.0,21.0,21.0,83.0
2058,2058,15,7,0,1,0,23,154.0,58.0,58.0,96.0
2059,2059,15,7,10,1,0,23,211.0,93.0,93.0,118.0
2060,2060,15,7,20,1,0,23,228.0,97.0,97.0,131.0
2061,2061,15,7,30,1,0,23,300.0,139.0,139.0,161.0
2062,2062,15,7,40,1,0,23,338.0,141.0,141.0,197.0
2063,2063,15,7,50,1,0,23,438.0,191.0,191.0,247.0
2064,2064,15,8,0,1,0,23,448.0,221.0,221.0,227.0
2065,2065,15,8,10,1,0,23,492.0,226.0,226.0,266.0
2066,2066,15,8,20,1,0,23,545.0,273.0,273.0,272.0
2067,2067,15,8,30,1,0,23,594.0,355.0,355.0,239.0
2068,2068,15,8,40,1,0,23,546.0,327.0,327.0,219.0
2069,2069,15,8,50,1,0,23,438.0,282.0,282.0,156.0
2070,2070,15,9,0,1,0,23,332.0,193.0,193.0,139.0
2071,2071,15,9,10,1,0,23,307.0,171.0,171.0,136.0
2072,2072,15,9,20,1,0,23,273.0,162.0,162.0,111.0
2073,2073,15,9,30,1,0,23,234.0,131.0,131.0,103.0
2074,2074,15,9,40,1,0,23,258.0,155.0,155.0,103.0
2075,2075,15,9,50,1,0,23,215.0,132.0,132.0,83.0
2076,2076,15,10,0,1,0,23,163.0,83.0,83.0,80.0
2077,2077,15,10,10,1,0,23,126.0,53.0,53.0,73.0
2078,2078,15,10,20,1,0,23,141.0,74.0,74.0,67.0
2079,2079,15,10,30,1,0,23,132.0,62.0,62.0,70.0
2080,2080,15,10,40,1,0,23,126.0,58.0,58.0,68.0
2081,2081,15,10,50,1,0,23,129.0,63.0,63.0,66.0
2082,2082,15,11,0,1,0,23,140.0,80.0,80.0,60.0
2083,2083,15,11,10,1,0,23,130.0,55.0,55.0,75.0
2084,2084,15,11,20,1,0,23,121.0,68.0,68.0,53.0
2085,2085,15,11,30,1,0,23,137.0,72.0,72.0,65.0
2086,2086,15,11,40,1,0,23,113.0,50.0,50.0,63.0
2087,2087,15,11,50,1,0,23,117.0,63.0,63.0,54.0
2088,2088,15,12,0,1,0,23,163.0,81.0,81.0,82.0
2089,2089,15,12,10,1,0,23,127.0,55.0,55.0,72.0
2090,2090,15,12,20,1,0,23,160.0,75.0,75.0,85.0
2091,2091,15,12,30,1,0,23,166.0,69.0,69.0,97.0
2092,2092,15,12,40,1,0,23,162.0,73.0,73.0,89.0
2093,2093,15,12,50,1,0,23,158.0,89.0,89.0,69.0
2094,2094,15,13,0,1,0,23,144.0,79.0,79.0,65.0
2095,2095,15,13,10,1,0,23,143.0,79.0,79.0,64.0
2096,2096,15,13,20,1,0,23,140.0,71.0,71.0,69.0
2097,2097,15,13,30,1,0,23,139.0,57.0,57.0,82.0
2098,2098,15,13,40,1,0,23,120.0,66.0,66.0,54.0
2099,2099,15,13,50,1,0,23,141.0,72.0,72.0,69.0
2100,2100,15,14,0,1,0,23,168.0,59.0,59.0,109.0
2101,2101,15,14,10,1,0,23,156.0,96.0,96.0,60.0
2102,2102,15,14,20,1,0,23,137.0,64.0,64.0,73.0
2103,2103,15,14,30,1,0,23,134.0,82.0,82.0,52.0
2104,2104,15,14,40,1,0,23,164.0,72.0,72.0,92.0
2105,2105,15,14,50,1,0,23,155.0,81.0,81.0,74.0
2106,2106,15,15,0,1,0,23,140.0,63.0,63.0,77.0
2107,2107,15,15,10,1,0,23,148.0,86.0,86.0,62.0
2108,2108,15,15,20,1,0,23,133.0,61.0,61.0,72.0
2109,2109,15,15,30,1,0,23,161.0,73.0,73.0,88.0
2110,2110,15,15,40,1,0,23,173.0,66.0,66.0,107.0
2111,2111,15,15,50,1,0,23,174.0,81.0,81.0,93.0
2112,2112,15,16,0,1,0,23,230.0,71.0,71.0,159.0
2113,2113,15,16,10,1,0,23,202.0,97.0,97.0,105.0
2114,2114,15,16,20,1,0,23,199.0,90.0,90.0,109.0
2115,2115,15,16,30,1,0,23,188.0,82.0,82.0,106.0
2116,2116,15,16,40,1,0,23,203.0,83.0,83.0,120.0
2117,2117,15,16,50,1,0,23,230.0,93.0,93.0,137.0
2118,2118,15,17,0,1,0,23,318.0,117.0,117.0,201.0
2119,2119,15,17,10,1,0,23,381.0,142.0,142.0,239.0
2120,2120,15,17,20,1,0,23,327.0,161.0,161.0,166.0
2121,2121,15,17,30,1,0,23,333.0,145.0,145.0,188.0
2122,2122,15,17,40,1,0,23,528.0,256.0,256.0,272.0
2123,2123,15,17,50,1,0,23,473.0,186.0,186.0,287.0
2124,2124,15,18,0,1,0,23,446.0,195.0,195.0,251.0
2125,2125,15,18,10,1,0,23,454.0,202.0,202.0,252.0
2126,2126,15,18,20,1,0,23,414.0,220.0,220.0,194.0
2127,2127,15,18,30,1,0,23,353.0,195.0,195.0,158.0
2128,2128,15,18,40,1,0,23,373.0,207.0,207.0,166.0
2129,2129,15,18,50,1,0,23,315.0,191.0,191.0,124.0
2130,2130,15,19,0,1,0,23,260.0,144.0,144.0,116.0
2131,2131,15,19,10,1,0,23,259.0,143.0,143.0,116.0
2132,2132,15,19,20,1,0,23,209.0,113.0,113.0,96.0
2133,2133,15,19,30,1,0,23,167.0,86.0,86.0,81.0
2134,2134,15,19,40,1,0,23,168.0,93.0,93.0,75.0
2135,2135,15,19,50,1,0,23,119.0,59.0,59.0,60.0
2136,2136,15,20,0,1,0,23,130.0,62.0,62.0,68.0
2137,2137,15,20,10,1,0,23,122.0,57.0,57.0,65.0
2138,2138,15,20,20,1,0,23,132.0,71.0,71.0,61.0
2139,2139,15,20,30,1,0,23,97.0,44.0,44.0,53.0
2140,2140,15,20,40,1,0,23,136.0,63.0,63.0,73.0
2141,2141,15,20,50,1,0,23,131.0,63.0,63.0,68.0
2142,2142,15,21,0,1,0,23,106.0,23.0,23.0,83.0
2143,2143,15,21,10,1,0,23,124.0,57.0,57.0,67.0
2144,2144,15,21,20,1,0,23,78.0,31.0,31.0,47.0
2145,2145,15,21,30,1,0,23,143.0,91.0,91.0,52.0
2146,2146,15,21,40,1,0,23,130.0,65.0,65.0,65.0
2147,2147,15,21,50,1,0,23,78.0,33.0,33.0,45.0
2148,2148,15,22,0,1,0,23,98.0,62.0,62.0,36.0
2149,2149,15,22,10,1,0,23,66.0,39.0,39.0,27.0
2150,2150,15,22,20,1,0,23,70.0,59.0,59.0,11.0
2151,2151,15,22,30,1,0,23,42.0,39.0,39.0,3.0
2152,2152,15,22,40,1,0,23,17.0,16.0,16.0,1.0
2153,2153,15,22,50,1,0,23,4.0,4.0,4.0,0.0
2190,2190,16,5,0,1,0,23,0.0,0.0,0.0,0.0
2191,2191,16,5,10,1,0,23,0.0,0.0,0.0,0.0
2192,2192,16,5,20,1,0,23,3.0,0.0,0.0,3.0
2193,2193,16,5,30,1,0,23,9.0,0.0,0.0,9.0
2194,2194,16,5,40,1,0,23,11.0,0.0,0.0,11.0
2195,2195,16,5,50,1,0,23,28.0,1.0,1.0,27.0
2196,2196,16,6,0,1,0,23,17.0,3.0,3.0,14.0
2197,2197,16,6,10,1,0,23,31.0,14.0,14.0,17.0
2198,2198,16,6,20,1,0,23,37.0,10.0,10.0,27.0
2199,2199,16,6,30,1,0,23,57.0,22.0,22.0,35.0
2200,2200,16,6,40,1,0,23,78.0,33.0,33.0,45.0
2201,2201,16,6,50,1,0,23,104.0,59.0,59.0,45.0
2202,2202,16,7,0,1,0,23,132.0,78.0,78.0,54.0
2203,2203,16,7,10,1,0,23,207.0,134.0,134.0,73.0
2204,2204,16,7,20,1,0,23,246.0,139.0,139.0,107.0
2205,2205,16,7,30,1,0,23,247.0,144.0,144.0,103.0
2206,2206,16,7,40,1,0,23,330.0,202.0,202.0,128.0
2207,2207,16,7,50,1,0,23,406.0,235.0,235.0,171.0
2208,2208,16,8,0,1,0,23,655.0,474.0,474.0,181.0
2209,2209,16,8,10,1,0,23,835.0,627.0,627.0,208.0
2210,2210,16,8,20,1,0,23,1115.0,882.0,882.0,233.0
2211,2211,16,8,30,1,0,23,1166.0,944.0,944.0,222.0
2212,2212,16,8,40,1,0,23,1383.0,1172.0,1172.0,211.0
2213,2213,16,8,50,1,0,23,1048.0,857.0,857.0,191.0
2214,2214,16,9,0,1,0,23,768.0,597.0,597.0,171.0
2215,2215,16,9,10,1,0,23,667.0,527.0,527.0,140.0
2216,2216,16,9,20,1,0,23,472.0,351.0,351.0,121.0
2217,2217,16,9,30,1,0,23,359.0,244.0,244.0,115.0
2218,2218,16,9,40,1,0,23,307.0,210.0,210.0,97.0
2219,2219,16,9,50,1,0,23,244.0,154.0,154.0,90.0
2220,2220,16,10,0,1,0,23,269.0,157.0,157.0,112.0
2221,2221,16,10,10,1,0,23,245.0,143.0,143.0,102.0
2222,2222,16,10,20,1,0,23,243.0,137.0,137.0,106.0
2223,2223,16,10,30,1,0,23,200.0,101.0,101.0,99.0
2224,2224,16,10,40,1,0,23,214.0,141.0,141.0,73.0
2225,2225,16,10,50,1,0,23,176.0,93.0,93.0,83.0
2226,2226,16,11,0,1,0,23,196.0,102.0,102.0,94.0
2227,2227,16,11,10,1,0,23,202.0,84.0,84.0,118.0
2228,2228,16,11,20,1,0,23,227.0,107.0,107.0,120.0
2229,2229,16,11,30,1,0,23,203.0,107.0,107.0,96.0
2230,2230,16,11,40,1,0,23,212.0,91.0,91.0,121.0
2231,2231,16,11,50,1,0,23,241.0,117.0,117.0,124.0
2232,2232,16,12,0,1,0,23,247.0,126.0,126.0,121.0
2233,2233,16,12,10,1,0,23,267.0,134.0,134.0,133.0
2234,2234,16,12,20,1,0,23,229.0,116.0,116.0,113.0
2235,2235,16,12,30,1,0,23,203.0,98.0,98.0,105.0
2236,2236,16,12,40,1,0,23,211.0,97.0,97.0,114.0
2237,2237,16,12,50,1,0,23,203.0,90.0,90.0,113.0
2238,2238,16,13,0,1,0,23,248.0,127.0,127.0,121.0
2239,2239,16,13,10,1,0,23,222.0,81.0,81.0,141.0
2240,2240,16,13,20,1,0,23,283.0,161.0,161.0,122.0
2241,2241,16,13,30,1,0,23,249.0,115.0,115.0,134.0
2242,2242,16,13,40,1,0,23,213.0,94.0,94.0,119.0
2243,2243,16,13,50,1,0,23,238.0,117.0,117.0,121.0
2244,2244,16,14,0,1,0,23,211.0,101.0,101.0,110.0
2245,2245,16,14,10,1,0,23,226.0,116.0,116.0,110.0
2246,2246,16,14,20,1,0,23,220.0,99.0,99.0,121.0
2247,2247,16,14,30,1,0,23,208.0,97.0,97.0,111.0
2248,2248,16,14,40,1,0,23,237.0,87.0,87.0,150.0
2249,2249,16,14,50,1,0,23,214.0,84.0,84.0,130.0
2250,2250,16,15,0,1,0,23,241.0,94.0,94.0,147.0
2251,2251,16,15,10,1,0,23,222.0,91.0,91.0,131.0
2252,2252,16,15,20,1,0,23,243.0,93.0,93.0,150.0
2253,2253,16,15,30,1,0,23,224.0,91.0,91.0,133.0
2254,2254,16,15,40,1,0,23,228.0,100.0,100.0,128.0
2255,2255,16,15,50,1,0,23,228.0,117.0,117.0,111.0
2256,2256,16,16,0,1,0,23,229.0,93.0,93.0,136.0
2257,2257,16,16,10,1,0,23,287.0,123.0,123.0,164.0
2258,2258,16,16,20,1,0,23,254.0,85.0,85.0,169.0
2259,2259,16,16,30,1,0,23,258.0,80.0,80.0,178.0
2260,2260,16,16,40,1,0,23,261.0,87.0,87.0,174.0
2261,2261,16,16,50,1,0,23,298.0,114.0,114.0,184.0
2262,2262,16,17,0,1,0,23,416.0,124.0,124.0,292.0
2263,2263,16,17,10,1,0,23,492.0,122.0,122.0,370.0
2264,2264,16,17,20,1,0,23,443.0,153.0,153.0,290.0
2265,2265,16,17,30,1,0,23,692.0,145.0,145.0,547.0
2266,2266,16,17,40,1,0,23,933.0,195.0,195.0,738.0
2267,2267,16,17,50,1,0,23,751.0,215.0,215.0,536.0
2268,2268,16,18,0,1,0,23,825.0,186.0,186.0,639.0
2269,2269,16,18,10,1,0,23,961.0,209.0,209.0,752.0
2270,2270,16,18,20,1,0,23,764.0,241.0,241.0,523.0
2271,2271,16,18,30,1,0,23,576.0,228.0,228.0,348.0
2272,2272,16,18,40,1,0,23,507.0,180.0,180.0,327.0
2273,2273,16,18,50,1,0,23,412.0,147.0,147.0,265.0
2274,2274,16,19,0,1,0,23,390.0,141.0,141.0,249.0
2275,2275,16,19,10,1,0,23,328.0,124.0,124.0,204.0
2276,2276,16,19,20,1,0,23,284.0,94.0,94.0,190.0
2277,2277,16,19,30,1,0,23,259.0,82.0,82.0,177.0
2278,2278,16,19,40,1,0,23,288.0,94.0,94.0,194.0
2279,2279,16,19,50,1,0,23,233.0,78.0,78.0,155.0
2280,2280,16,20,0,1,0,23,207.0,68.0,68.0,139.0
2281,2281,16,20,10,1,0,23,191.0,54.0,54.0,137.0
2282,2282,16,20,20,1,0,23,184.0,70.0,70.0,114.0
2283,2283,16,20,30,1,0,23,162.0,40.0,40.0,122.0
2284,2284,16,20,40,1,0,23,220.0,75.0,75.0,145.0
2285,2285,16,20,50,1,0,23,206.0,44.0,44.0,162.0
2286,2286,16,21,0,1,0,23,191.0,60.0,60.0,131.0
2287,2287,16,21,10,1,0,23,158.0,50.0,50.0,108.0
2288,2288,16,21,20,1,0,23,160.0,61.0,61.0,99.0
2289,2289,16,21,30,1,0,23,157.0,65.0,65.0,92.0
2290,2290,16,21,40,1,0,23,106.0,41.0,41.0,65.0
2291,2291,16,21,50,1,0,23,133.0,71.0,71.0,62.0
2292,2292,16,22,0,1,0,23,129.0,49.0,49.0,80.0
2293,2293,16,22,10,1,0,23,107.0,74.0,74.0,33.0
2294,2294,16,22,20,1,0,23,82.0,59.0,59.0,23.0
2295,2295,16,22,30,1,0,23,57.0,46.0,46.0,11.0
2296,2296,16,22,40,1,0,23,11.0,11.0,11.0,0.0
2297,2297,16,22,50,1,0,23,0.0,0.0,0.0,0.0
2334,2334,17,5,0,1,0,23,0.0,0.0,0.0,0.0
2335,2335,17,5,10,1,0,23,0.0,0.0,0.0,0.0
2336,2336,17,5,20,1,0,23,4.0,0.0,0.0,4.0
2337,2337,17,5,30,1,0,23,8.0,0.0,0.0,8.0
2338,2338,17,5,40,1,0,23,12.0,2.0,2.0,10.0
2339,2339,17,5,50,1,0,23,15.0,0.0,0.0,15.0
2340,2340,17,6,0,1,0,23,24.0,3.0,3.0,21.0
2341,2341,17,6,10,1,0,23,45.0,8.0,8.0,37.0
2342,2342,17,6,20,1,0,23,73.0,22.0,22.0,51.0
2343,2343,17,6,30,1,0,23,86.0,15.0,15.0,71.0
2344,2344,17,6,40,1,0,23,99.0,33.0,33.0,66.0
2345,2345,17,6,50,1,0,23,147.0,55.0,55.0,92.0
2346,2346,17,7,0,1,0,23,198.0,70.0,70.0,128.0
2347,2347,17,7,10,1,0,23,216.0,57.0,57.0,159.0
2348,2348,17,7,20,1,0,23,234.0,79.0,79.0,155.0
2349,2349,17,7,30,1,0,23,321.0,124.0,124.0,197.0
2350,2350,17,7,40,1,0,23,426.0,165.0,165.0,261.0
2351,2351,17,7,50,1,0,23,468.0,217.0,217.0,251.0
2352,2352,17,8,0,1,0,23,557.0,251.0,251.0,306.0
2353,2353,17,8,10,1,0,23,594.0,302.0,302.0,292.0
2354,2354,17,8,20,1,0,23,672.0,381.0,381.0,291.0
2355,2355,17,8,30,1,0,23,722.0,427.0,427.0,295.0
2356,2356,17,8,40,1,0,23,689.0,461.0,461.0,228.0
2357,2357,17,8,50,1,0,23,479.0,283.0,283.0,196.0
2358,2358,17,9,0,1,0,23,382.0,208.0,208.0,174.0
2359,2359,17,9,10,1,0,23,311.0,182.0,182.0,129.0
2360,2360,17,9,20,1,0,23,264.0,140.0,140.0,124.0
2361,2361,17,9,30,1,0,23,188.0,94.0,94.0,94.0
2362,2362,17,9,40,1,0,23,177.0,83.0,83.0,94.0
2363,2363,17,9,50,1,0,23,177.0,93.0,93.0,84.0
2364,2364,17,10,0,1,0,23,146.0,54.0,54.0,92.0
2365,2365,17,10,10,1,0,23,132.0,59.0,59.0,73.0
2366,2366,17,10,20,1,0,23,134.0,42.0,42.0,92.0
2367,2367,17,10,30,1,0,23,128.0,63.0,63.0,65.0
2368,2368,17,10,40,1,0,23,107.0,45.0,45.0,62.0
2369,2369,17,10,50,1,0,23,111.0,45.0,45.0,66.0
2370,2370,17,11,0,1,0,23,94.0,51.0,51.0,43.0
2371,2371,17,11,10,1,0,23,103.0,39.0,39.0,64.0
2372,2372,17,11,20,1,0,23,104.0,47.0,47.0,57.0
2373,2373,17,11,30,1,0,23,107.0,42.0,42.0,65.0
2374,2374,17,11,40,1,0,23,118.0,51.0,51.0,67.0
2375,2375,17,11,50,1,0,23,118.0,58.0,58.0,60.0
2376,2376,17,12,0,1,0,23,97.0,42.0,42.0,55.0
2377,2377,17,12,10,1,0,23,124.0,44.0,44.0,80.0
2378,2378,17,12,20,1,0,23,123.0,56.0,56.0,67.0
2379,2379,17,12,30,1,0,23,107.0,40.0,40.0,67.0
2380,2380,17,12,40,1,0,23,121.0,63.0,63.0,58.0
2381,2381,17,12,50,1,0,23,110.0,50.0,50.0,60.0
2382,2382,17,13,0,1,0,23,98.0,46.0,46.0,52.0
2383,2383,17,13,10,1,0,23,142.0,77.0,77.0,65.0
2384,2384,17,13,20,1,0,23,133.0,78.0,78.0,55.0
2385,2385,17,13,30,1,0,23,106.0,53.0,53.0,53.0
2386,2386,17,13,40,1,0,23,116.0,63.0,63.0,53.0
2387,2387,17,13,50,1,0,23,116.0,64.0,64.0,52.0
2388,2388,17,14,0,1,0,23,121.0,60.0,60.0,61.0
2389,2389,17,14,10,1,0,23,130.0,62.0,62.0,68.0
2390,2390,17,14,20,1,0,23,133.0,55.0,55.0,78.0
2391,2391,17,14,30,1,0,23,132.0,76.0,76.0,56.0
2392,2392,17,14,40,1,0,23,126.0,55.0,55.0,71.0
2393,2393,17,14,50,1,0,23,106.0,46.0,46.0,60.0
2394,2394,17,15,0,1,0,23,130.0,62.0,62.0,68.0
2395,2395,17,15,10,1,0,23,128.0,56.0,56.0,72.0
2396,2396,17,15,20,1,0,23,123.0,56.0,56.0,67.0
2397,2397,17,15,30,1,0,23,134.0,66.0,66.0,68.0
2398,2398,17,15,40,1,0,23,152.0,71.0,71.0,81.0
2399,2399,17,15,50,1,0,23,142.0,71.0,71.0,71.0
2400,2400,17,16,0,1,0,23,174.0,82.0,82.0,92.0
2401,2401,17,16,10,1,0,23,204.0,76.0,76.0,128.0
2402,2402,17,16,20,1,0,23,174.0,88.0,88.0,86.0
2403,2403,17,16,30,1,0,23,184.0,75.0,75.0,109.0
2404,2404,17,16,40,1,0,23,206.0,91.0,91.0,115.0
2405,2405,17,16,50,1,0,23,228.0,102.0,102.0,126.0
2406,2406,17,17,0,1,0,23,325.0,106.0,106.0,219.0
2407,2407,17,17,10,1,0,23,412.0,99.0,99.0,313.0
2408,2408,17,17,20,1,0,23,384.0,128.0,128.0,256.0
2409,2409,17,17,30,1,0,23,355.0,160.0,160.0,195.0
2410,2410,17,17,40,1,0,23,504.0,172.0,172.0,332.0
2411,2411,17,17,50,1,0,23,452.0,194.0,194.0,258.0
2412,2412,17,18,0,1,0,23,396.0,177.0,177.0,219.0
2413,2413,17,18,10,1,0,23,519.0,163.0,163.0,356.0
2414,2414,17,18,20,1,0,23,441.0,181.0,181.0,260.0
2415,2415,17,18,30,1,0,23,345.0,160.0,160.0,185.0
2416,2416,17,18,40,1,0,23,316.0,150.0,150.0,166.0
2417,2417,17,18,50,1,0,23,305.0,175.0,175.0,130.0
2418,2418,17,19,0,1,0,23,246.0,137.0,137.0,109.0
2419,2419,17,19,10,1,0,23,202.0,105.0,105.0,97.0
2420,2420,17,19,20,1,0,23,160.0,94.0,94.0,66.0
2421,2421,17,19,30,1,0,23,148.0,84.0,84.0,64.0
2422,2422,17,19,40,1,0,23,139.0,71.0,71.0,68.0
2423,2423,17,19,50,1,0,23,125.0,77.0,77.0,48.0
2424,2424,17,20,0,1,0,23,113.0,57.0,57.0,56.0
2425,2425,17,20,10,1,0,23,105.0,66.0,66.0,39.0
2426,2426,17,20,20,1,0,23,91.0,48.0,48.0,43.0
2427,2427,17,20,30,1,0,23,110.0,68.0,68.0,42.0
2428,2428,17,20,40,1,0,23,116.0,66.0,66.0,50.0
2429,2429,17,20,50,1,0,23,109.0,68.0,68.0,41.0
2430,2430,17,21,0,1,0,23,116.0,64.0,64.0,52.0
2431,2431,17,21,10,1,0,23,55.0,30.0,30.0,25.0
2432,2432,17,21,20,1,0,23,129.0,82.0,82.0,47.0
2433,2433,17,21,30,1,0,23,81.0,53.0,53.0,28.0
2434,2434,17,21,40,1,0,23,101.0,62.0,62.0,39.0
2435,2435,17,21,50,1,0,23,101.0,64.0,64.0,37.0
2436,2436,17,22,0,1,0,23,52.0,27.0,27.0,25.0
2437,2437,17,22,10,1,0,23,100.0,85.0,85.0,15.0
2438,2438,17,22,20,1,0,23,36.0,35.0,35.0,1.0
2439,2439,17,22,30,1,0,23,50.0,46.0,46.0,4.0
2440,2440,17,22,40,1,0,23,30.0,29.0,29.0,1.0
2441,2441,17,22,50,1,0,23,0.0,0.0,0.0,0.0
2478,2478,18,5,0,1,0,23,0.0,0.0,0.0,0.0
2479,2479,18,5,10,1,0,23,0.0,0.0,0.0,0.0
2480,2480,18,5,20,1,0,23,2.0,0.0,0.0,2.0
2481,2481,18,5,30,1,0,23,2.0,0.0,0.0,2.0
2482,2482,18,5,40,1,0,23,10.0,3.0,3.0,7.0
2483,2483,18,5,50,1,0,23,23.0,15.0,15.0,8.0
2484,2484,18,6,0,1,0,23,52.0,37.0,37.0,15.0
2485,2485,18,6,10,1,0,23,60.0,40.0,40.0,20.0
2486,2486,18,6,20,1,0,23,88.0,66.0,66.0,22.0
2487,2487,18,6,30,1,0,23,133.0,100.0,100.0,33.0
2488,2488,18,6,40,1,0,23,162.0,128.0,128.0,34.0
2489,2489,18,6,50,1,0,23,186.0,148.0,148.0,38.0
2490,2490,18,7,0,1,0,23,171.0,125.0,125.0,46.0
2491,2491,18,7,10,1,0,23,188.0,137.0,137.0,51.0
2492,2492,18,7,20,1,0,23,235.0,172.0,172.0,63.0
2493,2493,18,7,30,1,0,23,290.0,208.0,208.0,82.0
2494,2494,18,7,40,1,0,23,277.0,188.0,188.0,89.0
2495,2495,18,7,50,1,0,23,453.0,347.0,347.0,106.0
2496,2496,18,8,0,1,0,23,560.0,441.0,441.0,119.0
2497,2497,18,8,10,1,0,23,662.0,549.0,549.0,113.0
2498,2498,18,8,20,1,0,23,743.0,616.0,616.0,127.0
2499,2499,18,8,30,1,0,23,769.0,649.0,649.0,120.0
2500,2500,18,8,40,1,0,23,788.0,694.0,694.0,94.0
2501,2501,18,8,50,1,0,23,569.0,463.0,463.0,106.0
2502,2502,18,9,0,1,0,23,463.0,368.0,368.0,95.0
2503,2503,18,9,10,1,0,23,450.0,347.0,347.0,103.0
2504,2504,18,9,20,1,0,23,414.0,296.0,296.0,118.0
2505,2505,18,9,30,1,0,23,384.0,269.0,269.0,115.0
2506,2506,18,9,40,1,0,23,394.0,301.0,301.0,93.0
2507,2507,18,9,50,1,0,23,343.0,246.0,246.0,97.0
2508,2508,18,10,0,1,0,23,403.0,329.0,329.0,74.0
2509,2509,18,10,10,1,0,23,382.0,281.0,281.0,101.0
2510,2510,18,10,20,1,0,23,385.0,268.0,268.0,117.0
2511,2511,18,10,30,1,0,23,357.0,253.0,253.0,104.0
2512,2512,18,10,40,1,0,23,351.0,244.0,244.0,107.0
2513,2513,18,10,50,1,0,23,350.0,227.0,227.0,123.0
2514,2514,18,11,0,1,0,23,347.0,225.0,225.0,122.0
2515,2515,18,11,10,1,0,23,384.0,263.0,263.0,121.0
2516,2516,18,11,20,1,0,23,356.0,218.0,218.0,138.0
2517,2517,18,11,30,1,0,23,378.0,239.0,239.0,139.0
2518,2518,18,11,40,1,0,23,366.0,215.0,215.0,151.0
2519,2519,18,11,50,1,0,23,395.0,232.0,232.0,163.0
2520,2520,18,12,0,1,0,23,379.0,225.0,225.0,154.0
2521,2521,18,12,10,1,0,23,365.0,191.0,191.0,174.0
2522,2522,18,12,20,1,0,23,385.0,197.0,197.0,188.0
2523,2523,18,12,30,1,0,23,431.0,246.0,246.0,185.0
2524,2524,18,12,40,1,0,23,434.0,239.0,239.0,195.0
2525,2525,18,12,50,1,0,23,455.0,220.0,220.0,235.0
2526,2526,18,13,0,1,0,23,423.0,233.0,233.0,190.0
2527,2527,18,13,10,1,0,23,458.0,258.0,258.0,200.0
2528,2528,18,13,20,1,0,23,408.0,205.0,205.0,203.0
2529,2529,18,13,30,1,0,23,486.0,219.0,219.0,267.0
2530,2530,18,13,40,1,0,23,434.0,203.0,203.0,231.0
2531,2531,18,13,50,1,0,23,479.0,234.0,234.0,245.0
2532,2532,18,14,0,1,0,23,530.0,240.0,240.0,290.0
2533,2533,18,14,10,1,0,23,493.0,213.0,213.0,280.0
2534,2534,18,14,20,1,0,23,462.0,195.0,195.0,267.0
2535,2535,18,14,30,1,0,23,540.0,233.0,233.0,307.0
2536,2536,18,14,40,1,0,23,438.0,174.0,174.0,264.0
2537,2537,18,14,50,1,0,23,482.0,189.0,189.0,293.0
2538,2538,18,15,0,1,0,23,511.0,204.0,204.0,307.0
2539,2539,18,15,10,1,0,23,407.0,154.0,154.0,253.0
2540,2540,18,15,20,1,0,23,491.0,175.0,175.0,316.0
2541,2541,18,15,30,1,0,23,483.0,165.0,165.0,318.0
2542,2542,18,15,40,1,0,23,421.0,125.0,125.0,296.0
2543,2543,18,15,50,1,0,23,429.0,142.0,142.0,287.0
2544,2544,18,16,0,1,0,23,444.0,129.0,129.0,315.0
2545,2545,18,16,10,1,0,23,499.0,135.0,135.0,364.0
2546,2546,18,16,20,1,0,23,410.0,89.0,89.0,321.0
2547,2547,18,16,30,1,0,23,391.0,100.0,100.0,291.0
2548,2548,18,16,40,1,0,23,503.0,111.0,111.0,392.0
2549,2549,18,16,50,1,0,23,479.0,81.0,81.0,398.0
2550,2550,18,17,0,1,0,23,634.0,72.0,72.0,562.0
2551,2551,18,17,10,1,0,23,641.0,96.0,96.0,545.0
2552,2552,18,17,20,1,0,23,534.0,97.0,97.0,437.0
2553,2553,18,17,30,1,0,23,602.0,85.0,85.0,517.0
2554,2554,18,17,40,1,0,23,638.0,81.0,81.0,557.0
2555,2555,18,17,50,1,0,23,700.0,101.0,101.0,599.0
2556,2556,18,18,0,1,0,23,530.0,91.0,91.0,439.0
2557,2557,18,18,10,1,0,23,556.0,72.0,72.0,484.0
2558,2558,18,18,20,1,0,23,473.0,110.0,110.0,363.0
2559,2559,18,18,30,1,0,23,357.0,92.0,92.0,265.0
2560,2560,18,18,40,1,0,23,279.0,65.0,65.0,214.0
2561,2561,18,18,50,1,0,23,270.0,69.0,69.0,201.0
2562,2562,18,19,0,1,0,23,174.0,42.0,42.0,132.0
2563,2563,18,19,10,1,0,23,187.0,47.0,47.0,140.0
2564,2564,18,19,20,1,0,23,148.0,46.0,46.0,102.0
2565,2565,18,19,30,1,0,23,117.0,37.0,37.0,80.0
2566,2566,18,19,40,1,0,23,109.0,34.0,34.0,75.0
2567,2567,18,19,50,1,0,23,78.0,22.0,22.0,56.0
2568,2568,18,20,0,1,0,23,85.0,28.0,28.0,57.0
2569,2569,18,20,10,1,0,23,129.0,32.0,32.0,97.0
2570,2570,18,20,20,1,0,23,82.0,29.0,29.0,53.0
2571,2571,18,20,30,1,0,23,68.0,24.0,24.0,44.0
2572,2572,18,20,40,1,0,23,68.0,26.0,26.0,42.0
2573,2573,18,20,50,1,0,23,73.0,21.0,21.0,52.0
2574,2574,18,21,0,1,0,23,75.0,32.0,32.0,43.0
2575,2575,18,21,10,1,0,23,65.0,31.0,31.0,34.0
2576,2576,18,21,20,1,0,23,60.0,35.0,35.0,25.0
2577,2577,18,21,30,1,0,23,62.0,26.0,26.0,36.0
2578,2578,18,21,40,1,0,23,58.0,26.0,26.0,32.0
2579,2579,18,21,50,1,0,23,41.0,20.0,20.0,21.0
2580,2580,18,22,0,1,0,23,44.0,21.0,21.0,23.0
2581,2581,18,22,10,1,0,23,45.0,26.0,26.0,19.0
2582,2582,18,22,20,1,0,23,61.0,58.0,58.0,3.0
2583,2583,18,22,30,1,0,23,51.0,49.0,49.0,2.0
2584,2584,18,22,40,1,0,23,10.0,10.0,10.0,0.0
2585,2585,18,22,50,1,0,23,0.0,0.0,0.0,0.0
2622,2622,19,5,0,1,0,23,0.0,0.0,0.0,0.0
2623,2623,19,5,10,1,0,23,2.0,0.0,0.0,2.0
2624,2624,19,5,20,1,0,23,5.0,0.0,0.0,5.0
2625,2625,19,5,30,1,0,23,15.0,0.0,0.0,15.0
2626,2626,19,5,40,1,0,23,20.0,0.0,0.0,20.0
2627,2627,19,5,50,1,0,23,23.0,0.0,0.0,23.0
2628,2628,19,6,0,1,0,23,32.0,0.0,0.0,32.0
2629,2629,19,6,10,1,0,23,36.0,6.0,6.0,30.0
2630,2630,19,6,20,1,0,23,64.0,7.0,7.0,57.0
2631,2631,19,6,30,1,0,23,66.0,10.0,10.0,56.0
2632,2632,19,6,40,1,0,23,104.0,16.0,16.0,88.0
2633,2633,19,6,50,1,0,23,111.0,9.0,9.0,102.0
2634,2634,19,7,0,1,0,23,126.0,25.0,25.0,101.0
2635,2635,19,7,10,1,0,23,200.0,35.0,35.0,165.0
2636,2636,19,7,20,1,0,23,271.0,59.0,59.0,212.0
2637,2637,19,7,30,1,0,23,321.0,101.0,101.0,220.0
2638,2638,19,7,40,1,0,23,493.0,187.0,187.0,306.0
2639,2639,19,7,50,1,0,23,544.0,158.0,158.0,386.0
2640,2640,19,8,0,1,0,23,710.0,286.0,286.0,424.0
2641,2641,19,8,10,1,0,23,689.0,247.0,247.0,442.0
2642,2642,19,8,20,1,0,23,648.0,264.0,264.0,384.0
2643,2643,19,8,30,1,0,23,650.0,268.0,268.0,382.0
2644,2644,19,8,40,1,0,23,674.0,377.0,377.0,297.0
2645,2645,19,8,50,1,0,23,636.0,366.0,366.0,270.0
2646,2646,19,9,0,1,0,23,524.0,304.0,304.0,220.0
2647,2647,19,9,10,1,0,23,461.0,276.0,276.0,185.0
2648,2648,19,9,20,1,0,23,373.0,213.0,213.0,160.0
2649,2649,19,9,30,1,0,23,283.0,157.0,157.0,126.0
2650,2650,19,9,40,1,0,23,260.0,134.0,134.0,126.0
2651,2651,19,9,50,1,0,23,215.0,120.0,120.0,95.0
2652,2652,19,10,0,1,0,23,176.0,85.0,85.0,91.0
2653,2653,19,10,10,1,0,23,147.0,67.0,67.0,80.0
2654,2654,19,10,20,1,0,23,134.0,65.0,65.0,69.0
2655,2655,19,10,30,1,0,23,127.0,55.0,55.0,72.0
2656,2656,19,10,40,1,0,23,133.0,67.0,67.0,66.0
2657,2657,19,10,50,1,0,23,123.0,63.0,63.0,60.0
2658,2658,19,11,0,1,0,23,113.0,42.0,42.0,71.0
2659,2659,19,11,10,1,0,23,112.0,43.0,43.0,69.0
2660,2660,19,11,20,1,0,23,159.0,76.0,76.0,83.0
2661,2661,19,11,30,1,0,23,133.0,50.0,50.0,83.0
2662,2662,19,11,40,1,0,23,169.0,52.0,52.0,117.0
2663,2663,19,11,50,1,0,23,173.0,49.0,49.0,124.0
2664,2664,19,12,0,1,0,23,181.0,66.0,66.0,115.0
2665,2665,19,12,10,1,0,23,154.0,58.0,58.0,96.0
2666,2666,19,12,20,1,0,23,202.0,78.0,78.0,124.0
2667,2667,19,12,30,1,0,23,192.0,72.0,72.0,120.0
2668,2668,19,12,40,1,0,23,172.0,77.0,77.0,95.0
2669,2669,19,12,50,1,0,23,169.0,82.0,82.0,87.0
2670,2670,19,13,0,1,0,23,216.0,121.0,121.0,95.0
2671,2671,19,13,10,1,0,23,221.0,110.0,110.0,111.0
2672,2672,19,13,20,1,0,23,190.0,103.0,103.0,87.0
2673,2673,19,13,30,1,0,23,195.0,115.0,115.0,80.0
2674,2674,19,13,40,1,0,23,196.0,122.0,122.0,74.0
2675,2675,19,13,50,1,0,23,185.0,100.0,100.0,85.0
2676,2676,19,14,0,1,0,23,156.0,85.0,85.0,71.0
2677,2677,19,14,10,1,0,23,193.0,92.0,92.0,101.0
2678,2678,19,14,20,1,0,23,151.0,76.0,76.0,75.0
2679,2679,19,14,30,1,0,23,129.0,69.0,69.0,60.0
2680,2680,19,14,40,1,0,23,140.0,80.0,80.0,60.0
2681,2681,19,14,50,1,0,23,176.0,101.0,101.0,75.0
2682,2682,19,15,0,1,0,23,175.0,77.0,77.0,98.0
2683,2683,19,15,10,1,0,23,230.0,83.0,83.0,147.0
2684,2684,19,15,20,1,0,23,216.0,99.0,99.0,117.0
2685,2685,19,15,30,1,0,23,143.0,56.0,56.0,87.0
2686,2686,19,15,40,1,0,23,180.0,91.0,91.0,89.0
2687,2687,19,15,50,1,0,23,183.0,82.0,82.0,101.0
2688,2688,19,16,0,1,0,23,178.0,82.0,82.0,96.0
2689,2689,19,16,10,1,0,23,200.0,97.0,97.0,103.0
2690,2690,19,16,20,1,0,23,217.0,91.0,91.0,126.0
2691,2691,19,16,30,1,0,23,222.0,103.0,103.0,119.0
2692,2692,19,16,40,1,0,23,306.0,153.0,153.0,153.0
2693,2693,19,16,50,1,0,23,289.0,111.0,111.0,178.0
2694,2694,19,17,0,1,0,23,400.0,118.0,118.0,282.0
2695,2695,19,17,10,1,0,23,483.0,152.0,152.0,331.0
2696,2696,19,17,20,1,0,23,421.0,141.0,141.0,280.0
2697,2697,19,17,30,1,0,23,458.0,200.0,200.0,258.0
2698,2698,19,17,40,1,0,23,512.0,183.0,183.0,329.0
2699,2699,19,17,50,1,0,23,566.0,250.0,250.0,316.0
2700,2700,19,18,0,1,0,23,438.0,197.0,197.0,241.0
2701,2701,19,18,10,1,0,23,523.0,262.0,262.0,261.0
2702,2702,19,18,20,1,0,23,548.0,310.0,310.0,238.0
2703,2703,19,18,30,1,0,23,414.0,238.0,238.0,176.0
2704,2704,19,18,40,1,0,23,413.0,242.0,242.0,171.0
2705,2705,19,18,50,1,0,23,486.0,337.0,337.0,149.0
2706,2706,19,19,0,1,0,23,383.0,235.0,235.0,148.0
2707,2707,19,19,10,1,0,23,285.0,168.0,168.0,117.0
2708,2708,19,19,20,1,0,23,267.0,174.0,174.0,93.0
2709,2709,19,19,30,1,0,23,255.0,155.0,155.0,100.0
2710,2710,19,19,40,1,0,23,201.0,119.0,119.0,82.0
2711,2711,19,19,50,1,0,23,223.0,137.0,137.0,86.0
2712,2712,19,20,0,1,0,23,188.0,122.0,122.0,66.0
2713,2713,19,20,10,1,0,23,191.0,95.0,95.0,96.0
2714,2714,19,20,20,1,0,23,221.0,137.0,137.0,84.0
2715,2715,19,20,30,1,0,23,150.0,71.0,71.0,79.0
2716,2716,19,20,40,1,0,23,232.0,147.0,147.0,85.0
2717,2717,19,20,50,1,0,23,159.0,73.0,73.0,86.0
2718,2718,19,21,0,1,0,23,251.0,160.0,160.0,91.0
2719,2719,19,21,10,1,0,23,154.0,96.0,96.0,58.0
2720,2720,19,21,20,1,0,23,165.0,112.0,112.0,53.0
2721,2721,19,21,30,1,0,23,120.0,67.0,67.0,53.0
2722,2722,19,21,40,1,0,23,205.0,150.0,150.0,55.0
2723,2723,19,21,50,1,0,23,168.0,127.0,127.0,41.0
2724,2724,19,22,0,1,0,23,125.0,86.0,86.0,39.0
2725,2725,19,22,10,1,0,23,138.0,109.0,109.0,29.0
2726,2726,19,22,20,1,0,23,59.0,57.0,57.0,2.0
2727,2727,19,22,30,1,0,23,90.0,87.0,87.0,3.0
2728,2728,19,22,40,1,0,23,57.0,54.0,54.0,3.0
2729,2729,19,22,50,1,0,23,29.0,28.0,28.0,1.0
2766,2766,20,5,0,1,0,23,1.0,0.0,0.0,1.0
2767,2767,20,5,10,1,0,23,5.0,0.0,0.0,5.0
2768,2768,20,5,20,1,0,23,6.0,0.0,0.0,6.0
2769,2769,20,5,30,1,0,23,7.0,0.0,0.0,7.0
2770,2770,20,5,40,1,0,23,16.0,1.0,1.0,15.0
2771,2771,20,5,50,1,0,23,18.0,0.0,0.0,18.0
2772,2772,20,6,0,1,0,23,21.0,0.0,0.0,21.0
2773,2773,20,6,10,1,0,23,38.0,5.0,5.0,33.0
2774,2774,20,6,20,1,0,23,49.0,15.0,15.0,34.0
2775,2775,20,6,30,1,0,23,63.0,19.0,19.0,44.0
2776,2776,20,6,40,1,0,23,76.0,23.0,23.0,53.0
2777,2777,20,6,50,1,0,23,126.0,40.0,40.0,86.0
2778,2778,20,7,0,1,0,23,132.0,30.0,30.0,102.0
2779,2779,20,7,10,1,0,23,181.0,49.0,49.0,132.0
2780,2780,20,7,20,1,0,23,246.0,67.0,67.0,179.0
2781,2781,20,7,30,1,0,23,296.0,82.0,82.0,214.0
2782,2782,20,7,40,1,0,23,435.0,149.0,149.0,286.0
2783,2783,20,7,50,1,0,23,406.0,103.0,103.0,303.0
2784,2784,20,8,0,1,0,23,549.0,213.0,213.0,336.0
2785,2785,20,8,10,1,0,23,583.0,248.0,248.0,335.0
2786,2786,20,8,20,1,0,23,743.0,465.0,465.0,278.0
2787,2787,20,8,30,1,0,23,608.0,341.0,341.0,267.0
2788,2788,20,8,40,1,0,23,931.0,683.0,683.0,248.0
2789,2789,20,8,50,1,0,23,522.0,339.0,339.0,183.0
2790,2790,20,9,0,1,0,23,498.0,334.0,334.0,164.0
2791,2791,20,9,10,1,0,23,489.0,369.0,369.0,120.0
2792,2792,20,9,20,1,0,23,349.0,221.0,221.0,128.0
2793,2793,20,9,30,1,0,23,329.0,233.0,233.0,96.0
2794,2794,20,9,40,1,0,23,278.0,201.0,201.0,77.0
2795,2795,20,9,50,1,0,23,181.0,100.0,100.0,81.0
2796,2796,20,10,0,1,0,23,233.0,141.0,141.0,92.0
2797,2797,20,10,10,1,0,23,198.0,119.0,119.0,79.0
2798,2798,20,10,20,1,0,23,170.0,94.0,94.0,76.0
2799,2799,20,10,30,1,0,23,181.0,113.0,113.0,68.0
2800,2800,20,10,40,1,0,23,190.0,117.0,117.0,73.0
2801,2801,20,10,50,1,0,23,173.0,89.0,89.0,84.0
2802,2802,20,11,0,1,0,23,192.0,117.0,117.0,75.0
2803,2803,20,11,10,1,0,23,133.0,68.0,68.0,65.0
2804,2804,20,11,20,1,0,23,168.0,110.0,110.0,58.0
2805,2805,20,11,30,1,0,23,231.0,145.0,145.0,86.0
2806,2806,20,11,40,1,0,23,172.0,90.0,90.0,82.0
2807,2807,20,11,50,1,0,23,169.0,88.0,88.0,81.0
2808,2808,20,12,0,1,0,23,215.0,122.0,122.0,93.0
2809,2809,20,12,10,1,0,23,249.0,132.0,132.0,117.0
2810,2810,20,12,20,1,0,23,255.0,151.0,151.0,104.0
2811,2811,20,12,30,1,0,23,245.0,151.0,151.0,94.0
2812,2812,20,12,40,1,0,23,192.0,102.0,102.0,90.0
2813,2813,20,12,50,1,0,23,197.0,108.0,108.0,89.0
2814,2814,20,13,0,1,0,23,242.0,132.0,132.0,110.0
2815,2815,20,13,10,1,0,23,241.0,101.0,101.0,140.0
2816,2816,20,13,20,1,0,23,226.0,125.0,125.0,101.0
2817,2817,20,13,30,1,0,23,201.0,98.0,98.0,103.0
2818,2818,20,13,40,1,0,23,239.0,129.0,129.0,110.0
2819,2819,20,13,50,1,0,23,207.0,109.0,109.0,98.0
2820,2820,20,14,0,1,0,23,238.0,121.0,121.0,117.0
2821,2821,20,14,10,1,0,23,240.0,106.0,106.0,134.0
2822,2822,20,14,20,1,0,23,225.0,116.0,116.0,109.0
2823,2823,20,14,30,1,0,23,247.0,131.0,131.0,116.0
2824,2824,20,14,40,1,0,23,229.0,129.0,129.0,100.0
2825,2825,20,14,50,1,0,23,217.0,131.0,131.0,86.0
2826,2826,20,15,0,1,0,23,201.0,107.0,107.0,94.0
2827,2827,20,15,10,1,0,23,259.0,116.0,116.0,143.0
2828,2828,20,15,20,1,0,23,268.0,137.0,137.0,131.0
2829,2829,20,15,30,1,0,23,268.0,155.0,155.0,113.0
2830,2830,20,15,40,1,0,23,246.0,146.0,146.0,100.0
2831,2831,20,15,50,1,0,23,232.0,139.0,139.0,93.0
2832,2832,20,16,0,1,0,23,279.0,158.0,158.0,121.0
2833,2833,20,16,10,1,0,23,242.0,100.0,100.0,142.0
2834,2834,20,16,20,1,0,23,271.0,133.0,133.0,138.0
2835,2835,20,16,30,1,0,23,272.0,141.0,141.0,131.0
2836,2836,20,16,40,1,0,23,306.0,156.0,156.0,150.0
2837,2837,20,16,50,1,0,23,334.0,212.0,212.0,122.0
2838,2838,20,17,0,1,0,23,319.0,176.0,176.0,143.0
2839,2839,20,17,10,1,0,23,415.0,173.0,173.0,242.0
2840,2840,20,17,20,1,0,23,446.0,230.0,230.0,216.0
2841,2841,20,17,30,1,0,23,511.0,299.0,299.0,212.0
2842,2842,20,17,40,1,0,23,630.0,292.0,292.0,338.0
2843,2843,20,17,50,1,0,23,638.0,325.0,325.0,313.0
2844,2844,20,18,0,1,0,23,568.0,317.0,317.0,251.0
2845,2845,20,18,10,1,0,23,713.0,380.0,380.0,333.0
2846,2846,20,18,20,1,0,23,689.0,345.0,345.0,344.0
2847,2847,20,18,30,1,0,23,585.0,314.0,314.0,271.0
2848,2848,20,18,40,1,0,23,575.0,293.0,293.0,282.0
2849,2849,20,18,50,1,0,23,531.0,293.0,293.0,238.0
2850,2850,20,19,0,1,0,23,462.0,273.0,273.0,189.0
2851,2851,20,19,10,1,0,23,363.0,193.0,193.0,170.0
2852,2852,20,19,20,1,0,23,332.0,187.0,187.0,145.0
2853,2853,20,19,30,1,0,23,328.0,160.0,160.0,168.0
2854,2854,20,19,40,1,0,23,271.0,130.0,130.0,141.0
2855,2855,20,19,50,1,0,23,257.0,133.0,133.0,124.0
2856,2856,20,20,0,1,0,23,250.0,103.0,103.0,147.0
2857,2857,20,20,10,1,0,23,194.0,36.0,36.0,158.0
2858,2858,20,20,20,1,0,23,236.0,104.0,104.0,132.0
2859,2859,20,20,30,1,0,23,247.0,73.0,73.0,174.0
2860,2860,20,20,40,1,0,23,220.0,77.0,77.0,143.0
2861,2861,20,20,50,1,0,23,218.0,81.0,81.0,137.0
2862,2862,20,21,0,1,0,23,194.0,55.0,55.0,139.0
2863,2863,20,21,10,1,0,23,241.0,88.0,88.0,153.0
2864,2864,20,21,20,1,0,23,189.0,44.0,44.0,145.0
2865,2865,20,21,30,1,0,23,182.0,72.0,72.0,110.0
2866,2866,20,21,40,1,0,23,175.0,43.0,43.0,132.0
2867,2867,20,21,50,1,0,23,181.0,91.0,91.0,90.0
2868,2868,20,22,0,1,0,23,199.0,90.0,90.0,109.0
2869,2869,20,22,10,1,0,23,63.0,53.0,53.0,10.0
2870,2870,20,22,20,1,0,23,84.0,81.0,81.0,3.0
2871,2871,20,22,30,1,0,23,55.0,55.0,55.0,0.0
2872,2872,20,22,40,1,0,23,29.0,26.0,26.0,3.0
2873,2873,20,22,50,1,0,23,22.0,21.0,21.0,1.0
2910,2910,21,5,0,1,0,23,2.0,0.0,0.0,2.0
2911,2911,21,5,10,1,0,23,3.0,0.0,0.0,3.0
2912,2912,21,5,20,1,0,23,3.0,0.0,0.0,3.0
2913,2913,21,5,30,1,0,23,2.0,0.0,0.0,2.0
2914,2914,21,5,40,1,0,23,6.0,0.0,0.0,6.0
2915,2915,21,5,50,1,0,23,8.0,0.0,0.0,8.0
2916,2916,21,6,0,1,0,23,18.0,0.0,0.0,18.0
2917,2917,21,6,10,1,0,23,25.0,0.0,0.0,25.0
2918,2918,21,6,20,1,0,23,38.0,4.0,4.0,34.0
2919,2919,21,6,30,1,0,23,55.0,6.0,6.0,49.0
2920,2920,21,6,40,1,0,23,101.0,16.0,16.0,85.0
2921,2921,21,6,50,1,0,23,90.0,9.0,9.0,81.0
2922,2922,21,7,0,1,0,23,142.0,17.0,17.0,125.0
2923,2923,21,7,10,1,0,23,240.0,26.0,26.0,214.0
2924,2924,21,7,20,1,0,23,229.0,19.0,19.0,210.0
2925,2925,21,7,30,1,0,23,320.0,28.0,28.0,292.0
2926,2926,21,7,40,1,0,23,452.0,22.0,22.0,430.0
2927,2927,21,7,50,1,0,23,462.0,30.0,30.0,432.0
2928,2928,21,8,0,1,0,23,384.0,25.0,25.0,359.0
2929,2929,21,8,10,1,0,23,428.0,42.0,42.0,386.0
2930,2930,21,8,20,1,0,23,291.0,33.0,33.0,258.0
2931,2931,21,8,30,1,0,23,304.0,51.0,51.0,253.0
2932,2932,21,8,40,1,0,23,221.0,49.0,49.0,172.0
2933,2933,21,8,50,1,0,23,184.0,38.0,38.0,146.0
2934,2934,21,9,0,1,0,23,120.0,29.0,29.0,91.0
2935,2935,21,9,10,1,0,23,117.0,24.0,24.0,93.0
2936,2936,21,9,20,1,0,23,113.0,31.0,31.0,82.0
2937,2937,21,9,30,1,0,23,94.0,23.0,23.0,71.0
2938,2938,21,9,40,1,0,23,81.0,33.0,33.0,48.0
2939,2939,21,9,50,1,0,23,76.0,19.0,19.0,57.0
2940,2940,21,10,0,1,0,23,84.0,23.0,23.0,61.0
2941,2941,21,10,10,1,0,23,50.0,19.0,19.0,31.0
2942,2942,21,10,20,1,0,23,55.0,19.0,19.0,36.0
2943,2943,21,10,30,1,0,23,49.0,23.0,23.0,26.0
2944,2944,21,10,40,1,0,23,48.0,12.0,12.0,36.0
2945,2945,21,10,50,1,0,23,50.0,28.0,28.0,22.0
2946,2946,21,11,0,1,0,23,34.0,12.0,12.0,22.0
2947,2947,21,11,10,1,0,23,49.0,24.0,24.0,25.0
2948,2948,21,11,20,1,0,23,57.0,18.0,18.0,39.0
2949,2949,21,11,30,1,0,23,46.0,13.0,13.0,33.0
2950,2950,21,11,40,1,0,23,51.0,14.0,14.0,37.0
2951,2951,21,11,50,1,0,23,75.0,37.0,37.0,38.0
2952,2952,21,12,0,1,0,23,49.0,21.0,21.0,28.0
2953,2953,21,12,10,1,0,23,59.0,21.0,21.0,38.0
2954,2954,21,12,20,1,0,23,52.0,18.0,18.0,34.0
2955,2955,21,12,30,1,0,23,44.0,24.0,24.0,20.0
2956,2956,21,12,40,1,0,23,77.0,33.0,33.0,44.0
2957,2957,21,12,50,1,0,23,53.0,26.0,26.0,27.0
2958,2958,21,13,0,1,0,23,50.0,27.0,27.0,23.0
2959,2959,21,13,10,1,0,23,63.0,34.0,34.0,29.0
2960,2960,21,13,20,1,0,23,57.0,25.0,25.0,32.0
2961,2961,21,13,30,1,0,23,52.0,32.0,32.0,20.0
2962,2962,21,13,40,1,0,23,38.0,21.0,21.0,17.0
2963,2963,21,13,50,1,0,23,56.0,26.0,26.0,30.0
2964,2964,21,14,0,1,0,23,44.0,27.0,27.0,17.0
2965,2965,21,14,10,1,0,23,50.0,31.0,31.0,19.0
2966,2966,21,14,20,1,0,23,45.0,21.0,21.0,24.0
2967,2967,21,14,30,1,0,23,32.0,19.0,19.0,13.0
2968,2968,21,14,40,1,0,23,52.0,31.0,31.0,21.0
2969,2969,21,14,50,1,0,23,70.0,34.0,34.0,36.0
2970,2970,21,15,0,1,0,23,52.0,27.0,27.0,25.0
2971,2971,21,15,10,1,0,23,64.0,40.0,40.0,24.0
2972,2972,21,15,20,1,0,23,55.0,33.0,33.0,22.0
2973,2973,21,15,30,1,0,23,63.0,43.0,43.0,20.0
2974,2974,21,15,40,1,0,23,72.0,50.0,50.0,22.0
2975,2975,21,15,50,1,0,23,74.0,52.0,52.0,22.0
2976,2976,21,16,0,1,0,23,58.0,24.0,24.0,34.0
2977,2977,21,16,10,1,0,23,84.0,38.0,38.0,46.0
2978,2978,21,16,20,1,0,23,95.0,47.0,47.0,48.0
2979,2979,21,16,30,1,0,23,96.0,45.0,45.0,51.0
2980,2980,21,16,40,1,0,23,97.0,47.0,47.0,50.0
2981,2981,21,16,50,1,0,23,104.0,68.0,68.0,36.0
2982,2982,21,17,0,1,0,23,87.0,53.0,53.0,34.0
2983,2983,21,17,10,1,0,23,124.0,73.0,73.0,51.0
2984,2984,21,17,20,1,0,23,181.0,118.0,118.0,63.0
2985,2985,21,17,30,1,0,23,162.0,119.0,119.0,43.0
2986,2986,21,17,40,1,0,23,175.0,112.0,112.0,63.0
2987,2987,21,17,50,1,0,23,186.0,144.0,144.0,42.0
2988,2988,21,18,0,1,0,23,210.0,162.0,162.0,48.0
2989,2989,21,18,10,1,0,23,216.0,178.0,178.0,38.0
2990,2990,21,18,20,1,0,23,211.0,186.0,186.0,25.0
2991,2991,21,18,30,1,0,23,215.0,190.0,190.0,25.0
2992,2992,21,18,40,1,0,23,217.0,172.0,172.0,45.0
2993,2993,21,18,50,1,0,23,195.0,176.0,176.0,19.0
2994,2994,21,19,0,1,0,23,191.0,169.0,169.0,22.0
2995,2995,21,19,10,1,0,23,149.0,132.0,132.0,17.0
2996,2996,21,19,20,1,0,23,110.0,94.0,94.0,16.0
2997,2997,21,19,30,1,0,23,108.0,96.0,96.0,12.0
2998,2998,21,19,40,1,0,23,87.0,76.0,76.0,11.0
2999,2999,21,19,50,1,0,23,73.0,65.0,65.0,8.0
3000,3000,21,20,0,1,0,23,91.0,85.0,85.0,6.0
3001,3001,21,20,10,1,0,23,69.0,59.0,59.0,10.0
3002,3002,21,20,20,1,0,23,78.0,63.0,63.0,15.0
3003,3003,21,20,30,1,0,23,62.0,47.0,47.0,15.0
3004,3004,21,20,40,1,0,23,77.0,55.0,55.0,22.0
3005,3005,21,20,50,1,0,23,61.0,56.0,56.0,5.0
3006,3006,21,21,0,1,0,23,84.0,75.0,75.0,9.0
3007,3007,21,21,10,1,0,23,28.0,22.0,22.0,6.0
3008,3008,21,21,20,1,0,23,76.0,70.0,70.0,6.0
3009,3009,21,21,30,1,0,23,63.0,58.0,58.0,5.0
3010,3010,21,21,40,1,0,23,50.0,37.0,37.0,13.0
3011,3011,21,21,50,1,0,23,51.0,47.0,47.0,4.0
3012,3012,21,22,0,1,0,23,18.0,18.0,18.0,0.0
3013,3013,21,22,10,1,0,23,53.0,53.0,53.0,0.0
3014,3014,21,22,20,1,0,23,17.0,16.0,16.0,1.0
3015,3015,21,22,30,1,0,23,36.0,35.0,35.0,1.0
3016,3016,21,22,40,1,0,23,18.0,16.0,16.0,2.0
3017,3017,21,22,50,1,0,23,13.0,13.0,13.0,0.0
3054,3054,22,5,0,1,0,23,0.0,0.0,0.0,0.0
3055,3055,22,5,10,1,0,23,0.0,0.0,0.0,0.0
3056,3056,22,5,20,1,0,23,4.0,0.0,0.0,4.0
3057,3057,22,5,30,1,0,23,4.0,0.0,0.0,4.0
3058,3058,22,5,40,1,0,23,8.0,0.0,0.0,8.0
3059,3059,22,5,50,1,0,23,11.0,3.0,3.0,8.0
3060,3060,22,6,0,1,0,23,17.0,5.0,5.0,12.0
3061,3061,22,6,10,1,0,23,23.0,5.0,5.0,18.0
3062,3062,22,6,20,1,0,23,33.0,12.0,12.0,21.0
3063,3063,22,6,30,1,0,23,46.0,21.0,21.0,25.0
3064,3064,22,6,40,1,0,23,66.0,34.0,34.0,32.0
3065,3065,22,6,50,1,0,23,79.0,29.0,29.0,50.0
3066,3066,22,7,0,1,0,23,97.0,41.0,41.0,56.0
3067,3067,22,7,10,1,0,23,124.0,57.0,57.0,67.0
3068,3068,22,7,20,1,0,23,162.0,86.0,86.0,76.0
3069,3069,22,7,30,1,0,23,217.0,122.0,122.0,95.0
3070,3070,22,7,40,1,0,23,254.0,151.0,151.0,103.0
3071,3071,22,7,50,1,0,23,317.0,196.0,196.0,121.0
3072,3072,22,8,0,1,0,23,350.0,218.0,218.0,132.0
3073,3073,22,8,10,1,0,23,508.0,354.0,354.0,154.0
3074,3074,22,8,20,1,0,23,496.0,325.0,325.0,171.0
3075,3075,22,8,30,1,0,23,478.0,323.0,323.0,155.0
3076,3076,22,8,40,1,0,23,697.0,538.0,538.0,159.0
3077,3077,22,8,50,1,0,23,571.0,456.0,456.0,115.0
3078,3078,22,9,0,1,0,23,492.0,397.0,397.0,95.0
3079,3079,22,9,10,1,0,23,468.0,361.0,361.0,107.0
3080,3080,22,9,20,1,0,23,435.0,332.0,332.0,103.0
3081,3081,22,9,30,1,0,23,327.0,255.0,255.0,72.0
3082,3082,22,9,40,1,0,23,347.0,266.0,266.0,81.0
3083,3083,22,9,50,1,0,23,319.0,261.0,261.0,58.0
3084,3084,22,10,0,1,0,23,273.0,180.0,180.0,93.0
3085,3085,22,10,10,1,0,23,213.0,157.0,157.0,56.0
3086,3086,22,10,20,1,0,23,180.0,120.0,120.0,60.0
3087,3087,22,10,30,1,0,23,168.0,102.0,102.0,66.0
3088,3088,22,10,40,1,0,23,156.0,84.0,84.0,72.0
3089,3089,22,10,50,1,0,23,163.0,90.0,90.0,73.0
3090,3090,22,11,0,1,0,23,160.0,95.0,95.0,65.0
3091,3091,22,11,10,1,0,23,138.0,84.0,84.0,54.0
3092,3092,22,11,20,1,0,23,149.0,88.0,88.0,61.0
3093,3093,22,11,30,1,0,23,172.0,78.0,78.0,94.0
3094,3094,22,11,40,1,0,23,175.0,104.0,104.0,71.0
3095,3095,22,11,50,1,0,23,171.0,101.0,101.0,70.0
3096,3096,22,12,0,1,0,23,158.0,76.0,76.0,82.0
3097,3097,22,12,10,1,0,23,181.0,99.0,99.0,82.0
3098,3098,22,12,20,1,0,23,152.0,90.0,90.0,62.0
3099,3099,22,12,30,1,0,23,202.0,109.0,109.0,93.0
3100,3100,22,12,40,1,0,23,180.0,106.0,106.0,74.0
3101,3101,22,12,50,1,0,23,167.0,96.0,96.0,71.0
3102,3102,22,13,0,1,0,23,174.0,104.0,104.0,70.0
3103,3103,22,13,10,1,0,23,191.0,110.0,110.0,81.0
3104,3104,22,13,20,1,0,23,194.0,122.0,122.0,72.0
3105,3105,22,13,30,1,0,23,270.0,176.0,176.0,94.0
3106,3106,22,13,40,1,0,23,201.0,123.0,123.0,78.0
3107,3107,22,13,50,1,0,23,209.0,114.0,114.0,95.0
3108,3108,22,14,0,1,0,23,196.0,109.0,109.0,87.0
3109,3109,22,14,10,1,0,23,174.0,80.0,80.0,94.0
3110,3110,22,14,20,1,0,23,204.0,115.0,115.0,89.0
3111,3111,22,14,30,1,0,23,218.0,109.0,109.0,109.0
3112,3112,22,14,40,1,0,23,186.0,90.0,90.0,96.0
3113,3113,22,14,50,1,0,23,205.0,108.0,108.0,97.0
3114,3114,22,15,0,1,0,23,215.0,106.0,106.0,109.0
3115,3115,22,15,10,1,0,23,190.0,73.0,73.0,117.0
3116,3116,22,15,20,1,0,23,208.0,96.0,96.0,112.0
3117,3117,22,15,30,1,0,23,211.0,94.0,94.0,117.0
3118,3118,22,15,40,1,0,23,205.0,94.0,94.0,111.0
3119,3119,22,15,50,1,0,23,207.0,93.0,93.0,114.0
3120,3120,22,16,0,1,0,23,220.0,98.0,98.0,122.0
3121,3121,22,16,10,1,0,23,245.0,95.0,95.0,150.0
3122,3122,22,16,20,1,0,23,272.0,112.0,112.0,160.0
3123,3123,22,16,30,1,0,23,233.0,80.0,80.0,153.0
3124,3124,22,16,40,1,0,23,233.0,101.0,101.0,132.0
3125,3125,22,16,50,1,0,23,246.0,88.0,88.0,158.0
3126,3126,22,17,0,1,0,23,374.0,111.0,111.0,263.0
3127,3127,22,17,10,1,0,23,336.0,107.0,107.0,229.0
3128,3128,22,17,20,1,0,23,321.0,118.0,118.0,203.0
3129,3129,22,17,30,1,0,23,442.0,182.0,182.0,260.0
3130,3130,22,17,40,1,0,23,523.0,162.0,162.0,361.0
3131,3131,22,17,50,1,0,23,468.0,205.0,205.0,263.0
3132,3132,22,18,0,1,0,23,490.0,195.0,195.0,295.0
3133,3133,22,18,10,1,0,23,659.0,204.0,204.0,455.0
3134,3134,22,18,20,1,0,23,526.0,200.0,200.0,326.0
3135,3135,22,18,30,1,0,23,448.0,210.0,210.0,238.0
3136,3136,22,18,40,1,0,23,454.0,186.0,186.0,268.0
3137,3137,22,18,50,1,0,23,394.0,179.0,179.0,215.0
3138,3138,22,19,0,1,0,23,364.0,166.0,166.0,198.0
3139,3139,22,19,10,1,0,23,303.0,126.0,126.0,177.0
3140,3140,22,19,20,1,0,23,246.0,109.0,109.0,137.0
3141,3141,22,19,30,1,0,23,212.0,85.0,85.0,127.0
3142,3142,22,19,40,1,0,23,213.0,91.0,91.0,122.0
3143,3143,22,19,50,1,0,23,195.0,70.0,70.0,125.0
3144,3144,22,20,0,1,0,23,173.0,67.0,67.0,106.0
3145,3145,22,20,10,1,0,23,190.0,74.0,74.0,116.0
3146,3146,22,20,20,1,0,23,143.0,46.0,46.0,97.0
3147,3147,22,20,30,1,0,23,187.0,42.0,42.0,145.0
3148,3148,22,20,40,1,0,23,191.0,69.0,69.0,122.0
3149,3149,22,20,50,1,0,23,136.0,29.0,29.0,107.0
3150,3150,22,21,0,1,0,23,209.0,53.0,53.0,156.0
3151,3151,22,21,10,1,0,23,172.0,24.0,24.0,148.0
3152,3152,22,21,20,1,0,23,178.0,72.0,72.0,106.0
3153,3153,22,21,30,1,0,23,172.0,48.0,48.0,124.0
3154,3154,22,21,40,1,0,23,163.0,62.0,62.0,101.0
3155,3155,22,21,50,1,0,23,166.0,40.0,40.0,126.0
3156,3156,22,22,0,1,0,23,236.0,46.0,46.0,190.0
3157,3157,22,22,10,1,0,23,135.0,38.0,38.0,97.0
3158,3158,22,22,20,1,0,23,89.0,36.0,36.0,53.0
3159,3159,22,22,30,1,0,23,38.0,32.0,32.0,6.0
3160,3160,22,22,40,1,0,23,0.0,0.0,0.0,0.0
3161,3161,22,22,50,1,0,23,0.0,0.0,0.0,0.0
3198,3198,23,5,0,1,0,23,0.0,0.0,0.0,0.0
3199,3199,23,5,10,1,0,23,0.0,0.0,0.0,0.0
3200,3200,23,5,20,1,0,23,0.0,0.0,0.0,0.0
3201,3201,23,5,30,1,0,23,5.0,0.0,0.0,5.0
3202,3202,23,5,40,1,0,23,6.0,1.0,1.0,5.0
3203,3203,23,5,50,1,0,23,6.0,1.0,1.0,5.0
3204,3204,23,6,0,1,0,23,9.0,1.0,1.0,8.0
3205,3205,23,6,10,1,0,23,26.0,9.0,9.0,17.0
3206,3206,23,6,20,1,0,23,20.0,3.0,3.0,17.0
3207,3207,23,6,30,1,0,23,30.0,24.0,24.0,6.0
3208,3208,23,6,40,1,0,23,61.0,40.0,40.0,21.0
3209,3209,23,6,50,1,0,23,66.0,37.0,37.0,29.0
3210,3210,23,7,0,1,0,23,71.0,24.0,24.0,47.0
3211,3211,23,7,10,1,0,23,122.0,78.0,78.0,44.0
3212,3212,23,7,20,1,0,23,165.0,112.0,112.0,53.0
3213,3213,23,7,30,1,0,23,220.0,148.0,148.0,72.0
3214,3214,23,7,40,1,0,23,315.0,237.0,237.0,78.0
3215,3215,23,7,50,1,0,23,485.0,385.0,385.0,100.0
3216,3216,23,8,0,1,0,23,820.0,703.0,703.0,117.0
3217,3217,23,8,10,1,0,23,1075.0,909.0,909.0,166.0
3218,3218,23,8,20,1,0,23,1040.0,921.0,921.0,119.0
3219,3219,23,8,30,1,0,23,1376.0,1244.0,1244.0,132.0
3220,3220,23,8,40,1,0,23,1609.0,1472.0,1472.0,137.0
3221,3221,23,8,50,1,0,23,1283.0,1192.0,1192.0,91.0
3222,3222,23,9,0,1,0,23,748.0,649.0,649.0,99.0
3223,3223,23,9,10,1,0,23,713.0,637.0,637.0,76.0
3224,3224,23,9,20,1,0,23,502.0,433.0,433.0,69.0
3225,3225,23,9,30,1,0,23,395.0,308.0,308.0,87.0
3226,3226,23,9,40,1,0,23,310.0,247.0,247.0,63.0
3227,3227,23,9,50,1,0,23,262.0,179.0,179.0,83.0
3228,3228,23,10,0,1,0,23,180.0,112.0,112.0,68.0
3229,3229,23,10,10,1,0,23,174.0,131.0,131.0,43.0
3230,3230,23,10,20,1,0,23,201.0,117.0,117.0,84.0
3231,3231,23,10,30,1,0,23,179.0,96.0,96.0,83.0
3232,3232,23,10,40,1,0,23,170.0,85.0,85.0,85.0
3233,3233,23,10,50,1,0,23,167.0,80.0,80.0,87.0
3234,3234,23,11,0,1,0,23,176.0,83.0,83.0,93.0
3235,3235,23,11,10,1,0,23,151.0,69.0,69.0,82.0
3236,3236,23,11,20,1,0,23,153.0,73.0,73.0,80.0
3237,3237,23,11,30,1,0,23,146.0,86.0,86.0,60.0
3238,3238,23,11,40,1,0,23,153.0,75.0,75.0,78.0
3239,3239,23,11,50,1,0,23,151.0,67.0,67.0,84.0
3240,3240,23,12,0,1,0,23,184.0,60.0,60.0,124.0
3241,3241,23,12,10,1,0,23,192.0,75.0,75.0,117.0
3242,3242,23,12,20,1,0,23,168.0,72.0,72.0,96.0
3243,3243,23,12,30,1,0,23,173.0,92.0,92.0,81.0
3244,3244,23,12,40,1,0,23,152.0,72.0,72.0,80.0
3245,3245,23,12,50,1,0,23,184.0,91.0,91.0,93.0
3246,3246,23,13,0,1,0,23,186.0,93.0,93.0,93.0
3247,3247,23,13,10,1,0,23,159.0,84.0,84.0,75.0
3248,3248,23,13,20,1,0,23,162.0,89.0,89.0,73.0
3249,3249,23,13,30,1,0,23,159.0,86.0,86.0,73.0
3250,3250,23,13,40,1,0,23,165.0,82.0,82.0,83.0
3251,3251,23,13,50,1,0,23,183.0,95.0,95.0,88.0
3252,3252,23,14,0,1,0,23,191.0,100.0,100.0,91.0
3253,3253,23,14,10,1,0,23,182.0,85.0,85.0,97.0
3254,3254,23,14,20,1,0,23,169.0,82.0,82.0,87.0
3255,3255,23,14,30,1,0,23,151.0,71.0,71.0,80.0
3256,3256,23,14,40,1,0,23,180.0,85.0,85.0,95.0
3257,3257,23,14,50,1,0,23,199.0,71.0,71.0,128.0
3258,3258,23,15,0,1,0,23,164.0,69.0,69.0,95.0
3259,3259,23,15,10,1,0,23,144.0,61.0,61.0,83.0
3260,3260,23,15,20,1,0,23,151.0,63.0,63.0,88.0
3261,3261,23,15,30,1,0,23,160.0,64.0,64.0,96.0
3262,3262,23,15,40,1,0,23,167.0,71.0,71.0,96.0
3263,3263,23,15,50,1,0,23,177.0,88.0,88.0,89.0
3264,3264,23,16,0,1,0,23,203.0,80.0,80.0,123.0
3265,3265,23,16,10,1,0,23,209.0,76.0,76.0,133.0
3266,3266,23,16,20,1,0,23,207.0,90.0,90.0,117.0
3267,3267,23,16,30,1,0,23,201.0,58.0,58.0,143.0
3268,3268,23,16,40,1,0,23,270.0,97.0,97.0,173.0
3269,3269,23,16,50,1,0,23,257.0,96.0,96.0,161.0
3270,3270,23,17,0,1,0,23,334.0,85.0,85.0,249.0
3271,3271,23,17,10,1,0,23,505.0,84.0,84.0,421.0
3272,3272,23,17,20,1,0,23,449.0,81.0,81.0,368.0
3273,3273,23,17,30,1,0,23,639.0,86.0,86.0,553.0
3274,3274,23,17,40,1,0,23,1203.0,106.0,106.0,1097.0
3275,3275,23,17,50,1,0,23,958.0,102.0,102.0,856.0
3276,3276,23,18,0,1,0,23,890.0,120.0,120.0,770.0
3277,3277,23,18,10,1,0,23,1186.0,124.0,124.0,1062.0
3278,3278,23,18,20,1,0,23,835.0,106.0,106.0,729.0
3279,3279,23,18,30,1,0,23,619.0,121.0,121.0,498.0
3280,3280,23,18,40,1,0,23,465.0,103.0,103.0,362.0
3281,3281,23,18,50,1,0,23,325.0,83.0,83.0,242.0
3282,3282,23,19,0,1,0,23,249.0,62.0,62.0,187.0
3283,3283,23,19,10,1,0,23,260.0,79.0,79.0,181.0
3284,3284,23,19,20,1,0,23,244.0,81.0,81.0,163.0
3285,3285,23,19,30,1,0,23,197.0,65.0,65.0,132.0
3286,3286,23,19,40,1,0,23,150.0,35.0,35.0,115.0
3287,3287,23,19,50,1,0,23,136.0,48.0,48.0,88.0
3288,3288,23,20,0,1,0,23,124.0,37.0,37.0,87.0
3289,3289,23,20,10,1,0,23,144.0,41.0,41.0,103.0
3290,3290,23,20,20,1,0,23,136.0,21.0,21.0,115.0
3291,3291,23,20,30,1,0,23,122.0,30.0,30.0,92.0
3292,3292,23,20,40,1,0,23,118.0,23.0,23.0,95.0
3293,3293,23,20,50,1,0,23,123.0,28.0,28.0,95.0
3294,3294,23,21,0,1,0,23,114.0,33.0,33.0,81.0
3295,3295,23,21,10,1,0,23,133.0,14.0,14.0,119.0
3296,3296,23,21,20,1,0,23,114.0,31.0,31.0,83.0
3297,3297,23,21,30,1,0,23,165.0,24.0,24.0,141.0
3298,3298,23,21,40,1,0,23,191.0,24.0,24.0,167.0
3299,3299,23,21,50,1,0,23,95.0,10.0,10.0,85.0
3300,3300,23,22,0,1,0,23,77.0,24.0,24.0,53.0
3301,3301,23,22,10,1,0,23,63.0,25.0,25.0,38.0
3302,3302,23,22,20,1,0,23,25.0,23.0,23.0,2.0
3303,3303,23,22,30,1,0,23,26.0,19.0,19.0,7.0
3304,3304,23,22,40,1,0,23,14.0,10.0,10.0,4.0
3305,3305,23,22,50,1,0,23,0.0,0.0,0.0,0.0
3342,3342,24,5,0,1,0,23,4.0,0.0,0.0,4.0
3343,3343,24,5,10,1,0,23,1.0,0.0,0.0,1.0
3344,3344,24,5,20,1,0,23,0.0,0.0,0.0,0.0
3345,3345,24,5,30,1,0,23,1.0,0.0,0.0,1.0
3346,3346,24,5,40,1,0,23,1.0,0.0,0.0,1.0
3347,3347,24,5,50,1,0,23,7.0,0.0,0.0,7.0
3348,3348,24,6,0,1,0,23,1.0,0.0,0.0,1.0
3349,3349,24,6,10,1,0,23,6.0,0.0,0.0,6.0
3350,3350,24,6,20,1,0,23,8.0,2.0,2.0,6.0
3351,3351,24,6,30,1,0,23,10.0,0.0,0.0,10.0
3352,3352,24,6,40,1,0,23,12.0,0.0,0.0,12.0
3353,3353,24,6,50,1,0,23,29.0,1.0,1.0,28.0
3354,3354,24,7,0,1,0,23,28.0,1.0,1.0,27.0
3355,3355,24,7,10,1,0,23,54.0,7.0,7.0,47.0
3356,3356,24,7,20,1,0,23,47.0,10.0,10.0,37.0
3357,3357,24,7,30,1,0,23,104.0,16.0,16.0,88.0
3358,3358,24,7,40,1,0,23,94.0,10.0,10.0,84.0
3359,3359,24,7,50,1,0,23,101.0,16.0,16.0,85.0
3360,3360,24,8,0,1,0,23,86.0,15.0,15.0,71.0
3361,3361,24,8,10,1,0,23,101.0,21.0,21.0,80.0
3362,3362,24,8,20,1,0,23,81.0,9.0,9.0,72.0
3363,3363,24,8,30,1,0,23,72.0,19.0,19.0,53.0
3364,3364,24,8,40,1,0,23,60.0,25.0,25.0,35.0
3365,3365,24,8,50,1,0,23,63.0,21.0,21.0,42.0
3366,3366,24,9,0,1,0,23,39.0,15.0,15.0,24.0
3367,3367,24,9,10,1,0,23,33.0,13.0,13.0,20.0
3368,3368,24,9,20,1,0,23,25.0,16.0,16.0,9.0
3369,3369,24,9,30,1,0,23,23.0,10.0,10.0,13.0
3370,3370,24,9,40,1,0,23,16.0,4.0,4.0,12.0
3371,3371,24,9,50,1,0,23,16.0,7.0,7.0,9.0
3372,3372,24,10,0,1,0,23,17.0,4.0,4.0,13.0
3373,3373,24,10,10,1,0,23,25.0,13.0,13.0,12.0
3374,3374,24,10,20,1,0,23,21.0,9.0,9.0,12.0
3375,3375,24,10,30,1,0,23,12.0,5.0,5.0,7.0
3376,3376,24,10,40,1,0,23,15.0,9.0,9.0,6.0
3377,3377,24,10,50,1,0,23,12.0,6.0,6.0,6.0
3378,3378,24,11,0,1,0,23,16.0,10.0,10.0,6.0
3379,3379,24,11,10,1,0,23,14.0,11.0,11.0,3.0
3380,3380,24,11,20,1,0,23,3.0,0.0,0.0,3.0
3381,3381,24,11,30,1,0,23,14.0,6.0,6.0,8.0
3382,3382,24,11,40,1,0,23,12.0,8.0,8.0,4.0
3383,3383,24,11,50,1,0,23,10.0,5.0,5.0,5.0
3384,3384,24,12,0,1,0,23,14.0,6.0,6.0,8.0
3385,3385,24,12,10,1,0,23,8.0,4.0,4.0,4.0
3386,3386,24,12,20,1,0,23,19.0,13.0,13.0,6.0
3387,3387,24,12,30,1,0,23,14.0,9.0,9.0,5.0
3388,3388,24,12,40,1,0,23,12.0,7.0,7.0,5.0
3389,3389,24,12,50,1,0,23,13.0,8.0,8.0,5.0
3390,3390,24,13,0,1,0,23,10.0,5.0,5.0,5.0
3391,3391,24,13,10,1,0,23,21.0,18.0,18.0,3.0
3392,3392,24,13,20,1,0,23,26.0,8.0,8.0,18.0
3393,3393,24,13,30,1,0,23,15.0,8.0,8.0,7.0
3394,3394,24,13,40,1,0,23,10.0,5.0,5.0,5.0
3395,3395,24,13,50,1,0,23,13.0,5.0,5.0,8.0
3396,3396,24,14,0,1,0,23,18.0,9.0,9.0,9.0
3397,3397,24,14,10,1,0,23,11.0,6.0,6.0,5.0
3398,3398,24,14,20,1,0,23,15.0,9.0,9.0,6.0
3399,3399,24,14,30,1,0,23,9.0,6.0,6.0,3.0
3400,3400,24,14,40,1,0,23,4.0,1.0,1.0,3.0
3401,3401,24,14,50,1,0,23,14.0,5.0,5.0,9.0
3402,3402,24,15,0,1,0,23,20.0,11.0,11.0,9.0
3403,3403,24,15,10,1,0,23,12.0,6.0,6.0,6.0
3404,3404,24,15,20,1,0,23,13.0,5.0,5.0,8.0
3405,3405,24,15,30,1,0,23,21.0,8.0,8.0,13.0
3406,3406,24,15,40,1,0,23,17.0,9.0,9.0,8.0
3407,3407,24,15,50,1,0,23,15.0,6.0,6.0,9.0
3408,3408,24,16,0,1,0,23,13.0,5.0,5.0,8.0
3409,3409,24,16,10,1,0,23,12.0,9.0,9.0,3.0
3410,3410,24,16,20,1,0,23,15.0,12.0,12.0,3.0
3411,3411,24,16,30,1,0,23,19.0,6.0,6.0,13.0
3412,3412,24,16,40,1,0,23,10.0,6.0,6.0,4.0
3413,3413,24,16,50,1,0,23,34.0,16.0,16.0,18.0
3414,3414,24,17,0,1,0,23,34.0,13.0,13.0,21.0
3415,3415,24,17,10,1,0,23,54.0,18.0,18.0,36.0
3416,3416,24,17,20,1,0,23,50.0,22.0,22.0,28.0
3417,3417,24,17,30,1,0,23,49.0,17.0,17.0,32.0
3418,3418,24,17,40,1,0,23,39.0,18.0,18.0,21.0
3419,3419,24,17,50,1,0,23,43.0,24.0,24.0,19.0
3420,3420,24,18,0,1,0,23,50.0,37.0,37.0,13.0
3421,3421,24,18,10,1,0,23,60.0,41.0,41.0,19.0
3422,3422,24,18,20,1,0,23,41.0,32.0,32.0,9.0
3423,3423,24,18,30,1,0,23,23.0,17.0,17.0,6.0
3424,3424,24,18,40,1,0,23,39.0,33.0,33.0,6.0
3425,3425,24,18,50,1,0,23,32.0,22.0,22.0,10.0
3426,3426,24,19,0,1,0,23,29.0,23.0,23.0,6.0
3427,3427,24,19,10,1,0,23,25.0,18.0,18.0,7.0
3428,3428,24,19,20,1,0,23,13.0,10.0,10.0,3.0
3429,3429,24,19,30,1,0,23,24.0,13.0,13.0,11.0
3430,3430,24,19,40,1,0,23,11.0,7.0,7.0,4.0
3431,3431,24,19,50,1,0,23,16.0,14.0,14.0,2.0
3432,3432,24,20,0,1,0,23,12.0,8.0,8.0,4.0
3433,3433,24,20,10,1,0,23,13.0,12.0,12.0,1.0
3434,3434,24,20,20,1,0,23,9.0,7.0,7.0,2.0
3435,3435,24,20,30,1,0,23,8.0,6.0,6.0,2.0
3436,3436,24,20,40,1,0,23,9.0,7.0,7.0,2.0
3437,3437,24,20,50,1,0,23,5.0,1.0,1.0,4.0
3438,3438,24,21,0,1,0,23,8.0,8.0,8.0,0.0
3439,3439,24,21,10,1,0,23,10.0,10.0,10.0,0.0
3440,3440,24,21,20,1,0,23,6.0,5.0,5.0,1.0
3441,3441,24,21,30,1,0,23,10.0,9.0,9.0,1.0
3442,3442,24,21,40,1,0,23,9.0,8.0,8.0,1.0
3443,3443,24,21,50,1,0,23,6.0,5.0,5.0,1.0
3444,3444,24,22,0,1,0,23,10.0,9.0,9.0,1.0
3445,3445,24,22,10,1,0,23,4.0,4.0,4.0,0.0
3446,3446,24,22,20,1,0,23,2.0,2.0,2.0,0.0
3447,3447,24,22,30,1,0,23,5.0,5.0,5.0,0.0
3448,3448,24,22,40,1,0,23,3.0,3.0,3.0,0.0
3449,3449,24,22,50,1,0,23,5.0,5.0,5.0,0.0
3486,3486,25,5,0,1,0,23,0.0,0.0,0.0,0.0
3487,3487,25,5,10,1,0,23,0.0,0.0,0.0,0.0
3488,3488,25,5,20,1,0,23,6.0,0.0,0.0,6.0
3489,3489,25,5,30,1,0,23,10.0,0.0,0.0,10.0
3490,3490,25,5,40,1,0,23,24.0,1.0,1.0,23.0
3491,3491,25,5,50,1,0,23,18.0,1.0,1.0,17.0
3492,3492,25,6,0,1,0,23,33.0,1.0,1.0,32.0
3493,3493,25,6,10,1,0,23,47.0,3.0,3.0,44.0
3494,3494,25,6,20,1,0,23,75.0,5.0,5.0,70.0
3495,3495,25,6,30,1,0,23,96.0,10.0,10.0,86.0
3496,3496,25,6,40,1,0,23,86.0,6.0,6.0,80.0
3497,3497,25,6,50,1,0,23,149.0,14.0,14.0,135.0
3498,3498,25,7,0,1,0,23,164.0,25.0,25.0,139.0
3499,3499,25,7,10,1,0,23,200.0,29.0,29.0,171.0
3500,3500,25,7,20,1,0,23,242.0,37.0,37.0,205.0
3501,3501,25,7,30,1,0,23,297.0,42.0,42.0,255.0
3502,3502,25,7,40,1,0,23,394.0,64.0,64.0,330.0
3503,3503,25,7,50,1,0,23,407.0,50.0,50.0,357.0
3504,3504,25,8,0,1,0,23,514.0,115.0,115.0,399.0
3505,3505,25,8,10,1,0,23,534.0,115.0,115.0,419.0
3506,3506,25,8,20,1,0,23,573.0,164.0,164.0,409.0
3507,3507,25,8,30,1,0,23,606.0,197.0,197.0,409.0
3508,3508,25,8,40,1,0,23,611.0,291.0,291.0,320.0
3509,3509,25,8,50,1,0,23,431.0,173.0,173.0,258.0
3510,3510,25,9,0,1,0,23,362.0,127.0,127.0,235.0
3511,3511,25,9,10,1,0,23,298.0,127.0,127.0,171.0
3512,3512,25,9,20,1,0,23,247.0,81.0,81.0,166.0
3513,3513,25,9,30,1,0,23,215.0,80.0,80.0,135.0
3514,3514,25,9,40,1,0,23,183.0,69.0,69.0,114.0
3515,3515,25,9,50,1,0,23,170.0,72.0,72.0,98.0
3516,3516,25,10,0,1,0,23,137.0,60.0,60.0,77.0
3517,3517,25,10,10,1,0,23,142.0,66.0,66.0,76.0
3518,3518,25,10,20,1,0,23,120.0,42.0,42.0,78.0
3519,3519,25,10,30,1,0,23,115.0,29.0,29.0,86.0
3520,3520,25,10,40,1,0,23,116.0,42.0,42.0,74.0
3521,3521,25,10,50,1,0,23,105.0,50.0,50.0,55.0
3522,3522,25,11,0,1,0,23,112.0,47.0,47.0,65.0
3523,3523,25,11,10,1,0,23,98.0,35.0,35.0,63.0
3524,3524,25,11,20,1,0,23,77.0,46.0,46.0,31.0
3525,3525,25,11,30,1,0,23,98.0,55.0,55.0,43.0
3526,3526,25,11,40,1,0,23,100.0,40.0,40.0,60.0
3527,3527,25,11,50,1,0,23,117.0,58.0,58.0,59.0
3528,3528,25,12,0,1,0,23,102.0,39.0,39.0,63.0
3529,3529,25,12,10,1,0,23,122.0,53.0,53.0,69.0
3530,3530,25,12,20,1,0,23,109.0,47.0,47.0,62.0
3531,3531,25,12,30,1,0,23,116.0,47.0,47.0,69.0
3532,3532,25,12,40,1,0,23,104.0,54.0,54.0,50.0
3533,3533,25,12,50,1,0,23,107.0,48.0,48.0,59.0
3534,3534,25,13,0,1,0,23,133.0,64.0,64.0,69.0
3535,3535,25,13,10,1,0,23,116.0,54.0,54.0,62.0
3536,3536,25,13,20,1,0,23,121.0,54.0,54.0,67.0
3537,3537,25,13,30,1,0,23,127.0,60.0,60.0,67.0
3538,3538,25,13,40,1,0,23,121.0,56.0,56.0,65.0
3539,3539,25,13,50,1,0,23,118.0,51.0,51.0,67.0
3540,3540,25,14,0,1,0,23,90.0,43.0,43.0,47.0
3541,3541,25,14,10,1,0,23,105.0,44.0,44.0,61.0
3542,3542,25,14,20,1,0,23,130.0,60.0,60.0,70.0
3543,3543,25,14,30,1,0,23,103.0,55.0,55.0,48.0
3544,3544,25,14,40,1,0,23,129.0,68.0,68.0,61.0
3545,3545,25,14,50,1,0,23,118.0,56.0,56.0,62.0
3546,3546,25,15,0,1,0,23,118.0,69.0,69.0,49.0
3547,3547,25,15,10,1,0,23,139.0,80.0,80.0,59.0
3548,3548,25,15,20,1,0,23,144.0,70.0,70.0,74.0
3549,3549,25,15,30,1,0,23,137.0,70.0,70.0,67.0
3550,3550,25,15,40,1,0,23,126.0,76.0,76.0,50.0
3551,3551,25,15,50,1,0,23,145.0,98.0,98.0,47.0
3552,3552,25,16,0,1,0,23,165.0,99.0,99.0,66.0
3553,3553,25,16,10,1,0,23,130.0,63.0,63.0,67.0
3554,3554,25,16,20,1,0,23,140.0,86.0,86.0,54.0
3555,3555,25,16,30,1,0,23,186.0,98.0,98.0,88.0
3556,3556,25,16,40,1,0,23,171.0,101.0,101.0,70.0
3557,3557,25,16,50,1,0,23,212.0,128.0,128.0,84.0
3558,3558,25,17,0,1,0,23,269.0,125.0,125.0,144.0
3559,3559,25,17,10,1,0,23,255.0,129.0,129.0,126.0
3560,3560,25,17,20,1,0,23,287.0,172.0,172.0,115.0
3561,3561,25,17,30,1,0,23,355.0,200.0,200.0,155.0
3562,3562,25,17,40,1,0,23,380.0,184.0,184.0,196.0
3563,3563,25,17,50,1,0,23,392.0,252.0,252.0,140.0
3564,3564,25,18,0,1,0,23,361.0,244.0,244.0,117.0
3565,3565,25,18,10,1,0,23,385.0,255.0,255.0,130.0
3566,3566,25,18,20,1,0,23,350.0,224.0,224.0,126.0
3567,3567,25,18,30,1,0,23,365.0,278.0,278.0,87.0
3568,3568,25,18,40,1,0,23,332.0,229.0,229.0,103.0
3569,3569,25,18,50,1,0,23,272.0,209.0,209.0,63.0
3570,3570,25,19,0,1,0,23,253.0,186.0,186.0,67.0
3571,3571,25,19,10,1,0,23,203.0,139.0,139.0,64.0
3572,3572,25,19,20,1,0,23,202.0,146.0,146.0,56.0
3573,3573,25,19,30,1,0,23,140.0,97.0,97.0,43.0
3574,3574,25,19,40,1,0,23,142.0,97.0,97.0,45.0
3575,3575,25,19,50,1,0,23,151.0,110.0,110.0,41.0
3576,3576,25,20,0,1,0,23,133.0,100.0,100.0,33.0
3577,3577,25,20,10,1,0,23,145.0,90.0,90.0,55.0
3578,3578,25,20,20,1,0,23,96.0,71.0,71.0,25.0
3579,3579,25,20,30,1,0,23,116.0,91.0,91.0,25.0
3580,3580,25,20,40,1,0,23,103.0,67.0,67.0,36.0
3581,3581,25,20,50,1,0,23,131.0,104.0,104.0,27.0
3582,3582,25,21,0,1,0,23,103.0,72.0,72.0,31.0
3583,3583,25,21,10,1,0,23,135.0,97.0,97.0,38.0
3584,3584,25,21,20,1,0,23,128.0,97.0,97.0,31.0
3585,3585,25,21,30,1,0,23,130.0,103.0,103.0,27.0
3586,3586,25,21,40,1,0,23,101.0,89.0,89.0,12.0
3587,3587,25,21,50,1,0,23,73.0,53.0,53.0,20.0
3588,3588,25,22,0,1,0,23,138.0,122.0,122.0,16.0
3589,3589,25,22,10,1,0,23,64.0,60.0,60.0,4.0
3590,3590,25,22,20,1,0,23,104.0,96.0,96.0,8.0
3591,3591,25,22,30,1,0,23,52.0,49.0,49.0,3.0
3592,3592,25,22,40,1,0,23,36.0,34.0,34.0,2.0
3593,3593,25,22,50,1,0,23,0.0,0.0,0.0,0.0
3630,3630,26,5,0,1,0,23,0.0,0.0,0.0,0.0
3631,3631,26,5,10,1,0,23,2.0,0.0,0.0,2.0
3632,3632,26,5,20,1,0,23,6.0,1.0,1.0,5.0
3633,3633,26,5,30,1,0,23,6.0,0.0,0.0,6.0
3634,3634,26,5,40,1,0,23,8.0,0.0,0.0,8.0
3635,3635,26,5,50,1,0,23,22.0,5.0,5.0,17.0
3636,3636,26,6,0,1,0,23,28.0,11.0,11.0,17.0
3637,3637,26,6,10,1,0,23,46.0,22.0,22.0,24.0
3638,3638,26,6,20,1,0,23,89.0,47.0,47.0,42.0
3639,3639,26,6,30,1,0,23,65.0,30.0,30.0,35.0
3640,3640,26,6,40,1,0,23,102.0,53.0,53.0,49.0
3641,3641,26,6,50,1,0,23,115.0,61.0,61.0,54.0
3642,3642,26,7,0,1,0,23,148.0,90.0,90.0,58.0
3643,3643,26,7,10,1,0,23,171.0,98.0,98.0,73.0
3644,3644,26,7,20,1,0,23,210.0,132.0,132.0,78.0
3645,3645,26,7,30,1,0,23,292.0,213.0,213.0,79.0
3646,3646,26,7,40,1,0,23,412.0,284.0,284.0,128.0
3647,3647,26,7,50,1,0,23,543.0,366.0,366.0,177.0
3648,3648,26,8,0,1,0,23,575.0,435.0,435.0,140.0
3649,3649,26,8,10,1,0,23,908.0,741.0,741.0,167.0
3650,3650,26,8,20,1,0,23,1029.0,824.0,824.0,205.0
3651,3651,26,8,30,1,0,23,1001.0,814.0,814.0,187.0
3652,3652,26,8,40,1,0,23,1214.0,1052.0,1052.0,162.0
3653,3653,26,8,50,1,0,23,999.0,844.0,844.0,155.0
3654,3654,26,9,0,1,0,23,735.0,598.0,598.0,137.0
3655,3655,26,9,10,1,0,23,644.0,491.0,491.0,153.0
3656,3656,26,9,20,1,0,23,622.0,516.0,516.0,106.0
3657,3657,26,9,30,1,0,23,568.0,431.0,431.0,137.0
3658,3658,26,9,40,1,0,23,544.0,418.0,418.0,126.0
3659,3659,26,9,50,1,0,23,478.0,370.0,370.0,108.0
3660,3660,26,10,0,1,0,23,503.0,391.0,391.0,112.0
3661,3661,26,10,10,1,0,23,414.0,281.0,281.0,133.0
3662,3662,26,10,20,1,0,23,460.0,328.0,328.0,132.0
3663,3663,26,10,30,1,0,23,402.0,277.0,277.0,125.0
3664,3664,26,10,40,1,0,23,394.0,264.0,264.0,130.0
3665,3665,26,10,50,1,0,23,417.0,271.0,271.0,146.0
3666,3666,26,11,0,1,0,23,431.0,282.0,282.0,149.0
3667,3667,26,11,10,1,0,23,377.0,206.0,206.0,171.0
3668,3668,26,11,20,1,0,23,371.0,192.0,192.0,179.0
3669,3669,26,11,30,1,0,23,375.0,216.0,216.0,159.0
3670,3670,26,11,40,1,0,23,391.0,212.0,212.0,179.0
3671,3671,26,11,50,1,0,23,338.0,159.0,159.0,179.0
3672,3672,26,12,0,1,0,23,419.0,194.0,194.0,225.0
3673,3673,26,12,10,1,0,23,416.0,214.0,214.0,202.0
3674,3674,26,12,20,1,0,23,388.0,189.0,189.0,199.0
3675,3675,26,12,30,1,0,23,415.0,204.0,204.0,211.0
3676,3676,26,12,40,1,0,23,400.0,207.0,207.0,193.0
3677,3677,26,12,50,1,0,23,399.0,174.0,174.0,225.0
3678,3678,26,13,0,1,0,23,404.0,187.0,187.0,217.0
3679,3679,26,13,10,1,0,23,418.0,208.0,208.0,210.0
3680,3680,26,13,20,1,0,23,480.0,232.0,232.0,248.0
3681,3681,26,13,30,1,0,23,421.0,196.0,196.0,225.0
3682,3682,26,13,40,1,0,23,462.0,204.0,204.0,258.0
3683,3683,26,13,50,1,0,23,505.0,240.0,240.0,265.0
3684,3684,26,14,0,1,0,23,482.0,225.0,225.0,257.0
3685,3685,26,14,10,1,0,23,511.0,237.0,237.0,274.0
3686,3686,26,14,20,1,0,23,464.0,218.0,218.0,246.0
3687,3687,26,14,30,1,0,23,480.0,178.0,178.0,302.0
3688,3688,26,14,40,1,0,23,430.0,212.0,212.0,218.0
3689,3689,26,14,50,1,0,23,530.0,222.0,222.0,308.0
3690,3690,26,15,0,1,0,23,455.0,182.0,182.0,273.0
3691,3691,26,15,10,1,0,23,499.0,206.0,206.0,293.0
3692,3692,26,15,20,1,0,23,512.0,171.0,171.0,341.0
3693,3693,26,15,30,1,0,23,484.0,161.0,161.0,323.0
3694,3694,26,15,40,1,0,23,473.0,168.0,168.0,305.0
3695,3695,26,15,50,1,0,23,441.0,160.0,160.0,281.0
3696,3696,26,16,0,1,0,23,470.0,152.0,152.0,318.0
3697,3697,26,16,10,1,0,23,454.0,133.0,133.0,321.0
3698,3698,26,16,20,1,0,23,415.0,128.0,128.0,287.0
3699,3699,26,16,30,1,0,23,438.0,106.0,106.0,332.0
3700,3700,26,16,40,1,0,23,471.0,111.0,111.0,360.0
3701,3701,26,16,50,1,0,23,436.0,121.0,121.0,315.0
3702,3702,26,17,0,1,0,23,641.0,163.0,163.0,478.0
3703,3703,26,17,10,1,0,23,753.0,145.0,145.0,608.0
3704,3704,26,17,20,1,0,23,652.0,154.0,154.0,498.0
3705,3705,26,17,30,1,0,23,716.0,158.0,158.0,558.0
3706,3706,26,17,40,1,0,23,1094.0,160.0,160.0,934.0
3707,3707,26,17,50,1,0,23,809.0,139.0,139.0,670.0
3708,3708,26,18,0,1,0,23,721.0,174.0,174.0,547.0
3709,3709,26,18,10,1,0,23,826.0,172.0,172.0,654.0
3710,3710,26,18,20,1,0,23,660.0,180.0,180.0,480.0
3711,3711,26,18,30,1,0,23,554.0,198.0,198.0,356.0
3712,3712,26,18,40,1,0,23,475.0,168.0,168.0,307.0
3713,3713,26,18,50,1,0,23,421.0,146.0,146.0,275.0
3714,3714,26,19,0,1,0,23,375.0,152.0,152.0,223.0
3715,3715,26,19,10,1,0,23,339.0,95.0,95.0,244.0
3716,3716,26,19,20,1,0,23,323.0,123.0,123.0,200.0
3717,3717,26,19,30,1,0,23,243.0,80.0,80.0,163.0
3718,3718,26,19,40,1,0,23,245.0,77.0,77.0,168.0
3719,3719,26,19,50,1,0,23,246.0,70.0,70.0,176.0
3720,3720,26,20,0,1,0,23,222.0,54.0,54.0,168.0
3721,3721,26,20,10,1,0,23,226.0,48.0,48.0,178.0
3722,3722,26,20,20,1,0,23,188.0,44.0,44.0,144.0
3723,3723,26,20,30,1,0,23,160.0,49.0,49.0,111.0
3724,3724,26,20,40,1,0,23,189.0,58.0,58.0,131.0
3725,3725,26,20,50,1,0,23,175.0,60.0,60.0,115.0
3726,3726,26,21,0,1,0,23,268.0,47.0,47.0,221.0
3727,3727,26,21,10,1,0,23,242.0,69.0,69.0,173.0
3728,3728,26,21,20,1,0,23,169.0,37.0,37.0,132.0
3729,3729,26,21,30,1,0,23,155.0,56.0,56.0,99.0
3730,3730,26,21,40,1,0,23,137.0,46.0,46.0,91.0
3731,3731,26,21,50,1,0,23,120.0,58.0,58.0,62.0
3732,3732,26,22,0,1,0,23,111.0,37.0,37.0,74.0
3733,3733,26,22,10,1,0,23,94.0,44.0,44.0,50.0
3734,3734,26,22,20,1,0,23,87.0,49.0,49.0,38.0
3735,3735,26,22,30,1,0,23,24.0,17.0,17.0,7.0
3736,3736,26,22,40,1,0,23,0.0,0.0,0.0,0.0
3737,3737,26,22,50,1,0,23,0.0,0.0,0.0,0.0
3774,3774,27,5,0,1,0,23,1.0,0.0,0.0,1.0
3775,3775,27,5,10,1,0,23,0.0,0.0,0.0,0.0
3776,3776,27,5,20,1,0,23,6.0,0.0,0.0,6.0
3777,3777,27,5,30,1,0,23,0.0,0.0,0.0,0.0
3778,3778,27,5,40,1,0,23,2.0,0.0,0.0,2.0
3779,3779,27,5,50,1,0,23,9.0,0.0,0.0,9.0
3780,3780,27,6,0,1,0,23,8.0,0.0,0.0,8.0
3781,3781,27,6,10,1,0,23,10.0,1.0,1.0,9.0
3782,3782,27,6,20,1,0,23,13.0,1.0,1.0,12.0
3783,3783,27,6,30,1,0,23,29.0,7.0,7.0,22.0
3784,3784,27,6,40,1,0,23,27.0,2.0,2.0,25.0
3785,3785,27,6,50,1,0,23,42.0,13.0,13.0,29.0
3786,3786,27,7,0,1,0,23,56.0,17.0,17.0,39.0
3787,3787,27,7,10,1,0,23,41.0,3.0,3.0,38.0
3788,3788,27,7,20,1,0,23,65.0,10.0,10.0,55.0
3789,3789,27,7,30,1,0,23,68.0,8.0,8.0,60.0
3790,3790,27,7,40,1,0,23,82.0,13.0,13.0,69.0
3791,3791,27,7,50,1,0,23,90.0,16.0,16.0,74.0
3792,3792,27,8,0,1,0,23,93.0,25.0,25.0,68.0
3793,3793,27,8,10,1,0,23,112.0,35.0,35.0,77.0
3794,3794,27,8,20,1,0,23,111.0,26.0,26.0,85.0
3795,3795,27,8,30,1,0,23,82.0,20.0,20.0,62.0
3796,3796,27,8,40,1,0,23,88.0,37.0,37.0,51.0
3797,3797,27,8,50,1,0,23,65.0,26.0,26.0,39.0
3798,3798,27,9,0,1,0,23,48.0,10.0,10.0,38.0
3799,3799,27,9,10,1,0,23,50.0,8.0,8.0,42.0
3800,3800,27,9,20,1,0,23,46.0,18.0,18.0,28.0
3801,3801,27,9,30,1,0,23,27.0,8.0,8.0,19.0
3802,3802,27,9,40,1,0,23,31.0,13.0,13.0,18.0
3803,3803,27,9,50,1,0,23,21.0,7.0,7.0,14.0
3804,3804,27,10,0,1,0,23,26.0,6.0,6.0,20.0
3805,3805,27,10,10,1,0,23,24.0,8.0,8.0,16.0
3806,3806,27,10,20,1,0,23,16.0,7.0,7.0,9.0
3807,3807,27,10,30,1,0,23,34.0,10.0,10.0,24.0
3808,3808,27,10,40,1,0,23,28.0,9.0,9.0,19.0
3809,3809,27,10,50,1,0,23,19.0,5.0,5.0,14.0
3810,3810,27,11,0,1,0,23,26.0,17.0,17.0,9.0
3811,3811,27,11,10,1,0,23,13.0,6.0,6.0,7.0
3812,3812,27,11,20,1,0,23,18.0,8.0,8.0,10.0
3813,3813,27,11,30,1,0,23,13.0,8.0,8.0,5.0
3814,3814,27,11,40,1,0,23,15.0,10.0,10.0,5.0
3815,3815,27,11,50,1,0,23,13.0,7.0,7.0,6.0
3816,3816,27,12,0,1,0,23,12.0,6.0,6.0,6.0
3817,3817,27,12,10,1,0,23,22.0,12.0,12.0,10.0
3818,3818,27,12,20,1,0,23,25.0,9.0,9.0,16.0
3819,3819,27,12,30,1,0,23,31.0,9.0,9.0,22.0
3820,3820,27,12,40,1,0,23,29.0,13.0,13.0,16.0
3821,3821,27,12,50,1,0,23,13.0,3.0,3.0,10.0
3822,3822,27,13,0,1,0,23,20.0,17.0,17.0,3.0
3823,3823,27,13,10,1,0,23,25.0,13.0,13.0,12.0
3824,3824,27,13,20,1,0,23,26.0,9.0,9.0,17.0
3825,3825,27,13,30,1,0,23,19.0,8.0,8.0,11.0
3826,3826,27,13,40,1,0,23,18.0,8.0,8.0,10.0
3827,3827,27,13,50,1,0,23,28.0,11.0,11.0,17.0
3828,3828,27,14,0,1,0,23,17.0,7.0,7.0,10.0
3829,3829,27,14,10,1,0,23,17.0,7.0,7.0,10.0
3830,3830,27,14,20,1,0,23,18.0,9.0,9.0,9.0
3831,3831,27,14,30,1,0,23,27.0,16.0,16.0,11.0
3832,3832,27,14,40,1,0,23,18.0,8.0,8.0,10.0
3833,3833,27,14,50,1,0,23,23.0,8.0,8.0,15.0
3834,3834,27,15,0,1,0,23,11.0,7.0,7.0,4.0
3835,3835,27,15,10,1,0,23,25.0,17.0,17.0,8.0
3836,3836,27,15,20,1,0,23,21.0,12.0,12.0,9.0
3837,3837,27,15,30,1,0,23,22.0,16.0,16.0,6.0
3838,3838,27,15,40,1,0,23,22.0,9.0,9.0,13.0
3839,3839,27,15,50,1,0,23,32.0,26.0,26.0,6.0
3840,3840,27,16,0,1,0,23,49.0,31.0,31.0,18.0
3841,3841,27,16,10,1,0,23,36.0,19.0,19.0,17.0
3842,3842,27,16,20,1,0,23,36.0,26.0,26.0,10.0
3843,3843,27,16,30,1,0,23,41.0,19.0,19.0,22.0
3844,3844,27,16,40,1,0,23,42.0,22.0,22.0,20.0
3845,3845,27,16,50,1,0,23,44.0,18.0,18.0,26.0
3846,3846,27,17,0,1,0,23,67.0,19.0,19.0,48.0
3847,3847,27,17,10,1,0,23,70.0,19.0,19.0,51.0
3848,3848,27,17,20,1,0,23,46.0,24.0,24.0,22.0
3849,3849,27,17,30,1,0,23,54.0,34.0,34.0,20.0
3850,3850,27,17,40,1,0,23,56.0,33.0,33.0,23.0
3851,3851,27,17,50,1,0,23,65.0,44.0,44.0,21.0
3852,3852,27,18,0,1,0,23,78.0,55.0,55.0,23.0
3853,3853,27,18,10,1,0,23,97.0,65.0,65.0,32.0
3854,3854,27,18,20,1,0,23,80.0,62.0,62.0,18.0
3855,3855,27,18,30,1,0,23,79.0,59.0,59.0,20.0
3856,3856,27,18,40,1,0,23,100.0,76.0,76.0,24.0
3857,3857,27,18,50,1,0,23,70.0,56.0,56.0,14.0
3858,3858,27,19,0,1,0,23,60.0,48.0,48.0,12.0
3859,3859,27,19,10,1,0,23,47.0,33.0,33.0,14.0
3860,3860,27,19,20,1,0,23,75.0,69.0,69.0,6.0
3861,3861,27,19,30,1,0,23,39.0,29.0,29.0,10.0
3862,3862,27,19,40,1,0,23,42.0,22.0,22.0,20.0
3863,3863,27,19,50,1,0,23,34.0,25.0,25.0,9.0
3864,3864,27,20,0,1,0,23,36.0,24.0,24.0,12.0
3865,3865,27,20,10,1,0,23,37.0,18.0,18.0,19.0
3866,3866,27,20,20,1,0,23,31.0,17.0,17.0,14.0
3867,3867,27,20,30,1,0,23,25.0,12.0,12.0,13.0
3868,3868,27,20,40,1,0,23,24.0,13.0,13.0,11.0
3869,3869,27,20,50,1,0,23,16.0,10.0,10.0,6.0
3870,3870,27,21,0,1,0,23,29.0,20.0,20.0,9.0
3871,3871,27,21,10,1,0,23,16.0,13.0,13.0,3.0
3872,3872,27,21,20,1,0,23,32.0,24.0,24.0,8.0
3873,3873,27,21,30,1,0,23,27.0,18.0,18.0,9.0
3874,3874,27,21,40,1,0,23,15.0,3.0,3.0,12.0
3875,3875,27,21,50,1,0,23,38.0,24.0,24.0,14.0
3876,3876,27,22,0,1,0,23,15.0,13.0,13.0,2.0
3877,3877,27,22,10,1,0,23,18.0,18.0,18.0,0.0
3878,3878,27,22,20,1,0,23,11.0,11.0,11.0,0.0
3879,3879,27,22,30,1,0,23,1.0,1.0,1.0,0.0
3880,3880,27,22,40,1,0,23,6.0,5.0,5.0,1.0
3881,3881,27,22,50,1,0,23,6.0,5.0,5.0,1.0
3918,3918,28,5,0,1,0,23,0.0,0.0,0.0,0.0
3919,3919,28,5,10,1,0,23,17.0,0.0,0.0,17.0
3920,3920,28,5,20,1,0,23,26.0,0.0,0.0,26.0
3921,3921,28,5,30,1,0,23,31.0,0.0,0.0,31.0
3922,3922,28,5,40,1,0,23,29.0,2.0,2.0,27.0
3923,3923,28,5,50,1,0,23,41.0,0.0,0.0,41.0
3924,3924,28,6,0,1,0,23,54.0,1.0,1.0,53.0
3925,3925,28,6,10,1,0,23,92.0,2.0,2.0,90.0
3926,3926,28,6,20,1,0,23,117.0,0.0,0.0,117.0
3927,3927,28,6,30,1,0,23,118.0,3.0,3.0,115.0
3928,3928,28,6,40,1,0,23,135.0,4.0,4.0,131.0
3929,3929,28,6,50,1,0,23,226.0,51.0,51.0,175.0
3930,3930,28,7,0,1,0,23,274.0,62.0,62.0,212.0
3931,3931,28,7,10,1,0,23,277.0,100.0,100.0,177.0
3932,3932,28,7,20,1,0,23,305.0,96.0,96.0,209.0
3933,3933,28,7,30,1,0,23,348.0,77.0,77.0,271.0
3934,3934,28,7,40,1,0,23,346.0,133.0,133.0,213.0
3935,3935,28,7,50,1,0,23,290.0,103.0,103.0,187.0
3936,3936,28,8,0,1,0,23,322.0,117.0,117.0,205.0
3937,3937,28,8,10,1,0,23,343.0,180.0,180.0,163.0
3938,3938,28,8,20,1,0,23,281.0,129.0,129.0,152.0
3939,3939,28,8,30,1,0,23,207.0,77.0,77.0,130.0
3940,3940,28,8,40,1,0,23,348.0,233.0,233.0,115.0
3941,3941,28,8,50,1,0,23,227.0,117.0,117.0,110.0
3942,3942,28,9,0,1,0,23,201.0,82.0,82.0,119.0
3943,3943,28,9,10,1,0,23,180.0,108.0,108.0,72.0
3944,3944,28,9,20,1,0,23,177.0,104.0,104.0,73.0
3945,3945,28,9,30,1,0,23,140.0,65.0,65.0,75.0
3946,3946,28,9,40,1,0,23,135.0,84.0,84.0,51.0
3947,3947,28,9,50,1,0,23,124.0,58.0,58.0,66.0
3948,3948,28,10,0,1,0,23,240.0,103.0,103.0,137.0
3949,3949,28,10,10,1,0,23,125.0,61.0,61.0,64.0
3950,3950,28,10,20,1,0,23,114.0,53.0,53.0,61.0
3951,3951,28,10,30,1,0,23,136.0,70.0,70.0,66.0
3952,3952,28,10,40,1,0,23,67.0,19.0,19.0,48.0
3953,3953,28,10,50,1,0,23,162.0,106.0,106.0,56.0
3954,3954,28,11,0,1,0,23,168.0,102.0,102.0,66.0
3955,3955,28,11,10,1,0,23,128.0,71.0,71.0,57.0
3956,3956,28,11,20,1,0,23,114.0,69.0,69.0,45.0
3957,3957,28,11,30,1,0,23,63.0,19.0,19.0,44.0
3958,3958,28,11,40,1,0,23,124.0,58.0,58.0,66.0
3959,3959,28,11,50,1,0,23,116.0,60.0,60.0,56.0
3960,3960,28,12,0,1,0,23,150.0,72.0,72.0,78.0
3961,3961,28,12,10,1,0,23,163.0,85.0,85.0,78.0
3962,3962,28,12,20,1,0,23,106.0,44.0,44.0,62.0
3963,3963,28,12,30,1,0,23,92.0,26.0,26.0,66.0
3964,3964,28,12,40,1,0,23,155.0,77.0,77.0,78.0
3965,3965,28,12,50,1,0,23,158.0,87.0,87.0,71.0
3966,3966,28,13,0,1,0,23,152.0,82.0,82.0,70.0
3967,3967,28,13,10,1,0,23,143.0,76.0,76.0,67.0
3968,3968,28,13,20,1,0,23,122.0,56.0,56.0,66.0
3969,3969,28,13,30,1,0,23,104.0,36.0,36.0,68.0
3970,3970,28,13,40,1,0,23,166.0,81.0,81.0,85.0
3971,3971,28,13,50,1,0,23,146.0,92.0,92.0,54.0
3972,3972,28,14,0,1,0,23,149.0,93.0,93.0,56.0
3973,3973,28,14,10,1,0,23,142.0,86.0,86.0,56.0
3974,3974,28,14,20,1,0,23,105.0,45.0,45.0,60.0
3975,3975,28,14,30,1,0,23,86.0,36.0,36.0,50.0
3976,3976,28,14,40,1,0,23,128.0,61.0,61.0,67.0
3977,3977,28,14,50,1,0,23,129.0,78.0,78.0,51.0
3978,3978,28,15,0,1,0,23,154.0,90.0,90.0,64.0
3979,3979,28,15,10,1,0,23,163.0,87.0,87.0,76.0
3980,3980,28,15,20,1,0,23,148.0,91.0,91.0,57.0
3981,3981,28,15,30,1,0,23,90.0,12.0,12.0,78.0
3982,3982,28,15,40,1,0,23,185.0,110.0,110.0,75.0
3983,3983,28,15,50,1,0,23,173.0,94.0,94.0,79.0
3984,3984,28,16,0,1,0,23,155.0,81.0,81.0,74.0
3985,3985,28,16,10,1,0,23,171.0,104.0,104.0,67.0
3986,3986,28,16,20,1,0,23,149.0,61.0,61.0,88.0
3987,3987,28,16,30,1,0,23,209.0,61.0,61.0,148.0
3988,3988,28,16,40,1,0,23,276.0,151.0,151.0,125.0
3989,3989,28,16,50,1,0,23,306.0,123.0,123.0,183.0
3990,3990,28,17,0,1,0,23,261.0,145.0,145.0,116.0
3991,3991,28,17,10,1,0,23,326.0,131.0,131.0,195.0
3992,3992,28,17,20,1,0,23,249.0,115.0,115.0,134.0
3993,3993,28,17,30,1,0,23,178.0,60.0,60.0,118.0
3994,3994,28,17,40,1,0,23,287.0,155.0,155.0,132.0
3995,3995,28,17,50,1,0,23,386.0,276.0,276.0,110.0
3996,3996,28,18,0,1,0,23,254.0,149.0,149.0,105.0
3997,3997,28,18,10,1,0,23,254.0,140.0,140.0,114.0
3998,3998,28,18,20,1,0,23,215.0,148.0,148.0,67.0
3999,3999,28,18,30,1,0,23,321.0,250.0,250.0,71.0
4000,4000,28,18,40,1,0,23,224.0,140.0,140.0,84.0
4001,4001,28,18,50,1,0,23,246.0,174.0,174.0,72.0
4002,4002,28,19,0,1,0,23,192.0,133.0,133.0,59.0
4003,4003,28,19,10,1,0,23,356.0,275.0,275.0,81.0
4004,4004,28,19,20,1,0,23,202.0,135.0,135.0,67.0
4005,4005,28,19,30,1,0,23,161.0,111.0,111.0,50.0
4006,4006,28,19,40,1,0,23,171.0,101.0,101.0,70.0
4007,4007,28,19,50,1,0,23,247.0,181.0,181.0,66.0
4008,4008,28,20,0,1,0,23,155.0,78.0,78.0,77.0
4009,4009,28,20,10,1,0,23,129.0,69.0,69.0,60.0
4010,4010,28,20,20,1,0,23,144.0,72.0,72.0,72.0
4011,4011,28,20,30,1,0,23,141.0,76.0,76.0,65.0
4012,4012,28,20,40,1,0,23,145.0,81.0,81.0,64.0
4013,4013,28,20,50,1,0,23,117.0,69.0,69.0,48.0
4014,4014,28,21,0,1,0,23,103.0,46.0,46.0,57.0
4015,4015,28,21,10,1,0,23,81.0,10.0,10.0,71.0
4016,4016,28,21,20,1,0,23,109.0,73.0,73.0,36.0
4017,4017,28,21,30,1,0,23,121.0,80.0,80.0,41.0
4018,4018,28,21,40,1,0,23,87.0,76.0,76.0,11.0
4019,4019,28,21,50,1,0,23,9.0,2.0,2.0,7.0
4020,4020,28,22,0,1,0,23,69.0,66.0,66.0,3.0
4021,4021,28,22,10,1,0,23,61.0,54.0,54.0,7.0
4022,4022,28,22,20,1,0,23,15.0,10.0,10.0,5.0
4023,4023,28,22,30,1,0,23,51.0,50.0,50.0,1.0
4024,4024,28,22,40,1,0,23,49.0,49.0,49.0,0.0
4025,4025,28,22,50,1,0,23,1.0,0.0,0.0,1.0
4062,4062,29,5,0,1,0,23,0.0,0.0,0.0,0.0
4063,4063,29,5,10,1,0,23,0.0,0.0,0.0,0.0
4064,4064,29,5,20,1,0,23,4.0,0.0,0.0,4.0
4065,4065,29,5,30,1,0,23,16.0,0.0,0.0,16.0
4066,4066,29,5,40,1,0,23,17.0,0.0,0.0,17.0
4067,4067,29,5,50,1,0,23,25.0,0.0,0.0,25.0
4068,4068,29,6,0,1,0,23,22.0,1.0,1.0,21.0
4069,4069,29,6,10,1,0,23,40.0,0.0,0.0,40.0
4070,4070,29,6,20,1,0,23,62.0,0.0,0.0,62.0
4071,4071,29,6,30,1,0,23,79.0,9.0,9.0,70.0
4072,4072,29,6,40,1,0,23,105.0,17.0,17.0,88.0
4073,4073,29,6,50,1,0,23,159.0,20.0,20.0,139.0
4074,4074,29,7,0,1,0,23,201.0,28.0,28.0,173.0
4075,4075,29,7,10,1,0,23,232.0,15.0,15.0,217.0
4076,4076,29,7,20,1,0,23,378.0,96.0,96.0,282.0
4077,4077,29,7,30,1,0,23,349.0,27.0,27.0,322.0
4078,4078,29,7,40,1,0,23,321.0,68.0,68.0,253.0
4079,4079,29,7,50,1,0,23,320.0,47.0,47.0,273.0
4080,4080,29,8,0,1,0,23,365.0,117.0,117.0,248.0
4081,4081,29,8,10,1,0,23,315.0,94.0,94.0,221.0
4082,4082,29,8,20,1,0,23,227.0,61.0,61.0,166.0
4083,4083,29,8,30,1,0,23,259.0,92.0,92.0,167.0
4084,4084,29,8,40,1,0,23,207.0,124.0,124.0,83.0
4085,4085,29,8,50,1,0,23,159.0,47.0,47.0,112.0
4086,4086,29,9,0,1,0,23,112.0,45.0,45.0,67.0
4087,4087,29,9,10,1,0,23,106.0,50.0,50.0,56.0
4088,4088,29,9,20,1,0,23,125.0,69.0,69.0,56.0
4089,4089,29,9,30,1,0,23,122.0,79.0,79.0,43.0
4090,4090,29,9,40,1,0,23,91.0,48.0,48.0,43.0
4091,4091,29,9,50,1,0,23,90.0,45.0,45.0,45.0
4092,4092,29,10,0,1,0,23,114.0,76.0,76.0,38.0
4093,4093,29,10,10,1,0,23,126.0,82.0,82.0,44.0
4094,4094,29,10,20,1,0,23,66.0,39.0,39.0,27.0
4095,4095,29,10,30,1,0,23,61.0,22.0,22.0,39.0
4096,4096,29,10,40,1,0,23,86.0,45.0,45.0,41.0
4097,4097,29,10,50,1,0,23,99.0,38.0,38.0,61.0
4098,4098,29,11,0,1,0,23,60.0,26.0,26.0,34.0
4099,4099,29,11,10,1,0,23,54.0,2.0,2.0,52.0
4100,4100,29,11,20,1,0,23,81.0,36.0,36.0,45.0
4101,4101,29,11,30,1,0,23,57.0,24.0,24.0,33.0
4102,4102,29,11,40,1,0,23,77.0,30.0,30.0,47.0
4103,4103,29,11,50,1,0,23,82.0,30.0,30.0,52.0
4104,4104,29,12,0,1,0,23,81.0,30.0,30.0,51.0
4105,4105,29,12,10,1,0,23,57.0,6.0,6.0,51.0
4106,4106,29,12,20,1,0,23,75.0,37.0,37.0,38.0
4107,4107,29,12,30,1,0,23,64.0,32.0,32.0,32.0
4108,4108,29,12,40,1,0,23,63.0,39.0,39.0,24.0
4109,4109,29,12,50,1,0,23,65.0,44.0,44.0,21.0
4110,4110,29,13,0,1,0,23,46.0,13.0,13.0,33.0
4111,4111,29,13,10,1,0,23,80.0,45.0,45.0,35.0
4112,4112,29,13,20,1,0,23,74.0,38.0,38.0,36.0
4113,4113,29,13,30,1,0,23,82.0,47.0,47.0,35.0
4114,4114,29,13,40,1,0,23,94.0,57.0,57.0,37.0
4115,4115,29,13,50,1,0,23,84.0,52.0,52.0,32.0
4116,4116,29,14,0,1,0,23,37.0,10.0,10.0,27.0
4117,4117,29,14,10,1,0,23,65.0,37.0,37.0,28.0
4118,4118,29,14,20,1,0,23,82.0,36.0,36.0,46.0
4119,4119,29,14,30,1,0,23,59.0,29.0,29.0,30.0
4120,4120,29,14,40,1,0,23,69.0,41.0,41.0,28.0
4121,4121,29,14,50,1,0,23,93.0,41.0,41.0,52.0
4122,4122,29,15,0,1,0,23,70.0,7.0,7.0,63.0
4123,4123,29,15,10,1,0,23,63.0,31.0,31.0,32.0
4124,4124,29,15,20,1,0,23,86.0,47.0,47.0,39.0
4125,4125,29,15,30,1,0,23,100.0,44.0,44.0,56.0
4126,4126,29,15,40,1,0,23,80.0,42.0,42.0,38.0
4127,4127,29,15,50,1,0,23,85.0,40.0,40.0,45.0
4128,4128,29,16,0,1,0,23,52.0,12.0,12.0,40.0
4129,4129,29,16,10,1,0,23,90.0,34.0,34.0,56.0
4130,4130,29,16,20,1,0,23,91.0,57.0,57.0,34.0
4131,4131,29,16,30,1,0,23,87.0,38.0,38.0,49.0
4132,4132,29,16,40,1,0,23,128.0,59.0,59.0,69.0
4133,4133,29,16,50,1,0,23,116.0,69.0,69.0,47.0
4134,4134,29,17,0,1,0,23,92.0,31.0,31.0,61.0
4135,4135,29,17,10,1,0,23,100.0,50.0,50.0,50.0
4136,4136,29,17,20,1,0,23,150.0,94.0,94.0,56.0
4137,4137,29,17,30,1,0,23,141.0,92.0,92.0,49.0
4138,4138,29,17,40,1,0,23,167.0,98.0,98.0,69.0
4139,4139,29,17,50,1,0,23,175.0,128.0,128.0,47.0
4140,4140,29,18,0,1,0,23,154.0,101.0,101.0,53.0
4141,4141,29,18,10,1,0,23,157.0,101.0,101.0,56.0
4142,4142,29,18,20,1,0,23,182.0,121.0,121.0,61.0
4143,4143,29,18,30,1,0,23,265.0,239.0,239.0,26.0
4144,4144,29,18,40,1,0,23,164.0,129.0,129.0,35.0
4145,4145,29,18,50,1,0,23,163.0,141.0,141.0,22.0
4146,4146,29,19,0,1,0,23,163.0,129.0,129.0,34.0
4147,4147,29,19,10,1,0,23,236.0,208.0,208.0,28.0
4148,4148,29,19,20,1,0,23,119.0,100.0,100.0,19.0
4149,4149,29,19,30,1,0,23,111.0,99.0,99.0,12.0
4150,4150,29,19,40,1,0,23,120.0,97.0,97.0,23.0
4151,4151,29,19,50,1,0,23,140.0,128.0,128.0,12.0
4152,4152,29,20,0,1,0,23,84.0,71.0,71.0,13.0
4153,4153,29,20,10,1,0,23,62.0,55.0,55.0,7.0
4154,4154,29,20,20,1,0,23,120.0,100.0,100.0,20.0
4155,4155,29,20,30,1,0,23,87.0,65.0,65.0,22.0
4156,4156,29,20,40,1,0,23,35.0,18.0,18.0,17.0
4157,4157,29,20,50,1,0,23,62.0,46.0,46.0,16.0
4158,4158,29,21,0,1,0,23,65.0,53.0,53.0,12.0
4159,4159,29,21,10,1,0,23,69.0,59.0,59.0,10.0
4160,4160,29,21,20,1,0,23,82.0,65.0,65.0,17.0
4161,4161,29,21,30,1,0,23,7.0,3.0,3.0,4.0
4162,4162,29,21,40,1,0,23,102.0,92.0,92.0,10.0
4163,4163,29,21,50,1,0,23,62.0,59.0,59.0,3.0
4164,4164,29,22,0,1,0,23,1.0,0.0,0.0,1.0
4165,4165,29,22,10,1,0,23,65.0,65.0,65.0,0.0
4166,4166,29,22,20,1,0,23,59.0,58.0,58.0,1.0
4167,4167,29,22,30,1,0,23,11.0,11.0,11.0,0.0
4168,4168,29,22,40,1,0,23,37.0,37.0,37.0,0.0
4169,4169,29,22,50,1,0,23,25.0,24.0,24.0,1.0
4206,4206,30,5,0,1,0,23,0.0,0.0,0.0,0.0
4207,4207,30,5,10,1,0,23,1.0,0.0,0.0,1.0
4208,4208,30,5,20,1,0,23,0.0,0.0,0.0,0.0
4209,4209,30,5,30,1,0,23,0.0,0.0,0.0,0.0
4210,4210,30,5,40,1,0,23,5.0,0.0,0.0,5.0
4211,4211,30,5,50,1,0,23,18.0,0.0,0.0,18.0
4212,4212,30,6,0,1,0,23,16.0,0.0,0.0,16.0
4213,4213,30,6,10,1,0,23,67.0,16.0,16.0,51.0
4214,4214,30,6,20,1,0,23,56.0,24.0,24.0,32.0
4215,4215,30,6,30,1,0,23,84.0,23.0,23.0,61.0
4216,4216,30,6,40,1,0,23,137.0,50.0,50.0,87.0
4217,4217,30,6,50,1,0,23,156.0,64.0,64.0,92.0
4218,4218,30,7,0,1,0,23,198.0,60.0,60.0,138.0
4219,4219,30,7,10,1,0,23,247.0,82.0,82.0,165.0
4220,4220,30,7,20,1,0,23,331.0,117.0,117.0,214.0
4221,4221,30,7,30,1,0,23,384.0,135.0,135.0,249.0
4222,4222,30,7,40,1,0,23,449.0,164.0,164.0,285.0
4223,4223,30,7,50,1,0,23,563.0,236.0,236.0,327.0
4224,4224,30,8,0,1,0,23,654.0,305.0,305.0,349.0
4225,4225,30,8,10,1,0,23,881.0,461.0,461.0,420.0
4226,4226,30,8,20,1,0,23,1061.0,659.0,659.0,402.0
4227,4227,30,8,30,1,0,23,1060.0,725.0,725.0,335.0
4228,4228,30,8,40,1,0,23,1277.0,917.0,917.0,360.0
4229,4229,30,8,50,1,0,23,953.0,699.0,699.0,254.0
4230,4230,30,9,0,1,0,23,721.0,506.0,506.0,215.0
4231,4231,30,9,10,1,0,23,576.0,371.0,371.0,205.0
4232,4232,30,9,20,1,0,23,483.0,282.0,282.0,201.0
4233,4233,30,9,30,1,0,23,434.0,256.0,256.0,178.0
4234,4234,30,9,40,1,0,23,368.0,204.0,204.0,164.0
4235,4235,30,9,50,1,0,23,389.0,234.0,234.0,155.0
4236,4236,30,10,0,1,0,23,320.0,163.0,163.0,157.0
4237,4237,30,10,10,1,0,23,288.0,158.0,158.0,130.0
4238,4238,30,10,20,1,0,23,247.0,113.0,113.0,134.0
4239,4239,30,10,30,1,0,23,255.0,131.0,131.0,124.0
4240,4240,30,10,40,1,0,23,235.0,121.0,121.0,114.0
4241,4241,30,10,50,1,0,23,219.0,103.0,103.0,116.0
4242,4242,30,11,0,1,0,23,228.0,121.0,121.0,107.0
4243,4243,30,11,10,1,0,23,205.0,119.0,119.0,86.0
4244,4244,30,11,20,1,0,23,204.0,91.0,91.0,113.0
4245,4245,30,11,30,1,0,23,208.0,100.0,100.0,108.0
4246,4246,30,11,40,1,0,23,193.0,89.0,89.0,104.0
4247,4247,30,11,50,1,0,23,187.0,88.0,88.0,99.0
4248,4248,30,12,0,1,0,23,206.0,111.0,111.0,95.0
4249,4249,30,12,10,1,0,23,215.0,91.0,91.0,124.0
4250,4250,30,12,20,1,0,23,267.0,114.0,114.0,153.0
4251,4251,30,12,30,1,0,23,238.0,122.0,122.0,116.0
4252,4252,30,12,40,1,0,23,261.0,125.0,125.0,136.0
4253,4253,30,12,50,1,0,23,237.0,121.0,121.0,116.0
4254,4254,30,13,0,1,0,23,260.0,127.0,127.0,133.0
4255,4255,30,13,10,1,0,23,244.0,112.0,112.0,132.0
4256,4256,30,13,20,1,0,23,213.0,98.0,98.0,115.0
4257,4257,30,13,30,1,0,23,258.0,116.0,116.0,142.0
4258,4258,30,13,40,1,0,23,235.0,119.0,119.0,116.0
4259,4259,30,13,50,1,0,23,235.0,116.0,116.0,119.0
4260,4260,30,14,0,1,0,23,251.0,122.0,122.0,129.0
4261,4261,30,14,10,1,0,23,235.0,88.0,88.0,147.0
4262,4262,30,14,20,1,0,23,231.0,106.0,106.0,125.0
4263,4263,30,14,30,1,0,23,236.0,104.0,104.0,132.0
4264,4264,30,14,40,1,0,23,246.0,123.0,123.0,123.0
4265,4265,30,14,50,1,0,23,203.0,114.0,114.0,89.0
4266,4266,30,15,0,1,0,23,238.0,122.0,122.0,116.0
4267,4267,30,15,10,1,0,23,257.0,131.0,131.0,126.0
4268,4268,30,15,20,1,0,23,259.0,112.0,112.0,147.0
4269,4269,30,15,30,1,0,23,284.0,137.0,137.0,147.0
4270,4270,30,15,40,1,0,23,346.0,156.0,156.0,190.0
4271,4271,30,15,50,1,0,23,244.0,111.0,111.0,133.0
4272,4272,30,16,0,1,0,23,271.0,128.0,128.0,143.0
4273,4273,30,16,10,1,0,23,257.0,134.0,134.0,123.0
4274,4274,30,16,20,1,0,23,263.0,122.0,122.0,141.0
4275,4275,30,16,30,1,0,23,301.0,139.0,139.0,162.0
4276,4276,30,16,40,1,0,23,306.0,152.0,152.0,154.0
4277,4277,30,16,50,1,0,23,326.0,142.0,142.0,184.0
4278,4278,30,17,0,1,0,23,437.0,185.0,185.0,252.0
4279,4279,30,17,10,1,0,23,460.0,172.0,172.0,288.0
4280,4280,30,17,20,1,0,23,500.0,210.0,210.0,290.0
4281,4281,30,17,30,1,0,23,637.0,239.0,239.0,398.0
4282,4282,30,17,40,1,0,23,793.0,251.0,251.0,542.0
4283,4283,30,17,50,1,0,23,680.0,274.0,274.0,406.0
4284,4284,30,18,0,1,0,23,759.0,300.0,300.0,459.0
4285,4285,30,18,10,1,0,23,914.0,346.0,346.0,568.0
4286,4286,30,18,20,1,0,23,721.0,270.0,270.0,451.0
4287,4287,30,18,30,1,0,23,679.0,313.0,313.0,366.0
4288,4288,30,18,40,1,0,23,623.0,308.0,308.0,315.0
4289,4289,30,18,50,1,0,23,486.0,242.0,242.0,244.0
4290,4290,30,19,0,1,0,23,450.0,230.0,230.0,220.0
4291,4291,30,19,10,1,0,23,389.0,179.0,179.0,210.0
4292,4292,30,19,20,1,0,23,332.0,148.0,148.0,184.0
4293,4293,30,19,30,1,0,23,290.0,145.0,145.0,145.0
4294,4294,30,19,40,1,0,23,265.0,118.0,118.0,147.0
4295,4295,30,19,50,1,0,23,275.0,94.0,94.0,181.0
4296,4296,30,20,0,1,0,23,249.0,103.0,103.0,146.0
4297,4297,30,20,10,1,0,23,203.0,76.0,76.0,127.0
4298,4298,30,20,20,1,0,23,194.0,62.0,62.0,132.0
4299,4299,30,20,30,1,0,23,256.0,102.0,102.0,154.0
4300,4300,30,20,40,1,0,23,216.0,72.0,72.0,144.0
4301,4301,30,20,50,1,0,23,246.0,103.0,103.0,143.0
4302,4302,30,21,0,1,0,23,297.0,92.0,92.0,205.0
4303,4303,30,21,10,1,0,23,279.0,81.0,81.0,198.0
4304,4304,30,21,20,1,0,23,259.0,67.0,67.0,192.0
4305,4305,30,21,30,1,0,23,234.0,81.0,81.0,153.0
4306,4306,30,21,40,1,0,23,179.0,65.0,65.0,114.0
4307,4307,30,21,50,1,0,23,148.0,54.0,54.0,94.0
4308,4308,30,22,0,1,0,23,169.0,82.0,82.0,87.0
4309,4309,30,22,10,1,0,23,112.0,47.0,47.0,65.0
4310,4310,30,22,20,1,0,23,73.0,39.0,39.0,34.0
4311,4311,30,22,30,1,0,23,104.0,78.0,78.0,26.0
4312,4312,30,22,40,1,0,23,38.0,24.0,24.0,14.0
4313,4313,30,22,50,1,0,23,50.0,38.0,38.0,12.0
4350,4350,31,5,0,1,0,23,1.0,0.0,0.0,1.0
4351,4351,31,5,10,1,0,23,0.0,0.0,0.0,0.0
4352,4352,31,5,20,1,0,23,4.0,0.0,0.0,4.0
4353,4353,31,5,30,1,0,23,7.0,0.0,0.0,7.0
4354,4354,31,5,40,1,0,23,6.0,0.0,0.0,6.0
4355,4355,31,5,50,1,0,23,6.0,0.0,0.0,6.0
4356,4356,31,6,0,1,0,23,13.0,0.0,0.0,13.0
4357,4357,31,6,10,1,0,23,11.0,0.0,0.0,11.0
4358,4358,31,6,20,1,0,23,22.0,0.0,0.0,22.0
4359,4359,31,6,30,1,0,23,21.0,0.0,0.0,21.0
4360,4360,31,6,40,1,0,23,26.0,8.0,8.0,18.0
4361,4361,31,6,50,1,0,23,33.0,4.0,4.0,29.0
4362,4362,31,7,0,1,0,23,58.0,15.0,15.0,43.0
4363,4363,31,7,10,1,0,23,54.0,5.0,5.0,49.0
4364,4364,31,7,20,1,0,23,82.0,37.0,37.0,45.0
4365,4365,31,7,30,1,0,23,88.0,49.0,49.0,39.0
4366,4366,31,7,40,1,0,23,96.0,42.0,42.0,54.0
4367,4367,31,7,50,1,0,23,60.0,24.0,24.0,36.0
4368,4368,31,8,0,1,0,23,73.0,35.0,35.0,38.0
4369,4369,31,8,10,1,0,23,58.0,23.0,23.0,35.0
4370,4370,31,8,20,1,0,23,73.0,42.0,42.0,31.0
4371,4371,31,8,30,1,0,23,56.0,33.0,33.0,23.0
4372,4372,31,8,40,1,0,23,47.0,31.0,31.0,16.0
4373,4373,31,8,50,1,0,23,92.0,76.0,76.0,16.0
4374,4374,31,9,0,1,0,23,39.0,22.0,22.0,17.0
4375,4375,31,9,10,1,0,23,23.0,10.0,10.0,13.0
4376,4376,31,9,20,1,0,23,21.0,16.0,16.0,5.0
4377,4377,31,9,30,1,0,23,23.0,12.0,12.0,11.0
4378,4378,31,9,40,1,0,23,34.0,20.0,20.0,14.0
4379,4379,31,9,50,1,0,23,29.0,14.0,14.0,15.0
4380,4380,31,10,0,1,0,23,13.0,5.0,5.0,8.0
4381,4381,31,10,10,1,0,23,28.0,21.0,21.0,7.0
4382,4382,31,10,20,1,0,23,16.0,7.0,7.0,9.0
4383,4383,31,10,30,1,0,23,12.0,8.0,8.0,4.0
4384,4384,31,10,40,1,0,23,20.0,15.0,15.0,5.0
4385,4385,31,10,50,1,0,23,22.0,16.0,16.0,6.0
4386,4386,31,11,0,1,0,23,11.0,2.0,2.0,9.0
4387,4387,31,11,10,1,0,23,20.0,15.0,15.0,5.0
4388,4388,31,11,20,1,0,23,31.0,14.0,14.0,17.0
4389,4389,31,11,30,1,0,23,25.0,11.0,11.0,14.0
4390,4390,31,11,40,1,0,23,25.0,9.0,9.0,16.0
4391,4391,31,11,50,1,0,23,24.0,9.0,9.0,15.0
4392,4392,31,12,0,1,0,23,23.0,9.0,9.0,14.0
4393,4393,31,12,10,1,0,23,14.0,2.0,2.0,12.0
4394,4394,31,12,20,1,0,23,12.0,9.0,9.0,3.0
4395,4395,31,12,30,1,0,23,30.0,17.0,17.0,13.0
4396,4396,31,12,40,1,0,23,20.0,9.0,9.0,11.0
4397,4397,31,12,50,1,0,23,23.0,8.0,8.0,15.0
4398,4398,31,13,0,1,0,23,13.0,2.0,2.0,11.0
4399,4399,31,13,10,1,0,23,16.0,8.0,8.0,8.0
4400,4400,31,13,20,1,0,23,27.0,16.0,16.0,11.0
4401,4401,31,13,30,1,0,23,30.0,21.0,21.0,9.0
4402,4402,31,13,40,1,0,23,28.0,13.0,13.0,15.0
4403,4403,31,13,50,1,0,23,16.0,10.0,10.0,6.0
4404,4404,31,14,0,1,0,23,14.0,2.0,2.0,12.0
4405,4405,31,14,10,1,0,23,20.0,14.0,14.0,6.0
4406,4406,31,14,20,1,0,23,39.0,21.0,21.0,18.0
4407,4407,31,14,30,1,0,23,26.0,16.0,16.0,10.0
4408,4408,31,14,40,1,0,23,33.0,17.0,17.0,16.0
4409,4409,31,14,50,1,0,23,27.0,14.0,14.0,13.0
4410,4410,31,15,0,1,0,23,14.0,2.0,2.0,12.0
4411,4411,31,15,10,1,0,23,13.0,5.0,5.0,8.0
4412,4412,31,15,20,1,0,23,27.0,8.0,8.0,19.0
4413,4413,31,15,30,1,0,23,20.0,9.0,9.0,11.0
4414,4414,31,15,40,1,0,23,31.0,17.0,17.0,14.0
4415,4415,31,15,50,1,0,23,28.0,15.0,15.0,13.0
4416,4416,31,16,0,1,0,23,34.0,2.0,2.0,32.0
4417,4417,31,16,10,1,0,23,27.0,11.0,11.0,16.0
4418,4418,31,16,20,1,0,23,56.0,13.0,13.0,43.0
4419,4419,31,16,30,1,0,23,38.0,24.0,24.0,14.0
4420,4420,31,16,40,1,0,23,52.0,17.0,17.0,35.0
4421,4421,31,16,50,1,0,23,57.0,15.0,15.0,42.0
4422,4422,31,17,0,1,0,23,25.0,6.0,6.0,19.0
4423,4423,31,17,10,1,0,23,64.0,16.0,16.0,48.0
4424,4424,31,17,20,1,0,23,58.0,18.0,18.0,40.0
4425,4425,31,17,30,1,0,23,52.0,18.0,18.0,34.0
4426,4426,31,17,40,1,0,23,54.0,14.0,14.0,40.0
4427,4427,31,17,50,1,0,23,46.0,14.0,14.0,32.0
4428,4428,31,18,0,1,0,23,54.0,28.0,28.0,26.0
4429,4429,31,18,10,1,0,23,46.0,28.0,28.0,18.0
4430,4430,31,18,20,1,0,23,53.0,34.0,34.0,19.0
4431,4431,31,18,30,1,0,23,69.0,44.0,44.0,25.0
4432,4432,31,18,40,1,0,23,45.0,35.0,35.0,10.0
4433,4433,31,18,50,1,0,23,43.0,29.0,29.0,14.0
4434,4434,31,19,0,1,0,23,54.0,42.0,42.0,12.0
4435,4435,31,19,10,1,0,23,31.0,25.0,25.0,6.0
4436,4436,31,19,20,1,0,23,50.0,34.0,34.0,16.0
4437,4437,31,19,30,1,0,23,31.0,23.0,23.0,8.0
4438,4438,31,19,40,1,0,23,36.0,20.0,20.0,16.0
4439,4439,31,19,50,1,0,23,21.0,17.0,17.0,4.0
4440,4440,31,20,0,1,0,23,36.0,20.0,20.0,16.0
4441,4441,31,20,10,1,0,23,27.0,20.0,20.0,7.0
4442,4442,31,20,20,1,0,23,15.0,9.0,9.0,6.0
4443,4443,31,20,30,1,0,23,24.0,17.0,17.0,7.0
4444,4444,31,20,40,1,0,23,11.0,6.0,6.0,5.0
4445,4445,31,20,50,1,0,23,19.0,14.0,14.0,5.0
4446,4446,31,21,0,1,0,23,16.0,14.0,14.0,2.0
4447,4447,31,21,10,1,0,23,17.0,13.0,13.0,4.0
4448,4448,31,21,20,1,0,23,21.0,18.0,18.0,3.0
4449,4449,31,21,30,1,0,23,2.0,0.0,0.0,2.0
4450,4450,31,21,40,1,0,23,18.0,17.0,17.0,1.0
4451,4451,31,21,50,1,0,23,13.0,13.0,13.0,0.0
4452,4452,31,22,0,1,0,23,2.0,2.0,2.0,0.0
4453,4453,31,22,10,1,0,23,12.0,12.0,12.0,0.0
4454,4454,31,22,20,1,0,23,15.0,15.0,15.0,0.0
4455,4455,31,22,30,1,0,23,8.0,8.0,8.0,0.0
4456,4456,31,22,40,1,0,23,10.0,9.0,9.0,1.0
4457,4457,31,22,50,1,0,23,11.0,11.0,11.0,0.0
4494,4494,32,5,0,1,0,23,0.0,0.0,0.0,0.0
4495,4495,32,5,10,1,0,23,0.0,0.0,0.0,0.0
4496,4496,32,5,20,1,0,23,0.0,0.0,0.0,0.0
4497,4497,32,5,30,1,0,23,0.0,0.0,0.0,0.0
4498,4498,32,5,40,1,0,23,7.0,0.0,0.0,7.0
4499,4499,32,5,50,1,0,23,24.0,1.0,1.0,23.0
4500,4500,32,6,0,1,0,23,50.0,0.0,0.0,50.0
4501,4501,32,6,10,1,0,23,86.0,19.0,19.0,67.0
4502,4502,32,6,20,1,0,23,99.0,26.0,26.0,73.0
4503,4503,32,6,30,1,0,23,114.0,17.0,17.0,97.0
4504,4504,32,6,40,1,0,23,191.0,33.0,33.0,158.0
4505,4505,32,6,50,1,0,23,258.0,62.0,62.0,196.0
4506,4506,32,7,0,1,0,23,272.0,74.0,74.0,198.0
4507,4507,32,7,10,1,0,23,317.0,90.0,90.0,227.0
4508,4508,32,7,20,1,0,23,399.0,104.0,104.0,295.0
4509,4509,32,7,30,1,0,23,487.0,171.0,171.0,316.0
4510,4510,32,7,40,1,0,23,582.0,204.0,204.0,378.0
4511,4511,32,7,50,1,0,23,672.0,266.0,266.0,406.0
4512,4512,32,8,0,1,0,23,610.0,201.0,201.0,409.0
4513,4513,32,8,10,1,0,23,658.0,268.0,268.0,390.0
4514,4514,32,8,20,1,0,23,599.0,252.0,252.0,347.0
4515,4515,32,8,30,1,0,23,540.0,251.0,251.0,289.0
4516,4516,32,8,40,1,0,23,568.0,275.0,275.0,293.0
4517,4517,32,8,50,1,0,23,575.0,290.0,290.0,285.0
4518,4518,32,9,0,1,0,23,442.0,178.0,178.0,264.0
4519,4519,32,9,10,1,0,23,414.0,189.0,189.0,225.0
4520,4520,32,9,20,1,0,23,327.0,133.0,133.0,194.0
4521,4521,32,9,30,1,0,23,304.0,140.0,140.0,164.0
4522,4522,32,9,40,1,0,23,225.0,96.0,96.0,129.0
4523,4523,32,9,50,1,0,23,225.0,105.0,105.0,120.0
4524,4524,32,10,0,1,0,23,214.0,81.0,81.0,133.0
4525,4525,32,10,10,1,0,23,196.0,104.0,104.0,92.0
4526,4526,32,10,20,1,0,23,171.0,85.0,85.0,86.0
4527,4527,32,10,30,1,0,23,148.0,64.0,64.0,84.0
4528,4528,32,10,40,1,0,23,140.0,65.0,65.0,75.0
4529,4529,32,10,50,1,0,23,110.0,47.0,47.0,63.0
4530,4530,32,11,0,1,0,23,153.0,75.0,75.0,78.0
4531,4531,32,11,10,1,0,23,134.0,66.0,66.0,68.0
4532,4532,32,11,20,1,0,23,126.0,37.0,37.0,89.0
4533,4533,32,11,30,1,0,23,135.0,68.0,68.0,67.0
4534,4534,32,11,40,1,0,23,96.0,26.0,26.0,70.0
4535,4535,32,11,50,1,0,23,151.0,68.0,68.0,83.0
4536,4536,32,12,0,1,0,23,175.0,76.0,76.0,99.0
4537,4537,32,12,10,1,0,23,121.0,39.0,39.0,82.0
4538,4538,32,12,20,1,0,23,199.0,90.0,90.0,109.0
4539,4539,32,12,30,1,0,23,177.0,85.0,85.0,92.0
4540,4540,32,12,40,1,0,23,115.0,37.0,37.0,78.0
4541,4541,32,12,50,1,0,23,168.0,87.0,87.0,81.0
4542,4542,32,13,0,1,0,23,183.0,88.0,88.0,95.0
4543,4543,32,13,10,1,0,23,136.0,37.0,37.0,99.0
4544,4544,32,13,20,1,0,23,149.0,78.0,78.0,71.0
4545,4545,32,13,30,1,0,23,138.0,86.0,86.0,52.0
4546,4546,32,13,40,1,0,23,124.0,44.0,44.0,80.0
4547,4547,32,13,50,1,0,23,144.0,60.0,60.0,84.0
4548,4548,32,14,0,1,0,23,187.0,114.0,114.0,73.0
4549,4549,32,14,10,1,0,23,98.0,47.0,47.0,51.0
4550,4550,32,14,20,1,0,23,168.0,86.0,86.0,82.0
4551,4551,32,14,30,1,0,23,184.0,98.0,98.0,86.0
4552,4552,32,14,40,1,0,23,146.0,62.0,62.0,84.0
4553,4553,32,14,50,1,0,23,180.0,102.0,102.0,78.0
4554,4554,32,15,0,1,0,23,197.0,116.0,116.0,81.0
4555,4555,32,15,10,1,0,23,161.0,65.0,65.0,96.0
4556,4556,32,15,20,1,0,23,163.0,94.0,94.0,69.0
4557,4557,32,15,30,1,0,23,242.0,131.0,131.0,111.0
4558,4558,32,15,40,1,0,23,154.0,68.0,68.0,86.0
4559,4559,32,15,50,1,0,23,206.0,127.0,127.0,79.0
4560,4560,32,16,0,1,0,23,197.0,110.0,110.0,87.0
4561,4561,32,16,10,1,0,23,161.0,70.0,70.0,91.0
4562,4562,32,16,20,1,0,23,212.0,103.0,103.0,109.0
4563,4563,32,16,30,1,0,23,241.0,158.0,158.0,83.0
4564,4564,32,16,40,1,0,23,215.0,78.0,78.0,137.0
4565,4565,32,16,50,1,0,23,305.0,163.0,163.0,142.0
4566,4566,32,17,0,1,0,23,364.0,170.0,170.0,194.0
4567,4567,32,17,10,1,0,23,488.0,209.0,209.0,279.0
4568,4568,32,17,20,1,0,23,379.0,196.0,196.0,183.0
4569,4569,32,17,30,1,0,23,470.0,296.0,296.0,174.0
4570,4570,32,17,40,1,0,23,479.0,250.0,250.0,229.0
4571,4571,32,17,50,1,0,23,507.0,318.0,318.0,189.0
4572,4572,32,18,0,1,0,23,474.0,303.0,303.0,171.0
4573,4573,32,18,10,1,0,23,541.0,318.0,318.0,223.0
4574,4574,32,18,20,1,0,23,548.0,342.0,342.0,206.0
4575,4575,32,18,30,1,0,23,482.0,350.0,350.0,132.0
4576,4576,32,18,40,1,0,23,447.0,301.0,301.0,146.0
4577,4577,32,18,50,1,0,23,326.0,228.0,228.0,98.0
4578,4578,32,19,0,1,0,23,395.0,282.0,282.0,113.0
4579,4579,32,19,10,1,0,23,224.0,160.0,160.0,64.0
4580,4580,32,19,20,1,0,23,282.0,199.0,199.0,83.0
4581,4581,32,19,30,1,0,23,206.0,147.0,147.0,59.0
4582,4582,32,19,40,1,0,23,158.0,101.0,101.0,57.0
4583,4583,32,19,50,1,0,23,167.0,110.0,110.0,57.0
4584,4584,32,20,0,1,0,23,192.0,131.0,131.0,61.0
4585,4585,32,20,10,1,0,23,162.0,94.0,94.0,68.0
4586,4586,32,20,20,1,0,23,141.0,88.0,88.0,53.0
4587,4587,32,20,30,1,0,23,168.0,117.0,117.0,51.0
4588,4588,32,20,40,1,0,23,113.0,55.0,55.0,58.0
4589,4589,32,20,50,1,0,23,173.0,125.0,125.0,48.0
4590,4590,32,21,0,1,0,23,215.0,71.0,71.0,144.0
4591,4591,32,21,10,1,0,23,169.0,118.0,118.0,51.0
4592,4592,32,21,20,1,0,23,138.0,69.0,69.0,69.0
4593,4593,32,21,30,1,0,23,112.0,72.0,72.0,40.0
4594,4594,32,21,40,1,0,23,228.0,157.0,157.0,71.0
4595,4595,32,21,50,1,0,23,135.0,84.0,84.0,51.0
4596,4596,32,22,0,1,0,23,104.0,79.0,79.0,25.0
4597,4597,32,22,10,1,0,23,147.0,109.0,109.0,38.0
4598,4598,32,22,20,1,0,23,93.0,75.0,75.0,18.0
4599,4599,32,22,30,1,0,23,120.0,117.0,117.0,3.0
4600,4600,32,22,40,1,0,23,31.0,25.0,25.0,6.0
4601,4601,32,22,50,1,0,23,36.0,32.0,32.0,4.0
4638,4638,33,5,0,1,0,23,0.0,0.0,0.0,0.0
4639,4639,33,5,10,1,0,23,0.0,0.0,0.0,0.0
4640,4640,33,5,20,1,0,23,2.0,0.0,0.0,2.0
4641,4641,33,5,30,1,0,23,7.0,0.0,0.0,7.0
4642,4642,33,5,40,1,0,23,9.0,0.0,0.0,9.0
4643,4643,33,5,50,1,0,23,3.0,0.0,0.0,3.0
4644,4644,33,6,0,1,0,23,6.0,0.0,0.0,6.0
4645,4645,33,6,10,1,0,23,14.0,0.0,0.0,14.0
4646,4646,33,6,20,1,0,23,26.0,1.0,1.0,25.0
4647,4647,33,6,30,1,0,23,42.0,0.0,0.0,42.0
4648,4648,33,6,40,1,0,23,72.0,0.0,0.0,72.0
4649,4649,33,6,50,1,0,23,77.0,1.0,1.0,76.0
4650,4650,33,7,0,1,0,23,119.0,25.0,25.0,94.0
4651,4651,33,7,10,1,0,23,112.0,3.0,3.0,109.0
4652,4652,33,7,20,1,0,23,114.0,8.0,8.0,106.0
4653,4653,33,7,30,1,0,23,137.0,22.0,22.0,115.0
4654,4654,33,7,40,1,0,23,94.0,21.0,21.0,73.0
4655,4655,33,7,50,1,0,23,103.0,13.0,13.0,90.0
4656,4656,33,8,0,1,0,23,123.0,28.0,28.0,95.0
4657,4657,33,8,10,1,0,23,94.0,17.0,17.0,77.0
4658,4658,33,8,20,1,0,23,57.0,12.0,12.0,45.0
4659,4659,33,8,30,1,0,23,85.0,27.0,27.0,58.0
4660,4660,33,8,40,1,0,23,79.0,36.0,36.0,43.0
4661,4661,33,8,50,1,0,23,68.0,15.0,15.0,53.0
4662,4662,33,9,0,1,0,23,32.0,16.0,16.0,16.0
4663,4663,33,9,10,1,0,23,60.0,21.0,21.0,39.0
4664,4664,33,9,20,1,0,23,63.0,30.0,30.0,33.0
4665,4665,33,9,30,1,0,23,35.0,14.0,14.0,21.0
4666,4666,33,9,40,1,0,23,29.0,7.0,7.0,22.0
4667,4667,33,9,50,1,0,23,43.0,19.0,19.0,24.0
4668,4668,33,10,0,1,0,23,40.0,23.0,23.0,17.0
4669,4669,33,10,10,1,0,23,25.0,14.0,14.0,11.0
4670,4670,33,10,20,1,0,23,32.0,17.0,17.0,15.0
4671,4671,33,10,30,1,0,23,22.0,8.0,8.0,14.0
4672,4672,33,10,40,1,0,23,35.0,18.0,18.0,17.0
4673,4673,33,10,50,1,0,23,41.0,27.0,27.0,14.0
4674,4674,33,11,0,1,0,23,16.0,3.0,3.0,13.0
4675,4675,33,11,10,1,0,23,29.0,20.0,20.0,9.0
4676,4676,33,11,20,1,0,23,31.0,20.0,20.0,11.0
4677,4677,33,11,30,1,0,23,29.0,14.0,14.0,15.0
4678,4678,33,11,40,1,0,23,30.0,13.0,13.0,17.0
4679,4679,33,11,50,1,0,23,27.0,11.0,11.0,16.0
4680,4680,33,12,0,1,0,23,10.0,2.0,2.0,8.0
4681,4681,33,12,10,1,0,23,43.0,24.0,24.0,19.0
4682,4682,33,12,20,1,0,23,34.0,22.0,22.0,12.0
4683,4683,33,12,30,1,0,23,26.0,18.0,18.0,8.0
4684,4684,33,12,40,1,0,23,32.0,13.0,13.0,19.0
4685,4685,33,12,50,1,0,23,10.0,3.0,3.0,7.0
4686,4686,33,13,0,1,0,23,40.0,11.0,11.0,29.0
4687,4687,33,13,10,1,0,23,48.0,26.0,26.0,22.0
4688,4688,33,13,20,1,0,23,28.0,16.0,16.0,12.0
4689,4689,33,13,30,1,0,23,26.0,15.0,15.0,11.0
4690,4690,33,13,40,1,0,23,28.0,15.0,15.0,13.0
4691,4691,33,13,50,1,0,23,16.0,3.0,3.0,13.0
4692,4692,33,14,0,1,0,23,32.0,15.0,15.0,17.0
4693,4693,33,14,10,1,0,23,29.0,15.0,15.0,14.0
4694,4694,33,14,20,1,0,23,43.0,19.0,19.0,24.0
4695,4695,33,14,30,1,0,23,25.0,12.0,12.0,13.0
4696,4696,33,14,40,1,0,23,23.0,14.0,14.0,9.0
4697,4697,33,14,50,1,0,23,12.0,0.0,0.0,12.0
4698,4698,33,15,0,1,0,23,35.0,17.0,17.0,18.0
4699,4699,33,15,10,1,0,23,29.0,17.0,17.0,12.0
4700,4700,33,15,20,1,0,23,32.0,12.0,12.0,20.0
4701,4701,33,15,30,1,0,23,42.0,22.0,22.0,20.0
4702,4702,33,15,40,1,0,23,32.0,22.0,22.0,10.0
4703,4703,33,15,50,1,0,23,15.0,2.0,2.0,13.0
4704,4704,33,16,0,1,0,23,35.0,22.0,22.0,13.0
4705,4705,33,16,10,1,0,23,42.0,20.0,20.0,22.0
4706,4706,33,16,20,1,0,23,46.0,31.0,31.0,15.0
4707,4707,33,16,30,1,0,23,34.0,13.0,13.0,21.0
4708,4708,33,16,40,1,0,23,36.0,18.0,18.0,18.0
4709,4709,33,16,50,1,0,23,24.0,8.0,8.0,16.0
4710,4710,33,17,0,1,0,23,43.0,25.0,25.0,18.0
4711,4711,33,17,10,1,0,23,44.0,28.0,28.0,16.0
4712,4712,33,17,20,1,0,23,60.0,32.0,32.0,28.0
4713,4713,33,17,30,1,0,23,67.0,40.0,40.0,27.0
4714,4714,33,17,40,1,0,23,84.0,54.0,54.0,30.0
4715,4715,33,17,50,1,0,23,68.0,38.0,38.0,30.0
4716,4716,33,18,0,1,0,23,46.0,30.0,30.0,16.0
4717,4717,33,18,10,1,0,23,66.0,39.0,39.0,27.0
4718,4718,33,18,20,1,0,23,110.0,85.0,85.0,25.0
4719,4719,33,18,30,1,0,23,55.0,38.0,38.0,17.0
4720,4720,33,18,40,1,0,23,54.0,45.0,45.0,9.0
4721,4721,33,18,50,1,0,23,73.0,57.0,57.0,16.0
4722,4722,33,19,0,1,0,23,84.0,78.0,78.0,6.0
4723,4723,33,19,10,1,0,23,57.0,45.0,45.0,12.0
4724,4724,33,19,20,1,0,23,55.0,41.0,41.0,14.0
4725,4725,33,19,30,1,0,23,70.0,59.0,59.0,11.0
4726,4726,33,19,40,1,0,23,95.0,83.0,83.0,12.0
4727,4727,33,19,50,1,0,23,51.0,49.0,49.0,2.0
4728,4728,33,20,0,1,0,23,46.0,39.0,39.0,7.0
4729,4729,33,20,10,1,0,23,24.0,21.0,21.0,3.0
4730,4730,33,20,20,1,0,23,46.0,42.0,42.0,4.0
4731,4731,33,20,30,1,0,23,34.0,30.0,30.0,4.0
4732,4732,33,20,40,1,0,23,5.0,1.0,1.0,4.0
4733,4733,33,20,50,1,0,23,25.0,22.0,22.0,3.0
4734,4734,33,21,0,1,0,23,35.0,23.0,23.0,12.0
4735,4735,33,21,10,1,0,23,30.0,21.0,21.0,9.0
4736,4736,33,21,20,1,0,23,30.0,24.0,24.0,6.0
4737,4737,33,21,30,1,0,23,0.0,0.0,0.0,0.0
4738,4738,33,21,40,1,0,23,33.0,33.0,33.0,0.0
4739,4739,33,21,50,1,0,23,29.0,29.0,29.0,0.0
4740,4740,33,22,0,1,0,23,29.0,29.0,29.0,0.0
4741,4741,33,22,10,1,0,23,0.0,0.0,0.0,0.0
4742,4742,33,22,20,1,0,23,22.0,22.0,22.0,0.0
4743,4743,33,22,30,1,0,23,14.0,14.0,14.0,0.0
4744,4744,33,22,40,1,0,23,1.0,1.0,1.0,0.0
4745,4745,33,22,50,1,0,23,6.0,6.0,6.0,0.0
4782,4782,34,5,0,1,0,23,0.0,0.0,0.0,0.0
4783,4783,34,5,10,1,0,23,0.0,0.0,0.0,0.0
4784,4784,34,5,20,1,0,23,14.0,0.0,0.0,14.0
4785,4785,34,5,30,1,0,23,19.0,1.0,1.0,18.0
4786,4786,34,5,40,1,0,23,21.0,0.0,0.0,21.0
4787,4787,34,5,50,1,0,23,18.0,0.0,0.0,18.0
4788,4788,34,6,0,1,0,23,34.0,1.0,1.0,33.0
4789,4789,34,6,10,1,0,23,29.0,0.0,0.0,29.0
4790,4790,34,6,20,1,0,23,68.0,0.0,0.0,68.0
4791,4791,34,6,30,1,0,23,97.0,0.0,0.0,97.0
4792,4792,34,6,40,1,0,23,115.0,1.0,1.0,114.0
4793,4793,34,6,50,1,0,23,166.0,1.0,1.0,165.0
4794,4794,34,7,0,1,0,23,200.0,30.0,30.0,170.0
4795,4795,34,7,10,1,0,23,296.0,26.0,26.0,270.0
4796,4796,34,7,20,1,0,23,299.0,28.0,28.0,271.0
4797,4797,34,7,30,1,0,23,199.0,63.0,63.0,136.0
4798,4798,34,7,40,1,0,23,221.0,24.0,24.0,197.0
4799,4799,34,7,50,1,0,23,216.0,64.0,64.0,152.0
4800,4800,34,8,0,1,0,23,184.0,51.0,51.0,133.0
4801,4801,34,8,10,1,0,23,210.0,74.0,74.0,136.0
4802,4802,34,8,20,1,0,23,158.0,78.0,78.0,80.0
4803,4803,34,8,30,1,0,23,162.0,86.0,86.0,76.0
4804,4804,34,8,40,1,0,23,127.0,40.0,40.0,87.0
4805,4805,34,8,50,1,0,23,151.0,84.0,84.0,67.0
4806,4806,34,9,0,1,0,23,111.0,64.0,64.0,47.0
4807,4807,34,9,10,1,0,23,120.0,41.0,41.0,79.0
4808,4808,34,9,20,1,0,23,130.0,79.0,79.0,51.0
4809,4809,34,9,30,1,0,23,142.0,94.0,94.0,48.0
4810,4810,34,9,40,1,0,23,95.0,52.0,52.0,43.0
4811,4811,34,9,50,1,0,23,80.0,40.0,40.0,40.0
4812,4812,34,10,0,1,0,23,87.0,45.0,45.0,42.0
4813,4813,34,10,10,1,0,23,119.0,78.0,78.0,41.0
4814,4814,34,10,20,1,0,23,91.0,51.0,51.0,40.0
4815,4815,34,10,30,1,0,23,73.0,35.0,35.0,38.0
4816,4816,34,10,40,1,0,23,84.0,45.0,45.0,39.0
4817,4817,34,10,50,1,0,23,19.0,1.0,1.0,18.0
4818,4818,34,11,0,1,0,23,90.0,67.0,67.0,23.0
4819,4819,34,11,10,1,0,23,60.0,36.0,36.0,24.0
4820,4820,34,11,20,1,0,23,97.0,57.0,57.0,40.0
4821,4821,34,11,30,1,0,23,57.0,38.0,38.0,19.0
4822,4822,34,11,40,1,0,23,41.0,15.0,15.0,26.0
4823,4823,34,11,50,1,0,23,52.0,35.0,35.0,17.0
4824,4824,34,12,0,1,0,23,89.0,47.0,47.0,42.0
4825,4825,34,12,10,1,0,23,63.0,39.0,39.0,24.0
4826,4826,34,12,20,1,0,23,66.0,36.0,36.0,30.0
4827,4827,34,12,30,1,0,23,85.0,30.0,30.0,55.0
4828,4828,34,12,40,1,0,23,38.0,3.0,3.0,35.0
4829,4829,34,12,50,1,0,23,77.0,42.0,42.0,35.0
4830,4830,34,13,0,1,0,23,79.0,43.0,43.0,36.0
4831,4831,34,13,10,1,0,23,74.0,35.0,35.0,39.0
4832,4832,34,13,20,1,0,23,84.0,41.0,41.0,43.0
4833,4833,34,13,30,1,0,23,66.0,39.0,39.0,27.0
4834,4834,34,13,40,1,0,23,53.0,2.0,2.0,51.0
4835,4835,34,13,50,1,0,23,59.0,32.0,32.0,27.0
4836,4836,34,14,0,1,0,23,91.0,54.0,54.0,37.0
4837,4837,34,14,10,1,0,23,83.0,34.0,34.0,49.0
4838,4838,34,14,20,1,0,23,84.0,50.0,50.0,34.0
4839,4839,34,14,30,1,0,23,75.0,40.0,40.0,35.0
4840,4840,34,14,40,1,0,23,62.0,6.0,6.0,56.0
4841,4841,34,14,50,1,0,23,71.0,21.0,21.0,50.0
4842,4842,34,15,0,1,0,23,73.0,36.0,36.0,37.0
4843,4843,34,15,10,1,0,23,81.0,41.0,41.0,40.0
4844,4844,34,15,20,1,0,23,100.0,38.0,38.0,62.0
4845,4845,34,15,30,1,0,23,64.0,25.0,25.0,39.0
4846,4846,34,15,40,1,0,23,53.0,0.0,0.0,53.0
4847,4847,34,15,50,1,0,23,107.0,38.0,38.0,69.0
4848,4848,34,16,0,1,0,23,103.0,36.0,36.0,67.0
4849,4849,34,16,10,1,0,23,85.0,38.0,38.0,47.0
4850,4850,34,16,20,1,0,23,78.0,51.0,51.0,27.0
4851,4851,34,16,30,1,0,23,107.0,49.0,49.0,58.0
4852,4852,34,16,40,1,0,23,50.0,3.0,3.0,47.0
4853,4853,34,16,50,1,0,23,111.0,65.0,65.0,46.0
4854,4854,34,17,0,1,0,23,88.0,39.0,39.0,49.0
4855,4855,34,17,10,1,0,23,101.0,72.0,72.0,29.0
4856,4856,34,17,20,1,0,23,112.0,42.0,42.0,70.0
4857,4857,34,17,30,1,0,23,133.0,69.0,69.0,64.0
4858,4858,34,17,40,1,0,23,48.0,12.0,12.0,36.0
4859,4859,34,17,50,1,0,23,145.0,104.0,104.0,41.0
4860,4860,34,18,0,1,0,23,194.0,125.0,125.0,69.0
4861,4861,34,18,10,1,0,23,105.0,71.0,71.0,34.0
4862,4862,34,18,20,1,0,23,139.0,94.0,94.0,45.0
4863,4863,34,18,30,1,0,23,196.0,166.0,166.0,30.0
4864,4864,34,18,40,1,0,23,110.0,81.0,81.0,29.0
4865,4865,34,18,50,1,0,23,124.0,106.0,106.0,18.0
4866,4866,34,19,0,1,0,23,133.0,102.0,102.0,31.0
4867,4867,34,19,10,1,0,23,202.0,177.0,177.0,25.0
4868,4868,34,19,20,1,0,23,112.0,90.0,90.0,22.0
4869,4869,34,19,30,1,0,23,102.0,78.0,78.0,24.0
4870,4870,34,19,40,1,0,23,81.0,62.0,62.0,19.0
4871,4871,34,19,50,1,0,23,158.0,146.0,146.0,12.0
4872,4872,34,20,0,1,0,23,93.0,77.0,77.0,16.0
4873,4873,34,20,10,1,0,23,63.0,54.0,54.0,9.0
4874,4874,34,20,20,1,0,23,67.0,54.0,54.0,13.0
4875,4875,34,20,30,1,0,23,59.0,47.0,47.0,12.0
4876,4876,34,20,40,1,0,23,44.0,36.0,36.0,8.0
4877,4877,34,20,50,1,0,23,70.0,55.0,55.0,15.0
4878,4878,34,21,0,1,0,23,62.0,55.0,55.0,7.0
4879,4879,34,21,10,1,0,23,56.0,47.0,47.0,9.0
4880,4880,34,21,20,1,0,23,47.0,38.0,38.0,9.0
4881,4881,34,21,30,1,0,23,8.0,7.0,7.0,1.0
4882,4882,34,21,40,1,0,23,38.0,38.0,38.0,0.0
4883,4883,34,21,50,1,0,23,42.0,42.0,42.0,0.0
4884,4884,34,22,0,1,0,23,0.0,0.0,0.0,0.0
4885,4885,34,22,10,1,0,23,50.0,50.0,50.0,0.0
4886,4886,34,22,20,1,0,23,47.0,47.0,47.0,0.0
4887,4887,34,22,30,1,0,23,38.0,38.0,38.0,0.0
4888,4888,34,22,40,1,0,23,2.0,2.0,2.0,0.0
4889,4889,34,22,50,1,0,23,30.0,30.0,30.0,0.0
4926,4926,35,5,0,1,0,23,2.0,0.0,0.0,2.0
4927,4927,35,5,10,1,0,23,5.0,0.0,0.0,5.0
4928,4928,35,5,20,1,0,23,34.0,0.0,0.0,34.0
4929,4929,35,5,30,1,0,23,47.0,0.0,0.0,47.0
4930,4930,35,5,40,1,0,23,55.0,1.0,1.0,54.0
4931,4931,35,5,50,1,0,23,91.0,1.0,1.0,90.0
4932,4932,35,6,0,1,0,23,93.0,1.0,1.0,92.0
4933,4933,35,6,10,1,0,23,128.0,0.0,0.0,128.0
4934,4934,35,6,20,1,0,23,155.0,0.0,0.0,155.0
4935,4935,35,6,30,1,0,23,172.0,1.0,1.0,171.0
4936,4936,35,6,40,1,0,23,430.0,99.0,99.0,331.0
4937,4937,35,6,50,1,0,23,420.0,91.0,91.0,329.0
4938,4938,35,7,0,1,0,23,637.0,180.0,180.0,457.0
4939,4939,35,7,10,1,0,23,696.0,261.0,261.0,435.0
4940,4940,35,7,20,1,0,23,688.0,157.0,157.0,531.0
4941,4941,35,7,30,1,0,23,730.0,199.0,199.0,531.0
4942,4942,35,7,40,1,0,23,583.0,142.0,142.0,441.0
4943,4943,35,7,50,1,0,23,1007.0,472.0,472.0,535.0
4944,4944,35,8,0,1,0,23,739.0,309.0,309.0,430.0
4945,4945,35,8,10,1,0,23,529.0,158.0,158.0,371.0
4946,4946,35,8,20,1,0,23,566.0,251.0,251.0,315.0
4947,4947,35,8,30,1,0,23,559.0,306.0,306.0,253.0
4948,4948,35,8,40,1,0,23,519.0,256.0,256.0,263.0
4949,4949,35,8,50,1,0,23,307.0,128.0,128.0,179.0
4950,4950,35,9,0,1,0,23,327.0,160.0,160.0,167.0
4951,4951,35,9,10,1,0,23,356.0,205.0,205.0,151.0
4952,4952,35,9,20,1,0,23,304.0,164.0,164.0,140.0
4953,4953,35,9,30,1,0,23,271.0,147.0,147.0,124.0
4954,4954,35,9,40,1,0,23,180.0,85.0,85.0,95.0
4955,4955,35,9,50,1,0,23,288.0,178.0,178.0,110.0
4956,4956,35,10,0,1,0,23,308.0,148.0,148.0,160.0
4957,4957,35,10,10,1,0,23,212.0,124.0,124.0,88.0
4958,4958,35,10,20,1,0,23,204.0,105.0,105.0,99.0
4959,4959,35,10,30,1,0,23,216.0,123.0,123.0,93.0
4960,4960,35,10,40,1,0,23,103.0,13.0,13.0,90.0
4961,4961,35,10,50,1,0,23,222.0,131.0,131.0,91.0
4962,4962,35,11,0,1,0,23,248.0,151.0,151.0,97.0
4963,4963,35,11,10,1,0,23,190.0,89.0,89.0,101.0
4964,4964,35,11,20,1,0,23,232.0,108.0,108.0,124.0
4965,4965,35,11,30,1,0,23,200.0,65.0,65.0,135.0
4966,4966,35,11,40,1,0,23,188.0,47.0,47.0,141.0
4967,4967,35,11,50,1,0,23,224.0,82.0,82.0,142.0
4968,4968,35,12,0,1,0,23,260.0,114.0,114.0,146.0
4969,4969,35,12,10,1,0,23,261.0,108.0,108.0,153.0
4970,4970,35,12,20,1,0,23,241.0,103.0,103.0,138.0
4971,4971,35,12,30,1,0,23,135.0,6.0,6.0,129.0
4972,4972,35,12,40,1,0,23,244.0,106.0,106.0,138.0
4973,4973,35,12,50,1,0,23,218.0,119.0,119.0,99.0
4974,4974,35,13,0,1,0,23,223.0,125.0,125.0,98.0
4975,4975,35,13,10,1,0,23,222.0,106.0,106.0,116.0
4976,4976,35,13,20,1,0,23,256.0,90.0,90.0,166.0
4977,4977,35,13,30,1,0,23,152.0,20.0,20.0,132.0
4978,4978,35,13,40,1,0,23,233.0,118.0,118.0,115.0
4979,4979,35,13,50,1,0,23,228.0,81.0,81.0,147.0
4980,4980,35,14,0,1,0,23,332.0,130.0,130.0,202.0
4981,4981,35,14,10,1,0,23,253.0,102.0,102.0,151.0
4982,4982,35,14,20,1,0,23,223.0,92.0,92.0,131.0
4983,4983,35,14,30,1,0,23,184.0,47.0,47.0,137.0
4984,4984,35,14,40,1,0,23,295.0,110.0,110.0,185.0
4985,4985,35,14,50,1,0,23,324.0,115.0,115.0,209.0
4986,4986,35,15,0,1,0,23,298.0,132.0,132.0,166.0
4987,4987,35,15,10,1,0,23,273.0,137.0,137.0,136.0
4988,4988,35,15,20,1,0,23,312.0,122.0,122.0,190.0
4989,4989,35,15,30,1,0,23,240.0,25.0,25.0,215.0
4990,4990,35,15,40,1,0,23,322.0,140.0,140.0,182.0
4991,4991,35,15,50,1,0,23,263.0,109.0,109.0,154.0
4992,4992,35,16,0,1,0,23,333.0,106.0,106.0,227.0
4993,4993,35,16,10,1,0,23,481.0,112.0,112.0,369.0
4994,4994,35,16,20,1,0,23,337.0,117.0,117.0,220.0
4995,4995,35,16,30,1,0,23,251.0,24.0,24.0,227.0
4996,4996,35,16,40,1,0,23,462.0,162.0,162.0,300.0
4997,4997,35,16,50,1,0,23,395.0,121.0,121.0,274.0
4998,4998,35,17,0,1,0,23,466.0,176.0,176.0,290.0
4999,4999,35,17,10,1,0,23,453.0,207.0,207.0,246.0
5000,5000,35,17,20,1,0,23,520.0,137.0,137.0,383.0
5001,5001,35,17,30,1,0,23,292.0,49.0,49.0,243.0
5002,5002,35,17,40,1,0,23,610.0,366.0,366.0,244.0
5003,5003,35,17,50,1,0,23,401.0,144.0,144.0,257.0
5004,5004,35,18,0,1,0,23,351.0,172.0,172.0,179.0
5005,5005,35,18,10,1,0,23,331.0,171.0,171.0,160.0
5006,5006,35,18,20,1,0,23,522.0,309.0,309.0,213.0
5007,5007,35,18,30,1,0,23,283.0,204.0,204.0,79.0
5008,5008,35,18,40,1,0,23,315.0,208.0,208.0,107.0
5009,5009,35,18,50,1,0,23,286.0,203.0,203.0,83.0
5010,5010,35,19,0,1,0,23,419.0,347.0,347.0,72.0
5011,5011,35,19,10,1,0,23,249.0,189.0,189.0,60.0
5012,5012,35,19,20,1,0,23,286.0,193.0,193.0,93.0
5013,5013,35,19,30,1,0,23,219.0,171.0,171.0,48.0
5014,5014,35,19,40,1,0,23,372.0,291.0,291.0,81.0
5015,5015,35,19,50,1,0,23,207.0,133.0,133.0,74.0
5016,5016,35,20,0,1,0,23,176.0,123.0,123.0,53.0
5017,5017,35,20,10,1,0,23,165.0,109.0,109.0,56.0
5018,5018,35,20,20,1,0,23,148.0,77.0,77.0,71.0
5019,5019,35,20,30,1,0,23,193.0,135.0,135.0,58.0
5020,5020,35,20,40,1,0,23,217.0,134.0,134.0,83.0
5021,5021,35,20,50,1,0,23,163.0,96.0,96.0,67.0
5022,5022,35,21,0,1,0,23,158.0,92.0,92.0,66.0
5023,5023,35,21,10,1,0,23,70.0,16.0,16.0,54.0
5024,5024,35,21,20,1,0,23,113.0,77.0,77.0,36.0
5025,5025,35,21,30,1,0,23,150.0,126.0,126.0,24.0
5026,5026,35,21,40,1,0,23,102.0,81.0,81.0,21.0
5027,5027,35,21,50,1,0,23,33.0,33.0,33.0,0.0
5028,5028,35,22,0,1,0,23,89.0,89.0,89.0,0.0
5029,5029,35,22,10,1,0,23,123.0,123.0,123.0,0.0
5030,5030,35,22,20,1,0,23,0.0,0.0,0.0,0.0
5031,5031,35,22,30,1,0,23,95.0,95.0,95.0,0.0
5032,5032,35,22,40,1,0,23,71.0,71.0,71.0,0.0
5033,5033,35,22,50,1,0,23,0.0,0.0,0.0,0.0
5070,5070,36,5,0,1,0,23,0.0,0.0,0.0,0.0
5071,5071,36,5,10,1,0,23,1.0,0.0,0.0,1.0
5072,5072,36,5,20,1,0,23,17.0,0.0,0.0,17.0
5073,5073,36,5,30,1,0,23,38.0,0.0,0.0,38.0
5074,5074,36,5,40,1,0,23,21.0,1.0,1.0,20.0
5075,5075,36,5,50,1,0,23,38.0,0.0,0.0,38.0
5076,5076,36,6,0,1,0,23,42.0,0.0,0.0,42.0
5077,5077,36,6,10,1,0,23,87.0,0.0,0.0,87.0
5078,5078,36,6,20,1,0,23,98.0,2.0,2.0,96.0
5079,5079,36,6,30,1,0,23,105.0,1.0,1.0,104.0
5080,5080,36,6,40,1,0,23,170.0,50.0,50.0,120.0
5081,5081,36,6,50,1,0,23,104.0,1.0,1.0,103.0
5082,5082,36,7,0,1,0,23,260.0,52.0,52.0,208.0
5083,5083,36,7,10,1,0,23,327.0,114.0,114.0,213.0
5084,5084,36,7,20,1,0,23,376.0,118.0,118.0,258.0
5085,5085,36,7,30,1,0,23,438.0,171.0,171.0,267.0
5086,5086,36,7,40,1,0,23,445.0,175.0,175.0,270.0
5087,5087,36,7,50,1,0,23,444.0,139.0,139.0,305.0
5088,5088,36,8,0,1,0,23,386.0,166.0,166.0,220.0
5089,5089,36,8,10,1,0,23,286.0,100.0,100.0,186.0
5090,5090,36,8,20,1,0,23,468.0,295.0,295.0,173.0
5091,5091,36,8,30,1,0,23,309.0,154.0,154.0,155.0
5092,5092,36,8,40,1,0,23,264.0,151.0,151.0,113.0
5093,5093,36,8,50,1,0,23,229.0,130.0,130.0,99.0
5094,5094,36,9,0,1,0,23,252.0,179.0,179.0,73.0
5095,5095,36,9,10,1,0,23,160.0,108.0,108.0,52.0
5096,5096,36,9,20,1,0,23,148.0,82.0,82.0,66.0
5097,5097,36,9,30,1,0,23,207.0,137.0,137.0,70.0
5098,5098,36,9,40,1,0,23,225.0,180.0,180.0,45.0
5099,5099,36,9,50,1,0,23,197.0,138.0,138.0,59.0
5100,5100,36,10,0,1,0,23,169.0,124.0,124.0,45.0
5101,5101,36,10,10,1,0,23,136.0,77.0,77.0,59.0
5102,5102,36,10,20,1,0,23,141.0,100.0,100.0,41.0
5103,5103,36,10,30,1,0,23,145.0,92.0,92.0,53.0
5104,5104,36,10,40,1,0,23,101.0,59.0,59.0,42.0
5105,5105,36,10,50,1,0,23,64.0,15.0,15.0,49.0
5106,5106,36,11,0,1,0,23,159.0,108.0,108.0,51.0
5107,5107,36,11,10,1,0,23,108.0,57.0,57.0,51.0
5108,5108,36,11,20,1,0,23,125.0,60.0,60.0,65.0
5109,5109,36,11,30,1,0,23,100.0,56.0,56.0,44.0
5110,5110,36,11,40,1,0,23,117.0,63.0,63.0,54.0
5111,5111,36,11,50,1,0,23,84.0,12.0,12.0,72.0
5112,5112,36,12,0,1,0,23,129.0,70.0,70.0,59.0
5113,5113,36,12,10,1,0,23,124.0,69.0,69.0,55.0
5114,5114,36,12,20,1,0,23,163.0,96.0,96.0,67.0
5115,5115,36,12,30,1,0,23,102.0,45.0,45.0,57.0
5116,5116,36,12,40,1,0,23,76.0,13.0,13.0,63.0
5117,5117,36,12,50,1,0,23,174.0,57.0,57.0,117.0
5118,5118,36,13,0,1,0,23,126.0,64.0,64.0,62.0
5119,5119,36,13,10,1,0,23,132.0,85.0,85.0,47.0
5120,5120,36,13,20,1,0,23,109.0,66.0,66.0,43.0
5121,5121,36,13,30,1,0,23,149.0,77.0,77.0,72.0
5122,5122,36,13,40,1,0,23,58.0,13.0,13.0,45.0
5123,5123,36,13,50,1,0,23,80.0,38.0,38.0,42.0
5124,5124,36,14,0,1,0,23,106.0,63.0,63.0,43.0
5125,5125,36,14,10,1,0,23,161.0,54.0,54.0,107.0
5126,5126,36,14,20,1,0,23,110.0,47.0,47.0,63.0
5127,5127,36,14,30,1,0,23,106.0,59.0,59.0,47.0
5128,5128,36,14,40,1,0,23,66.0,15.0,15.0,51.0
5129,5129,36,14,50,1,0,23,151.0,34.0,34.0,117.0
5130,5130,36,15,0,1,0,23,112.0,56.0,56.0,56.0
5131,5131,36,15,10,1,0,23,137.0,48.0,48.0,89.0
5132,5132,36,15,20,1,0,23,136.0,62.0,62.0,74.0
5133,5133,36,15,30,1,0,23,100.0,61.0,61.0,39.0
5134,5134,36,15,40,1,0,23,106.0,14.0,14.0,92.0
5135,5135,36,15,50,1,0,23,97.0,50.0,50.0,47.0
5136,5136,36,16,0,1,0,23,113.0,68.0,68.0,45.0
5137,5137,36,16,10,1,0,23,138.0,79.0,79.0,59.0
5138,5138,36,16,20,1,0,23,177.0,94.0,94.0,83.0
5139,5139,36,16,30,1,0,23,166.0,66.0,66.0,100.0
5140,5140,36,16,40,1,0,23,116.0,20.0,20.0,96.0
5141,5141,36,16,50,1,0,23,164.0,67.0,67.0,97.0
5142,5142,36,17,0,1,0,23,190.0,103.0,103.0,87.0
5143,5143,36,17,10,1,0,23,192.0,104.0,104.0,88.0
5144,5144,36,17,20,1,0,23,257.0,134.0,134.0,123.0
5145,5145,36,17,30,1,0,23,259.0,153.0,153.0,106.0
5146,5146,36,17,40,1,0,23,200.0,133.0,133.0,67.0
5147,5147,36,17,50,1,0,23,217.0,114.0,114.0,103.0
5148,5148,36,18,0,1,0,23,305.0,214.0,214.0,91.0
5149,5149,36,18,10,1,0,23,240.0,168.0,168.0,72.0
5150,5150,36,18,20,1,0,23,263.0,163.0,163.0,100.0
5151,5151,36,18,30,1,0,23,255.0,144.0,144.0,111.0
5152,5152,36,18,40,1,0,23,345.0,282.0,282.0,63.0
5153,5153,36,18,50,1,0,23,290.0,192.0,192.0,98.0
5154,5154,36,19,0,1,0,23,266.0,188.0,188.0,78.0
5155,5155,36,19,10,1,0,23,188.0,139.0,139.0,49.0
5156,5156,36,19,20,1,0,23,293.0,258.0,258.0,35.0
5157,5157,36,19,30,1,0,23,213.0,187.0,187.0,26.0
5158,5158,36,19,40,1,0,23,155.0,120.0,120.0,35.0
5159,5159,36,19,50,1,0,23,132.0,103.0,103.0,29.0
5160,5160,36,20,0,1,0,23,135.0,105.0,105.0,30.0
5161,5161,36,20,10,1,0,23,156.0,132.0,132.0,24.0
5162,5162,36,20,20,1,0,23,64.0,32.0,32.0,32.0
5163,5163,36,20,30,1,0,23,133.0,111.0,111.0,22.0
5164,5164,36,20,40,1,0,23,110.0,81.0,81.0,29.0
5165,5165,36,20,50,1,0,23,101.0,75.0,75.0,26.0
5166,5166,36,21,0,1,0,23,126.0,95.0,95.0,31.0
5167,5167,36,21,10,1,0,23,105.0,87.0,87.0,18.0
5168,5168,36,21,20,1,0,23,15.0,0.0,0.0,15.0
5169,5169,36,21,30,1,0,23,112.0,91.0,91.0,21.0
5170,5170,36,21,40,1,0,23,110.0,103.0,103.0,7.0
5171,5171,36,21,50,1,0,23,27.0,22.0,22.0,5.0
5172,5172,36,22,0,1,0,23,65.0,65.0,65.0,0.0
5173,5173,36,22,10,1,0,23,82.0,81.0,81.0,1.0
5174,5174,36,22,20,1,0,23,60.0,60.0,60.0,0.0
5175,5175,36,22,30,1,0,23,4.0,3.0,3.0,1.0
5176,5176,36,22,40,1,0,23,65.0,65.0,65.0,0.0
5177,5177,36,22,50,1,0,23,49.0,49.0,49.0,0.0
5214,5214,37,5,0,1,0,23,0.0,0.0,0.0,0.0
5215,5215,37,5,10,1,0,23,5.0,0.0,0.0,5.0
5216,5216,37,5,20,1,0,23,8.0,0.0,0.0,8.0
5217,5217,37,5,30,1,0,23,7.0,0.0,0.0,7.0
5218,5218,37,5,40,1,0,23,27.0,1.0,1.0,26.0
5219,5219,37,5,50,1,0,23,19.0,0.0,0.0,19.0
5220,5220,37,6,0,1,0,23,45.0,5.0,5.0,40.0
5221,5221,37,6,10,1,0,23,72.0,4.0,4.0,68.0
5222,5222,37,6,20,1,0,23,96.0,5.0,5.0,91.0
5223,5223,37,6,30,1,0,23,92.0,22.0,22.0,70.0
5224,5224,37,6,40,1,0,23,176.0,37.0,37.0,139.0
5225,5225,37,6,50,1,0,23,212.0,51.0,51.0,161.0
5226,5226,37,7,0,1,0,23,301.0,73.0,73.0,228.0
5227,5227,37,7,10,1,0,23,331.0,83.0,83.0,248.0
5228,5228,37,7,20,1,0,23,488.0,127.0,127.0,361.0
5229,5229,37,7,30,1,0,23,575.0,181.0,181.0,394.0
5230,5230,37,7,40,1,0,23,589.0,178.0,178.0,411.0
5231,5231,37,7,50,1,0,23,621.0,204.0,204.0,417.0
5232,5232,37,8,0,1,0,23,473.0,161.0,161.0,312.0
5233,5233,37,8,10,1,0,23,560.0,220.0,220.0,340.0
5234,5234,37,8,20,1,0,23,486.0,158.0,158.0,328.0
5235,5235,37,8,30,1,0,23,394.0,174.0,174.0,220.0
5236,5236,37,8,40,1,0,23,359.0,133.0,133.0,226.0
5237,5237,37,8,50,1,0,23,259.0,90.0,90.0,169.0
5238,5238,37,9,0,1,0,23,215.0,89.0,89.0,126.0
5239,5239,37,9,10,1,0,23,195.0,64.0,64.0,131.0
5240,5240,37,9,20,1,0,23,180.0,83.0,83.0,97.0
5241,5241,37,9,30,1,0,23,149.0,83.0,83.0,66.0
5242,5242,37,9,40,1,0,23,154.0,71.0,71.0,83.0
5243,5243,37,9,50,1,0,23,147.0,78.0,78.0,69.0
5244,5244,37,10,0,1,0,23,120.0,53.0,53.0,67.0
5245,5245,37,10,10,1,0,23,107.0,54.0,54.0,53.0
5246,5246,37,10,20,1,0,23,128.0,58.0,58.0,70.0
5247,5247,37,10,30,1,0,23,93.0,43.0,43.0,50.0
5248,5248,37,10,40,1,0,23,119.0,54.0,54.0,65.0
5249,5249,37,10,50,1,0,23,115.0,52.0,52.0,63.0
5250,5250,37,11,0,1,0,23,88.0,35.0,35.0,53.0
5251,5251,37,11,10,1,0,23,122.0,49.0,49.0,73.0
5252,5252,37,11,20,1,0,23,95.0,39.0,39.0,56.0
5253,5253,37,11,30,1,0,23,73.0,29.0,29.0,44.0
5254,5254,37,11,40,1,0,23,115.0,50.0,50.0,65.0
5255,5255,37,11,50,1,0,23,120.0,52.0,52.0,68.0
5256,5256,37,12,0,1,0,23,85.0,25.0,25.0,60.0
5257,5257,37,12,10,1,0,23,104.0,48.0,48.0,56.0
5258,5258,37,12,20,1,0,23,105.0,35.0,35.0,70.0
5259,5259,37,12,30,1,0,23,129.0,75.0,75.0,54.0
5260,5260,37,12,40,1,0,23,135.0,75.0,75.0,60.0
5261,5261,37,12,50,1,0,23,97.0,47.0,47.0,50.0
5262,5262,37,13,0,1,0,23,81.0,44.0,44.0,37.0
5263,5263,37,13,10,1,0,23,99.0,50.0,50.0,49.0
5264,5264,37,13,20,1,0,23,114.0,49.0,49.0,65.0
5265,5265,37,13,30,1,0,23,124.0,71.0,71.0,53.0
5266,5266,37,13,40,1,0,23,91.0,52.0,52.0,39.0
5267,5267,37,13,50,1,0,23,115.0,62.0,62.0,53.0
5268,5268,37,14,0,1,0,23,128.0,59.0,59.0,69.0
5269,5269,37,14,10,1,0,23,99.0,60.0,60.0,39.0
5270,5270,37,14,20,1,0,23,94.0,36.0,36.0,58.0
5271,5271,37,14,30,1,0,23,108.0,45.0,45.0,63.0
5272,5272,37,14,40,1,0,23,102.0,53.0,53.0,49.0
5273,5273,37,14,50,1,0,23,89.0,45.0,45.0,44.0
5274,5274,37,15,0,1,0,23,118.0,67.0,67.0,51.0
5275,5275,37,15,10,1,0,23,120.0,54.0,54.0,66.0
5276,5276,37,15,20,1,0,23,95.0,41.0,41.0,54.0
5277,5277,37,15,30,1,0,23,132.0,83.0,83.0,49.0
5278,5278,37,15,40,1,0,23,127.0,73.0,73.0,54.0
5279,5279,37,15,50,1,0,23,107.0,47.0,47.0,60.0
5280,5280,37,16,0,1,0,23,136.0,67.0,67.0,69.0
5281,5281,37,16,10,1,0,23,163.0,84.0,84.0,79.0
5282,5282,37,16,20,1,0,23,132.0,57.0,57.0,75.0
5283,5283,37,16,30,1,0,23,172.0,89.0,89.0,83.0
5284,5284,37,16,40,1,0,23,217.0,97.0,97.0,120.0
5285,5285,37,16,50,1,0,23,185.0,65.0,65.0,120.0
5286,5286,37,17,0,1,0,23,230.0,120.0,120.0,110.0
5287,5287,37,17,10,1,0,23,284.0,147.0,147.0,137.0
5288,5288,37,17,20,1,0,23,340.0,77.0,77.0,263.0
5289,5289,37,17,30,1,0,23,344.0,187.0,187.0,157.0
5290,5290,37,17,40,1,0,23,243.0,128.0,128.0,115.0
5291,5291,37,17,50,1,0,23,374.0,194.0,194.0,180.0
5292,5292,37,18,0,1,0,23,324.0,180.0,180.0,144.0
5293,5293,37,18,10,1,0,23,262.0,164.0,164.0,98.0
5294,5294,37,18,20,1,0,23,298.0,214.0,214.0,84.0
5295,5295,37,18,30,1,0,23,365.0,277.0,277.0,88.0
5296,5296,37,18,40,1,0,23,275.0,214.0,214.0,61.0
5297,5297,37,18,50,1,0,23,306.0,257.0,257.0,49.0
5298,5298,37,19,0,1,0,23,271.0,221.0,221.0,50.0
5299,5299,37,19,10,1,0,23,311.0,263.0,263.0,48.0
5300,5300,37,19,20,1,0,23,233.0,195.0,195.0,38.0
5301,5301,37,19,30,1,0,23,245.0,211.0,211.0,34.0
5302,5302,37,19,40,1,0,23,192.0,146.0,146.0,46.0
5303,5303,37,19,50,1,0,23,153.0,131.0,131.0,22.0
5304,5304,37,20,0,1,0,23,143.0,112.0,112.0,31.0
5305,5305,37,20,10,1,0,23,130.0,99.0,99.0,31.0
5306,5306,37,20,20,1,0,23,96.0,70.0,70.0,26.0
5307,5307,37,20,30,1,0,23,156.0,129.0,129.0,27.0
5308,5308,37,20,40,1,0,23,154.0,125.0,125.0,29.0
5309,5309,37,20,50,1,0,23,125.0,98.0,98.0,27.0
5310,5310,37,21,0,1,0,23,95.0,81.0,81.0,14.0
5311,5311,37,21,10,1,0,23,152.0,114.0,114.0,38.0
5312,5312,37,21,20,1,0,23,88.0,68.0,68.0,20.0
5313,5313,37,21,30,1,0,23,96.0,74.0,74.0,22.0
5314,5314,37,21,40,1,0,23,107.0,95.0,95.0,12.0
5315,5315,37,21,50,1,0,23,62.0,53.0,53.0,9.0
5316,5316,37,22,0,1,0,23,93.0,85.0,85.0,8.0
5317,5317,37,22,10,1,0,23,59.0,52.0,52.0,7.0
5318,5318,37,22,20,1,0,23,37.0,36.0,36.0,1.0
5319,5319,37,22,30,1,0,23,70.0,68.0,68.0,2.0
5320,5320,37,22,40,1,0,23,26.0,24.0,24.0,2.0
5321,5321,37,22,50,1,0,23,38.0,38.0,38.0,0.0
5358,5358,38,5,0,1,0,23,0.0,0.0,0.0,0.0
5359,5359,38,5,10,1,0,23,0.0,0.0,0.0,0.0
5360,5360,38,5,20,1,0,23,0.0,0.0,0.0,0.0
5361,5361,38,5,30,1,0,23,8.0,0.0,0.0,8.0
5362,5362,38,5,40,1,0,23,14.0,0.0,0.0,14.0
5363,5363,38,5,50,1,0,23,15.0,0.0,0.0,15.0
5364,5364,38,6,0,1,0,23,24.0,7.0,7.0,17.0
5365,5365,38,6,10,1,0,23,57.0,12.0,12.0,45.0
5366,5366,38,6,20,1,0,23,77.0,29.0,29.0,48.0
5367,5367,38,6,30,1,0,23,99.0,30.0,30.0,69.0
5368,5368,38,6,40,1,0,23,150.0,62.0,62.0,88.0
5369,5369,38,6,50,1,0,23,199.0,92.0,92.0,107.0
5370,5370,38,7,0,1,0,23,222.0,119.0,119.0,103.0
5371,5371,38,7,10,1,0,23,332.0,187.0,187.0,145.0
5372,5372,38,7,20,1,0,23,388.0,246.0,246.0,142.0
5373,5373,38,7,30,1,0,23,381.0,223.0,223.0,158.0
5374,5374,38,7,40,1,0,23,496.0,273.0,273.0,223.0
5375,5375,38,7,50,1,0,23,611.0,368.0,368.0,243.0
5376,5376,38,8,0,1,0,23,778.0,511.0,511.0,267.0
5377,5377,38,8,10,1,0,23,1019.0,727.0,727.0,292.0
5378,5378,38,8,20,1,0,23,957.0,680.0,680.0,277.0
5379,5379,38,8,30,1,0,23,1348.0,1075.0,1075.0,273.0
5380,5380,38,8,40,1,0,23,1236.0,1016.0,1016.0,220.0
5381,5381,38,8,50,1,0,23,968.0,797.0,797.0,171.0
5382,5382,38,9,0,1,0,23,841.0,669.0,669.0,172.0
5383,5383,38,9,10,1,0,23,668.0,524.0,524.0,144.0
5384,5384,38,9,20,1,0,23,507.0,360.0,360.0,147.0
5385,5385,38,9,30,1,0,23,395.0,281.0,281.0,114.0
5386,5386,38,9,40,1,0,23,420.0,283.0,283.0,137.0
5387,5387,38,9,50,1,0,23,306.0,217.0,217.0,89.0
5388,5388,38,10,0,1,0,23,313.0,172.0,172.0,141.0
5389,5389,38,10,10,1,0,23,206.0,110.0,110.0,96.0
5390,5390,38,10,20,1,0,23,254.0,107.0,107.0,147.0
5391,5391,38,10,30,1,0,23,229.0,108.0,108.0,121.0
5392,5392,38,10,40,1,0,23,180.0,112.0,112.0,68.0
5393,5393,38,10,50,1,0,23,160.0,78.0,78.0,82.0
5394,5394,38,11,0,1,0,23,142.0,66.0,66.0,76.0
5395,5395,38,11,10,1,0,23,149.0,70.0,70.0,79.0
5396,5396,38,11,20,1,0,23,160.0,62.0,62.0,98.0
5397,5397,38,11,30,1,0,23,137.0,68.0,68.0,69.0
5398,5398,38,11,40,1,0,23,177.0,102.0,102.0,75.0
5399,5399,38,11,50,1,0,23,166.0,91.0,91.0,75.0
5400,5400,38,12,0,1,0,23,152.0,69.0,69.0,83.0
5401,5401,38,12,10,1,0,23,247.0,83.0,83.0,164.0
5402,5402,38,12,20,1,0,23,170.0,73.0,73.0,97.0
5403,5403,38,12,30,1,0,23,183.0,110.0,110.0,73.0
5404,5404,38,12,40,1,0,23,167.0,96.0,96.0,71.0
5405,5405,38,12,50,1,0,23,186.0,100.0,100.0,86.0
5406,5406,38,13,0,1,0,23,160.0,92.0,92.0,68.0
5407,5407,38,13,10,1,0,23,175.0,106.0,106.0,69.0
5408,5408,38,13,20,1,0,23,151.0,88.0,88.0,63.0
5409,5409,38,13,30,1,0,23,159.0,92.0,92.0,67.0
5410,5410,38,13,40,1,0,23,177.0,105.0,105.0,72.0
5411,5411,38,13,50,1,0,23,163.0,80.0,80.0,83.0
5412,5412,38,14,0,1,0,23,152.0,84.0,84.0,68.0
5413,5413,38,14,10,1,0,23,196.0,85.0,85.0,111.0
5414,5414,38,14,20,1,0,23,166.0,88.0,88.0,78.0
5415,5415,38,14,30,1,0,23,178.0,85.0,85.0,93.0
5416,5416,38,14,40,1,0,23,166.0,86.0,86.0,80.0
5417,5417,38,14,50,1,0,23,165.0,83.0,83.0,82.0
5418,5418,38,15,0,1,0,23,183.0,94.0,94.0,89.0
5419,5419,38,15,10,1,0,23,190.0,79.0,79.0,111.0
5420,5420,38,15,20,1,0,23,195.0,74.0,74.0,121.0
5421,5421,38,15,30,1,0,23,210.0,85.0,85.0,125.0
5422,5422,38,15,40,1,0,23,209.0,96.0,96.0,113.0
5423,5423,38,15,50,1,0,23,227.0,97.0,97.0,130.0
5424,5424,38,16,0,1,0,23,304.0,101.0,101.0,203.0
5425,5425,38,16,10,1,0,23,240.0,75.0,75.0,165.0
5426,5426,38,16,20,1,0,23,234.0,70.0,70.0,164.0
5427,5427,38,16,30,1,0,23,327.0,105.0,105.0,222.0
5428,5428,38,16,40,1,0,23,337.0,118.0,118.0,219.0
5429,5429,38,16,50,1,0,23,341.0,110.0,110.0,231.0
5430,5430,38,17,0,1,0,23,373.0,160.0,160.0,213.0
5431,5431,38,17,10,1,0,23,522.0,118.0,118.0,404.0
5432,5432,38,17,20,1,0,23,528.0,182.0,182.0,346.0
5433,5433,38,17,30,1,0,23,474.0,190.0,190.0,284.0
5434,5434,38,17,40,1,0,23,691.0,227.0,227.0,464.0
5435,5435,38,17,50,1,0,23,578.0,190.0,190.0,388.0
5436,5436,38,18,0,1,0,23,606.0,249.0,249.0,357.0
5437,5437,38,18,10,1,0,23,877.0,234.0,234.0,643.0
5438,5438,38,18,20,1,0,23,818.0,265.0,265.0,553.0
5439,5439,38,18,30,1,0,23,586.0,210.0,210.0,376.0
5440,5440,38,18,40,1,0,23,489.0,230.0,230.0,259.0
5441,5441,38,18,50,1,0,23,434.0,176.0,176.0,258.0
5442,5442,38,19,0,1,0,23,383.0,167.0,167.0,216.0
5443,5443,38,19,10,1,0,23,315.0,119.0,119.0,196.0
5444,5444,38,19,20,1,0,23,279.0,122.0,122.0,157.0
5445,5445,38,19,30,1,0,23,200.0,98.0,98.0,102.0
5446,5446,38,19,40,1,0,23,258.0,113.0,113.0,145.0
5447,5447,38,19,50,1,0,23,154.0,60.0,60.0,94.0
5448,5448,38,20,0,1,0,23,191.0,84.0,84.0,107.0
5449,5449,38,20,10,1,0,23,182.0,68.0,68.0,114.0
5450,5450,38,20,20,1,0,23,178.0,63.0,63.0,115.0
5451,5451,38,20,30,1,0,23,195.0,85.0,85.0,110.0
5452,5452,38,20,40,1,0,23,161.0,57.0,57.0,104.0
5453,5453,38,20,50,1,0,23,167.0,82.0,82.0,85.0
5454,5454,38,21,0,1,0,23,168.0,70.0,70.0,98.0
5455,5455,38,21,10,1,0,23,193.0,60.0,60.0,133.0
5456,5456,38,21,20,1,0,23,198.0,77.0,77.0,121.0
5457,5457,38,21,30,1,0,23,146.0,53.0,53.0,93.0
5458,5458,38,21,40,1,0,23,168.0,81.0,81.0,87.0
5459,5459,38,21,50,1,0,23,144.0,66.0,66.0,78.0
5460,5460,38,22,0,1,0,23,119.0,62.0,62.0,57.0
5461,5461,38,22,10,1,0,23,131.0,64.0,64.0,67.0
5462,5462,38,22,20,1,0,23,115.0,74.0,74.0,41.0
5463,5463,38,22,30,1,0,23,76.0,46.0,46.0,30.0
5464,5464,38,22,40,1,0,23,51.0,35.0,35.0,16.0
5465,5465,38,22,50,1,0,23,40.0,30.0,30.0,10.0
5502,5502,39,5,0,1,0,23,0.0,0.0,0.0,0.0
5503,5503,39,5,10,1,0,23,0.0,0.0,0.0,0.0
5504,5504,39,5,20,1,0,23,0.0,0.0,0.0,0.0
5505,5505,39,5,30,1,0,23,0.0,0.0,0.0,0.0
5506,5506,39,5,40,1,0,23,3.0,0.0,0.0,3.0
5507,5507,39,5,50,1,0,23,37.0,0.0,0.0,37.0
5508,5508,39,6,0,1,0,23,80.0,4.0,4.0,76.0
5509,5509,39,6,10,1,0,23,81.0,15.0,15.0,66.0
5510,5510,39,6,20,1,0,23,139.0,28.0,28.0,111.0
5511,5511,39,6,30,1,0,23,169.0,30.0,30.0,139.0
5512,5512,39,6,40,1,0,23,253.0,50.0,50.0,203.0
5513,5513,39,6,50,1,0,23,294.0,50.0,50.0,244.0
5514,5514,39,7,0,1,0,23,330.0,55.0,55.0,275.0
5515,5515,39,7,10,1,0,23,419.0,74.0,74.0,345.0
5516,5516,39,7,20,1,0,23,500.0,99.0,99.0,401.0
5517,5517,39,7,30,1,0,23,636.0,127.0,127.0,509.0
5518,5518,39,7,40,1,0,23,829.0,173.0,173.0,656.0
5519,5519,39,7,50,1,0,23,828.0,158.0,158.0,670.0
5520,5520,39,8,0,1,0,23,944.0,210.0,210.0,734.0
5521,5521,39,8,10,1,0,23,950.0,319.0,319.0,631.0
5522,5522,39,8,20,1,0,23,829.0,200.0,200.0,629.0
5523,5523,39,8,30,1,0,23,739.0,208.0,208.0,531.0
5524,5524,39,8,40,1,0,23,673.0,247.0,247.0,426.0
5525,5525,39,8,50,1,0,23,533.0,197.0,197.0,336.0
5526,5526,39,9,0,1,0,23,459.0,139.0,139.0,320.0
5527,5527,39,9,10,1,0,23,418.0,134.0,134.0,284.0
5528,5528,39,9,20,1,0,23,349.0,112.0,112.0,237.0
5529,5529,39,9,30,1,0,23,274.0,79.0,79.0,195.0
5530,5530,39,9,40,1,0,23,233.0,89.0,89.0,144.0
5531,5531,39,9,50,1,0,23,213.0,76.0,76.0,137.0
5532,5532,39,10,0,1,0,23,174.0,75.0,75.0,99.0
5533,5533,39,10,10,1,0,23,157.0,50.0,50.0,107.0
5534,5534,39,10,20,1,0,23,158.0,64.0,64.0,94.0
5535,5535,39,10,30,1,0,23,173.0,67.0,67.0,106.0
5536,5536,39,10,40,1,0,23,126.0,50.0,50.0,76.0
5537,5537,39,10,50,1,0,23,147.0,69.0,69.0,78.0
5538,5538,39,11,0,1,0,23,206.0,84.0,84.0,122.0
5539,5539,39,11,10,1,0,23,141.0,51.0,51.0,90.0
5540,5540,39,11,20,1,0,23,146.0,64.0,64.0,82.0
5541,5541,39,11,30,1,0,23,176.0,91.0,91.0,85.0
5542,5542,39,11,40,1,0,23,124.0,58.0,58.0,66.0
5543,5543,39,11,50,1,0,23,173.0,70.0,70.0,103.0
5544,5544,39,12,0,1,0,23,138.0,41.0,41.0,97.0
5545,5545,39,12,10,1,0,23,182.0,85.0,85.0,97.0
5546,5546,39,12,20,1,0,23,200.0,85.0,85.0,115.0
5547,5547,39,12,30,1,0,23,177.0,86.0,86.0,91.0
5548,5548,39,12,40,1,0,23,146.0,63.0,63.0,83.0
5549,5549,39,12,50,1,0,23,168.0,80.0,80.0,88.0
5550,5550,39,13,0,1,0,23,185.0,87.0,87.0,98.0
5551,5551,39,13,10,1,0,23,183.0,70.0,70.0,113.0
5552,5552,39,13,20,1,0,23,163.0,73.0,73.0,90.0
5553,5553,39,13,30,1,0,23,157.0,73.0,73.0,84.0
5554,5554,39,13,40,1,0,23,162.0,78.0,78.0,84.0
5555,5555,39,13,50,1,0,23,159.0,68.0,68.0,91.0
5556,5556,39,14,0,1,0,23,164.0,75.0,75.0,89.0
5557,5557,39,14,10,1,0,23,150.0,70.0,70.0,80.0
5558,5558,39,14,20,1,0,23,158.0,81.0,81.0,77.0
5559,5559,39,14,30,1,0,23,141.0,75.0,75.0,66.0
5560,5560,39,14,40,1,0,23,203.0,108.0,108.0,95.0
5561,5561,39,14,50,1,0,23,150.0,74.0,74.0,76.0
5562,5562,39,15,0,1,0,23,169.0,79.0,79.0,90.0
5563,5563,39,15,10,1,0,23,166.0,66.0,66.0,100.0
5564,5564,39,15,20,1,0,23,171.0,95.0,95.0,76.0
5565,5565,39,15,30,1,0,23,189.0,104.0,104.0,85.0
5566,5566,39,15,40,1,0,23,193.0,110.0,110.0,83.0
5567,5567,39,15,50,1,0,23,200.0,133.0,133.0,67.0
5568,5568,39,16,0,1,0,23,165.0,83.0,83.0,82.0
5569,5569,39,16,10,1,0,23,194.0,101.0,101.0,93.0
5570,5570,39,16,20,1,0,23,231.0,155.0,155.0,76.0
5571,5571,39,16,30,1,0,23,233.0,120.0,120.0,113.0
5572,5572,39,16,40,1,0,23,226.0,112.0,112.0,114.0
5573,5573,39,16,50,1,0,23,302.0,192.0,192.0,110.0
5574,5574,39,17,0,1,0,23,332.0,130.0,130.0,202.0
5575,5575,39,17,10,1,0,23,465.0,240.0,240.0,225.0
5576,5576,39,17,20,1,0,23,351.0,182.0,182.0,169.0
5577,5577,39,17,30,1,0,23,483.0,278.0,278.0,205.0
5578,5578,39,17,40,1,0,23,498.0,253.0,253.0,245.0
5579,5579,39,17,50,1,0,23,549.0,365.0,365.0,184.0
5580,5580,39,18,0,1,0,23,480.0,293.0,293.0,187.0
5581,5581,39,18,10,1,0,23,601.0,404.0,404.0,197.0
5582,5582,39,18,20,1,0,23,500.0,327.0,327.0,173.0
5583,5583,39,18,30,1,0,23,541.0,402.0,402.0,139.0
5584,5584,39,18,40,1,0,23,529.0,394.0,394.0,135.0
5585,5585,39,18,50,1,0,23,555.0,461.0,461.0,94.0
5586,5586,39,19,0,1,0,23,408.0,313.0,313.0,95.0
5587,5587,39,19,10,1,0,23,432.0,352.0,352.0,80.0
5588,5588,39,19,20,1,0,23,302.0,234.0,234.0,68.0
5589,5589,39,19,30,1,0,23,328.0,265.0,265.0,63.0
5590,5590,39,19,40,1,0,23,222.0,171.0,171.0,51.0
5591,5591,39,19,50,1,0,23,242.0,164.0,164.0,78.0
5592,5592,39,20,0,1,0,23,227.0,162.0,162.0,65.0
5593,5593,39,20,10,1,0,23,190.0,151.0,151.0,39.0
5594,5594,39,20,20,1,0,23,232.0,171.0,171.0,61.0
5595,5595,39,20,30,1,0,23,209.0,160.0,160.0,49.0
5596,5596,39,20,40,1,0,23,143.0,101.0,101.0,42.0
5597,5597,39,20,50,1,0,23,210.0,170.0,170.0,40.0
5598,5598,39,21,0,1,0,23,143.0,100.0,100.0,43.0
5599,5599,39,21,10,1,0,23,243.0,186.0,186.0,57.0
5600,5600,39,21,20,1,0,23,153.0,118.0,118.0,35.0
5601,5601,39,21,30,1,0,23,141.0,100.0,100.0,41.0
5602,5602,39,21,40,1,0,23,254.0,210.0,210.0,44.0
5603,5603,39,21,50,1,0,23,158.0,134.0,134.0,24.0
5604,5604,39,22,0,1,0,23,168.0,144.0,144.0,24.0
5605,5605,39,22,10,1,0,23,176.0,152.0,152.0,24.0
5606,5606,39,22,20,1,0,23,115.0,100.0,100.0,15.0
5607,5607,39,22,30,1,0,23,132.0,125.0,125.0,7.0
5608,5608,39,22,40,1,0,23,82.0,81.0,81.0,1.0
5609,5609,39,22,50,1,0,23,39.0,36.0,36.0,3.0
5646,5646,40,5,0,1,0,23,0.0,0.0,0.0,0.0
5647,5647,40,5,10,1,0,23,0.0,0.0,0.0,0.0
5648,5648,40,5,20,1,0,23,0.0,0.0,0.0,0.0
5649,5649,40,5,30,1,0,23,1.0,0.0,0.0,1.0
5650,5650,40,5,40,1,0,23,4.0,0.0,0.0,4.0
5651,5651,40,5,50,1,0,23,9.0,2.0,2.0,7.0
5652,5652,40,6,0,1,0,23,8.0,0.0,0.0,8.0
5653,5653,40,6,10,1,0,23,21.0,1.0,1.0,20.0
5654,5654,40,6,20,1,0,23,38.0,12.0,12.0,26.0
5655,5655,40,6,30,1,0,23,49.0,14.0,14.0,35.0
5656,5656,40,6,40,1,0,23,75.0,30.0,30.0,45.0
5657,5657,40,6,50,1,0,23,84.0,26.0,26.0,58.0
5658,5658,40,7,0,1,0,23,120.0,58.0,58.0,62.0
5659,5659,40,7,10,1,0,23,151.0,78.0,78.0,73.0
5660,5660,40,7,20,1,0,23,170.0,84.0,84.0,86.0
5661,5661,40,7,30,1,0,23,237.0,113.0,113.0,124.0
5662,5662,40,7,40,1,0,23,317.0,146.0,146.0,171.0
5663,5663,40,7,50,1,0,23,298.0,126.0,126.0,172.0
5664,5664,40,8,0,1,0,23,289.0,161.0,161.0,128.0
5665,5665,40,8,10,1,0,23,311.0,151.0,151.0,160.0
5666,5666,40,8,20,1,0,23,253.0,113.0,113.0,140.0
5667,5667,40,8,30,1,0,23,300.0,182.0,182.0,118.0
5668,5668,40,8,40,1,0,23,282.0,161.0,161.0,121.0
5669,5669,40,8,50,1,0,23,225.0,119.0,119.0,106.0
5670,5670,40,9,0,1,0,23,131.0,74.0,74.0,57.0
5671,5671,40,9,10,1,0,23,109.0,49.0,49.0,60.0
5672,5672,40,9,20,1,0,23,128.0,59.0,59.0,69.0
5673,5673,40,9,30,1,0,23,93.0,38.0,38.0,55.0
5674,5674,40,9,40,1,0,23,107.0,58.0,58.0,49.0
5675,5675,40,9,50,1,0,23,88.0,56.0,56.0,32.0
5676,5676,40,10,0,1,0,23,109.0,60.0,60.0,49.0
5677,5677,40,10,10,1,0,23,84.0,45.0,45.0,39.0
5678,5678,40,10,20,1,0,23,67.0,39.0,39.0,28.0
5679,5679,40,10,30,1,0,23,52.0,29.0,29.0,23.0
5680,5680,40,10,40,1,0,23,67.0,37.0,37.0,30.0
5681,5681,40,10,50,1,0,23,69.0,26.0,26.0,43.0
5682,5682,40,11,0,1,0,23,50.0,22.0,22.0,28.0
5683,5683,40,11,10,1,0,23,53.0,29.0,29.0,24.0
5684,5684,40,11,20,1,0,23,61.0,31.0,31.0,30.0
5685,5685,40,11,30,1,0,23,68.0,41.0,41.0,27.0
5686,5686,40,11,40,1,0,23,42.0,21.0,21.0,21.0
5687,5687,40,11,50,1,0,23,56.0,21.0,21.0,35.0
5688,5688,40,12,0,1,0,23,59.0,29.0,29.0,30.0
5689,5689,40,12,10,1,0,23,56.0,28.0,28.0,28.0
5690,5690,40,12,20,1,0,23,69.0,42.0,42.0,27.0
5691,5691,40,12,30,1,0,23,64.0,34.0,34.0,30.0
5692,5692,40,12,40,1,0,23,79.0,35.0,35.0,44.0
5693,5693,40,12,50,1,0,23,65.0,34.0,34.0,31.0
5694,5694,40,13,0,1,0,23,49.0,23.0,23.0,26.0
5695,5695,40,13,10,1,0,23,40.0,21.0,21.0,19.0
5696,5696,40,13,20,1,0,23,61.0,28.0,28.0,33.0
5697,5697,40,13,30,1,0,23,69.0,41.0,41.0,28.0
5698,5698,40,13,40,1,0,23,49.0,27.0,27.0,22.0
5699,5699,40,13,50,1,0,23,72.0,38.0,38.0,34.0
5700,5700,40,14,0,1,0,23,63.0,35.0,35.0,28.0
5701,5701,40,14,10,1,0,23,72.0,41.0,41.0,31.0
5702,5702,40,14,20,1,0,23,60.0,28.0,28.0,32.0
5703,5703,40,14,30,1,0,23,82.0,40.0,40.0,42.0
5704,5704,40,14,40,1,0,23,93.0,35.0,35.0,58.0
5705,5705,40,14,50,1,0,23,66.0,27.0,27.0,39.0
5706,5706,40,15,0,1,0,23,58.0,22.0,22.0,36.0
5707,5707,40,15,10,1,0,23,95.0,37.0,37.0,58.0
5708,5708,40,15,20,1,0,23,162.0,51.0,51.0,111.0
5709,5709,40,15,30,1,0,23,93.0,31.0,31.0,62.0
5710,5710,40,15,40,1,0,23,96.0,38.0,38.0,58.0
5711,5711,40,15,50,1,0,23,107.0,47.0,47.0,60.0
5712,5712,40,16,0,1,0,23,70.0,26.0,26.0,44.0
5713,5713,40,16,10,1,0,23,113.0,60.0,60.0,53.0
5714,5714,40,16,20,1,0,23,108.0,30.0,30.0,78.0
5715,5715,40,16,30,1,0,23,105.0,39.0,39.0,66.0
5716,5716,40,16,40,1,0,23,137.0,73.0,73.0,64.0
5717,5717,40,16,50,1,0,23,121.0,48.0,48.0,73.0
5718,5718,40,17,0,1,0,23,169.0,99.0,99.0,70.0
5719,5719,40,17,10,1,0,23,144.0,67.0,67.0,77.0
5720,5720,40,17,20,1,0,23,143.0,79.0,79.0,64.0
5721,5721,40,17,30,1,0,23,151.0,83.0,83.0,68.0
5722,5722,40,17,40,1,0,23,217.0,136.0,136.0,81.0
5723,5723,40,17,50,1,0,23,149.0,89.0,89.0,60.0
5724,5724,40,18,0,1,0,23,194.0,142.0,142.0,52.0
5725,5725,40,18,10,1,0,23,225.0,103.0,103.0,122.0
5726,5726,40,18,20,1,0,23,247.0,125.0,125.0,122.0
5727,5727,40,18,30,1,0,23,162.0,70.0,70.0,92.0
5728,5728,40,18,40,1,0,23,198.0,123.0,123.0,75.0
5729,5729,40,18,50,1,0,23,140.0,88.0,88.0,52.0
5730,5730,40,19,0,1,0,23,120.0,86.0,86.0,34.0
5731,5731,40,19,10,1,0,23,108.0,74.0,74.0,34.0
5732,5732,40,19,20,1,0,23,101.0,67.0,67.0,34.0
5733,5733,40,19,30,1,0,23,74.0,50.0,50.0,24.0
5734,5734,40,19,40,1,0,23,86.0,57.0,57.0,29.0
5735,5735,40,19,50,1,0,23,58.0,33.0,33.0,25.0
5736,5736,40,20,0,1,0,23,77.0,41.0,41.0,36.0
5737,5737,40,20,10,1,0,23,45.0,21.0,21.0,24.0
5738,5738,40,20,20,1,0,23,61.0,41.0,41.0,20.0
5739,5739,40,20,30,1,0,23,63.0,45.0,45.0,18.0
5740,5740,40,20,40,1,0,23,80.0,51.0,51.0,29.0
5741,5741,40,20,50,1,0,23,47.0,31.0,31.0,16.0
5742,5742,40,21,0,1,0,23,55.0,42.0,42.0,13.0
5743,5743,40,21,10,1,0,23,36.0,23.0,23.0,13.0
5744,5744,40,21,20,1,0,23,32.0,22.0,22.0,10.0
5745,5745,40,21,30,1,0,23,39.0,32.0,32.0,7.0
5746,5746,40,21,40,1,0,23,48.0,33.0,33.0,15.0
5747,5747,40,21,50,1,0,23,73.0,54.0,54.0,19.0
5748,5748,40,22,0,1,0,23,31.0,22.0,22.0,9.0
5749,5749,40,22,10,1,0,23,44.0,33.0,33.0,11.0
5750,5750,40,22,20,1,0,23,47.0,33.0,33.0,14.0
5751,5751,40,22,30,1,0,23,29.0,21.0,21.0,8.0
5752,5752,40,22,40,1,0,23,21.0,20.0,20.0,1.0
5753,5753,40,22,50,1,0,23,0.0,0.0,0.0,0.0
5790,5790,41,5,0,1,0,23,0.0,0.0,0.0,0.0
5791,5791,41,5,10,1,0,23,0.0,0.0,0.0,0.0
5792,5792,41,5,20,1,0,23,0.0,0.0,0.0,0.0
5793,5793,41,5,30,1,0,23,0.0,0.0,0.0,0.0
5794,5794,41,5,40,1,0,23,7.0,0.0,0.0,7.0
5795,5795,41,5,50,1,0,23,9.0,3.0,3.0,6.0
5796,5796,41,6,0,1,0,23,14.0,2.0,2.0,12.0
5797,5797,41,6,10,1,0,23,8.0,2.0,2.0,6.0
5798,5798,41,6,20,1,0,23,28.0,4.0,4.0,24.0
5799,5799,41,6,30,1,0,23,37.0,5.0,5.0,32.0
5800,5800,41,6,40,1,0,23,44.0,8.0,8.0,36.0
5801,5801,41,6,50,1,0,23,60.0,10.0,10.0,50.0
5802,5802,41,7,0,1,0,23,81.0,11.0,11.0,70.0
5803,5803,41,7,10,1,0,23,89.0,18.0,18.0,71.0
5804,5804,41,7,20,1,0,23,87.0,17.0,17.0,70.0
5805,5805,41,7,30,1,0,23,109.0,21.0,21.0,88.0
5806,5806,41,7,40,1,0,23,178.0,41.0,41.0,137.0
5807,5807,41,7,50,1,0,23,167.0,55.0,55.0,112.0
5808,5808,41,8,0,1,0,23,219.0,77.0,77.0,142.0
5809,5809,41,8,10,1,0,23,195.0,68.0,68.0,127.0
5810,5810,41,8,20,1,0,23,208.0,65.0,65.0,143.0
5811,5811,41,8,30,1,0,23,142.0,49.0,49.0,93.0
5812,5812,41,8,40,1,0,23,141.0,46.0,46.0,95.0
5813,5813,41,8,50,1,0,23,86.0,31.0,31.0,55.0
5814,5814,41,9,0,1,0,23,81.0,20.0,20.0,61.0
5815,5815,41,9,10,1,0,23,45.0,8.0,8.0,37.0
5816,5816,41,9,20,1,0,23,50.0,20.0,20.0,30.0
5817,5817,41,9,30,1,0,23,47.0,18.0,18.0,29.0
5818,5818,41,9,40,1,0,23,36.0,15.0,15.0,21.0
5819,5819,41,9,50,1,0,23,32.0,10.0,10.0,22.0
5820,5820,41,10,0,1,0,23,39.0,13.0,13.0,26.0
5821,5821,41,10,10,1,0,23,13.0,6.0,6.0,7.0
5822,5822,41,10,20,1,0,23,15.0,4.0,4.0,11.0
5823,5823,41,10,30,1,0,23,29.0,11.0,11.0,18.0
5824,5824,41,10,40,1,0,23,18.0,9.0,9.0,9.0
5825,5825,41,10,50,1,0,23,27.0,12.0,12.0,15.0
5826,5826,41,11,0,1,0,23,41.0,18.0,18.0,23.0
5827,5827,41,11,10,1,0,23,28.0,9.0,9.0,19.0
5828,5828,41,11,20,1,0,23,24.0,11.0,11.0,13.0
5829,5829,41,11,30,1,0,23,17.0,10.0,10.0,7.0
5830,5830,41,11,40,1,0,23,21.0,3.0,3.0,18.0
5831,5831,41,11,50,1,0,23,19.0,5.0,5.0,14.0
5832,5832,41,12,0,1,0,23,34.0,13.0,13.0,21.0
5833,5833,41,12,10,1,0,23,27.0,12.0,12.0,15.0
5834,5834,41,12,20,1,0,23,30.0,10.0,10.0,20.0
5835,5835,41,12,30,1,0,23,22.0,9.0,9.0,13.0
5836,5836,41,12,40,1,0,23,21.0,6.0,6.0,15.0
5837,5837,41,12,50,1,0,23,35.0,17.0,17.0,18.0
5838,5838,41,13,0,1,0,23,27.0,15.0,15.0,12.0
5839,5839,41,13,10,1,0,23,19.0,10.0,10.0,9.0
5840,5840,41,13,20,1,0,23,27.0,15.0,15.0,12.0
5841,5841,41,13,30,1,0,23,34.0,11.0,11.0,23.0
5842,5842,41,13,40,1,0,23,11.0,4.0,4.0,7.0
5843,5843,41,13,50,1,0,23,17.0,4.0,4.0,13.0
5844,5844,41,14,0,1,0,23,27.0,10.0,10.0,17.0
5845,5845,41,14,10,1,0,23,21.0,8.0,8.0,13.0
5846,5846,41,14,20,1,0,23,23.0,16.0,16.0,7.0
5847,5847,41,14,30,1,0,23,28.0,16.0,16.0,12.0
5848,5848,41,14,40,1,0,23,17.0,8.0,8.0,9.0
5849,5849,41,14,50,1,0,23,35.0,20.0,20.0,15.0
5850,5850,41,15,0,1,0,23,27.0,18.0,18.0,9.0
5851,5851,41,15,10,1,0,23,24.0,13.0,13.0,11.0
5852,5852,41,15,20,1,0,23,20.0,8.0,8.0,12.0
5853,5853,41,15,30,1,0,23,26.0,18.0,18.0,8.0
5854,5854,41,15,40,1,0,23,22.0,13.0,13.0,9.0
5855,5855,41,15,50,1,0,23,28.0,17.0,17.0,11.0
5856,5856,41,16,0,1,0,23,30.0,13.0,13.0,17.0
5857,5857,41,16,10,1,0,23,40.0,13.0,13.0,27.0
5858,5858,41,16,20,1,0,23,69.0,47.0,47.0,22.0
5859,5859,41,16,30,1,0,23,45.0,16.0,16.0,29.0
5860,5860,41,16,40,1,0,23,67.0,31.0,31.0,36.0
5861,5861,41,16,50,1,0,23,46.0,20.0,20.0,26.0
5862,5862,41,17,0,1,0,23,57.0,29.0,29.0,28.0
5863,5863,41,17,10,1,0,23,83.0,38.0,38.0,45.0
5864,5864,41,17,20,1,0,23,73.0,42.0,42.0,31.0
5865,5865,41,17,30,1,0,23,91.0,50.0,50.0,41.0
5866,5866,41,17,40,1,0,23,108.0,68.0,68.0,40.0
5867,5867,41,17,50,1,0,23,96.0,57.0,57.0,39.0
5868,5868,41,18,0,1,0,23,104.0,73.0,73.0,31.0
5869,5869,41,18,10,1,0,23,102.0,72.0,72.0,30.0
5870,5870,41,18,20,1,0,23,131.0,101.0,101.0,30.0
5871,5871,41,18,30,1,0,23,81.0,65.0,65.0,16.0
5872,5872,41,18,40,1,0,23,125.0,103.0,103.0,22.0
5873,5873,41,18,50,1,0,23,69.0,57.0,57.0,12.0
5874,5874,41,19,0,1,0,23,73.0,60.0,60.0,13.0
5875,5875,41,19,10,1,0,23,63.0,48.0,48.0,15.0
5876,5876,41,19,20,1,0,23,55.0,43.0,43.0,12.0
5877,5877,41,19,30,1,0,23,40.0,31.0,31.0,9.0
5878,5878,41,19,40,1,0,23,40.0,32.0,32.0,8.0
5879,5879,41,19,50,1,0,23,23.0,17.0,17.0,6.0
5880,5880,41,20,0,1,0,23,25.0,22.0,22.0,3.0
5881,5881,41,20,10,1,0,23,24.0,18.0,18.0,6.0
5882,5882,41,20,20,1,0,23,39.0,27.0,27.0,12.0
5883,5883,41,20,30,1,0,23,25.0,17.0,17.0,8.0
5884,5884,41,20,40,1,0,23,37.0,31.0,31.0,6.0
5885,5885,41,20,50,1,0,23,17.0,14.0,14.0,3.0
5886,5886,41,21,0,1,0,23,21.0,18.0,18.0,3.0
5887,5887,41,21,10,1,0,23,20.0,19.0,19.0,1.0
5888,5888,41,21,20,1,0,23,23.0,13.0,13.0,10.0
5889,5889,41,21,30,1,0,23,35.0,29.0,29.0,6.0
5890,5890,41,21,40,1,0,23,27.0,19.0,19.0,8.0
5891,5891,41,21,50,1,0,23,19.0,13.0,13.0,6.0
5892,5892,41,22,0,1,0,23,24.0,23.0,23.0,1.0
5893,5893,41,22,10,1,0,23,17.0,16.0,16.0,1.0
5894,5894,41,22,20,1,0,23,12.0,10.0,10.0,2.0
5895,5895,41,22,30,1,0,23,28.0,28.0,28.0,0.0
5896,5896,41,22,40,1,0,23,13.0,13.0,13.0,0.0
5897,5897,41,22,50,1,0,23,3.0,3.0,3.0,0.0
5934,5934,42,5,0,1,0,23,0.0,0.0,0.0,0.0
5935,5935,42,5,10,1,0,23,0.0,0.0,0.0,0.0
5936,5936,42,5,20,1,0,23,0.0,0.0,0.0,0.0
5937,5937,42,5,30,1,0,23,1.0,0.0,0.0,1.0
5938,5938,42,5,40,1,0,23,1.0,0.0,0.0,1.0
5939,5939,42,5,50,1,0,23,7.0,0.0,0.0,7.0
5940,5940,42,6,0,1,0,23,15.0,0.0,0.0,15.0
5941,5941,42,6,10,1,0,23,46.0,4.0,4.0,42.0
5942,5942,42,6,20,1,0,23,51.0,11.0,11.0,40.0
5943,5943,42,6,30,1,0,23,53.0,10.0,10.0,43.0
5944,5944,42,6,40,1,0,23,114.0,28.0,28.0,86.0
5945,5945,42,6,50,1,0,23,128.0,31.0,31.0,97.0
5946,5946,42,7,0,1,0,23,159.0,43.0,43.0,116.0
5947,5947,42,7,10,1,0,23,231.0,71.0,71.0,160.0
5948,5948,42,7,20,1,0,23,253.0,64.0,64.0,189.0
5949,5949,42,7,30,1,0,23,329.0,81.0,81.0,248.0
5950,5950,42,7,40,1,0,23,393.0,111.0,111.0,282.0
5951,5951,42,7,50,1,0,23,425.0,164.0,164.0,261.0
5952,5952,42,8,0,1,0,23,509.0,197.0,197.0,312.0
5953,5953,42,8,10,1,0,23,541.0,227.0,227.0,314.0
5954,5954,42,8,20,1,0,23,584.0,275.0,275.0,309.0
5955,5955,42,8,30,1,0,23,668.0,380.0,380.0,288.0
5956,5956,42,8,40,1,0,23,642.0,420.0,420.0,222.0
5957,5957,42,8,50,1,0,23,629.0,431.0,431.0,198.0
5958,5958,42,9,0,1,0,23,414.0,251.0,251.0,163.0
5959,5959,42,9,10,1,0,23,502.0,334.0,334.0,168.0
5960,5960,42,9,20,1,0,23,353.0,236.0,236.0,117.0
5961,5961,42,9,30,1,0,23,297.0,188.0,188.0,109.0
5962,5962,42,9,40,1,0,23,268.0,163.0,163.0,105.0
5963,5963,42,9,50,1,0,23,182.0,97.0,97.0,85.0
5964,5964,42,10,0,1,0,23,190.0,115.0,115.0,75.0
5965,5965,42,10,10,1,0,23,155.0,66.0,66.0,89.0
5966,5966,42,10,20,1,0,23,171.0,100.0,100.0,71.0
5967,5967,42,10,30,1,0,23,140.0,86.0,86.0,54.0
5968,5968,42,10,40,1,0,23,127.0,63.0,63.0,64.0
5969,5969,42,10,50,1,0,23,103.0,66.0,66.0,37.0
5970,5970,42,11,0,1,0,23,102.0,53.0,53.0,49.0
5971,5971,42,11,10,1,0,23,100.0,46.0,46.0,54.0
5972,5972,42,11,20,1,0,23,108.0,58.0,58.0,50.0
5973,5973,42,11,30,1,0,23,74.0,27.0,27.0,47.0
5974,5974,42,11,40,1,0,23,99.0,50.0,50.0,49.0
5975,5975,42,11,50,1,0,23,116.0,57.0,57.0,59.0
5976,5976,42,12,0,1,0,23,91.0,38.0,38.0,53.0
5977,5977,42,12,10,1,0,23,114.0,49.0,49.0,65.0
5978,5978,42,12,20,1,0,23,141.0,64.0,64.0,77.0
5979,5979,42,12,30,1,0,23,119.0,62.0,62.0,57.0
5980,5980,42,12,40,1,0,23,136.0,70.0,70.0,66.0
5981,5981,42,12,50,1,0,23,129.0,51.0,51.0,78.0
5982,5982,42,13,0,1,0,23,108.0,60.0,60.0,48.0
5983,5983,42,13,10,1,0,23,94.0,48.0,48.0,46.0
5984,5984,42,13,20,1,0,23,119.0,65.0,65.0,54.0
5985,5985,42,13,30,1,0,23,94.0,49.0,49.0,45.0
5986,5986,42,13,40,1,0,23,117.0,51.0,51.0,66.0
5987,5987,42,13,50,1,0,23,117.0,61.0,61.0,56.0
5988,5988,42,14,0,1,0,23,96.0,40.0,40.0,56.0
5989,5989,42,14,10,1,0,23,100.0,55.0,55.0,45.0
5990,5990,42,14,20,1,0,23,122.0,62.0,62.0,60.0
5991,5991,42,14,30,1,0,23,97.0,60.0,60.0,37.0
5992,5992,42,14,40,1,0,23,115.0,57.0,57.0,58.0
5993,5993,42,14,50,1,0,23,103.0,56.0,56.0,47.0
5994,5994,42,15,0,1,0,23,134.0,78.0,78.0,56.0
5995,5995,42,15,10,1,0,23,109.0,60.0,60.0,49.0
5996,5996,42,15,20,1,0,23,134.0,76.0,76.0,58.0
5997,5997,42,15,30,1,0,23,131.0,65.0,65.0,66.0
5998,5998,42,15,40,1,0,23,109.0,63.0,63.0,46.0
5999,5999,42,15,50,1,0,23,152.0,93.0,93.0,59.0
6000,6000,42,16,0,1,0,23,165.0,83.0,83.0,82.0
6001,6001,42,16,10,1,0,23,165.0,93.0,93.0,72.0
6002,6002,42,16,20,1,0,23,174.0,74.0,74.0,100.0
6003,6003,42,16,30,1,0,23,179.0,85.0,85.0,94.0
6004,6004,42,16,40,1,0,23,175.0,86.0,86.0,89.0
6005,6005,42,16,50,1,0,23,222.0,122.0,122.0,100.0
6006,6006,42,17,0,1,0,23,259.0,100.0,100.0,159.0
6007,6007,42,17,10,1,0,23,308.0,135.0,135.0,173.0
6008,6008,42,17,20,1,0,23,256.0,128.0,128.0,128.0
6009,6009,42,17,30,1,0,23,322.0,182.0,182.0,140.0
6010,6010,42,17,40,1,0,23,434.0,203.0,203.0,231.0
6011,6011,42,17,50,1,0,23,434.0,228.0,228.0,206.0
6012,6012,42,18,0,1,0,23,440.0,216.0,216.0,224.0
6013,6013,42,18,10,1,0,23,573.0,260.0,260.0,313.0
6014,6014,42,18,20,1,0,23,493.0,204.0,204.0,289.0
6015,6015,42,18,30,1,0,23,401.0,201.0,201.0,200.0
6016,6016,42,18,40,1,0,23,450.0,242.0,242.0,208.0
6017,6017,42,18,50,1,0,23,379.0,196.0,196.0,183.0
6018,6018,42,19,0,1,0,23,305.0,147.0,147.0,158.0
6019,6019,42,19,10,1,0,23,283.0,162.0,162.0,121.0
6020,6020,42,19,20,1,0,23,234.0,129.0,129.0,105.0
6021,6021,42,19,30,1,0,23,204.0,108.0,108.0,96.0
6022,6022,42,19,40,1,0,23,142.0,68.0,68.0,74.0
6023,6023,42,19,50,1,0,23,170.0,111.0,111.0,59.0
6024,6024,42,20,0,1,0,23,124.0,74.0,74.0,50.0
6025,6025,42,20,10,1,0,23,112.0,58.0,58.0,54.0
6026,6026,42,20,20,1,0,23,126.0,72.0,72.0,54.0
6027,6027,42,20,30,1,0,23,134.0,64.0,64.0,70.0
6028,6028,42,20,40,1,0,23,152.0,87.0,87.0,65.0
6029,6029,42,20,50,1,0,23,92.0,43.0,43.0,49.0
6030,6030,42,21,0,1,0,23,175.0,96.0,96.0,79.0
6031,6031,42,21,10,1,0,23,105.0,47.0,47.0,58.0
6032,6032,42,21,20,1,0,23,135.0,86.0,86.0,49.0
6033,6033,42,21,30,1,0,23,105.0,55.0,55.0,50.0
6034,6034,42,21,40,1,0,23,94.0,54.0,54.0,40.0
6035,6035,42,21,50,1,0,23,127.0,98.0,98.0,29.0
6036,6036,42,22,0,1,0,23,77.0,46.0,46.0,31.0
6037,6037,42,22,10,1,0,23,81.0,56.0,56.0,25.0
6038,6038,42,22,20,1,0,23,82.0,61.0,61.0,21.0
6039,6039,42,22,30,1,0,23,49.0,40.0,40.0,9.0
6040,6040,42,22,40,1,0,23,34.0,32.0,32.0,2.0
6041,6041,42,22,50,1,0,23,43.0,34.0,34.0,9.0
6078,6078,43,5,0,1,0,23,0.0,0.0,0.0,0.0
6079,6079,43,5,10,1,0,23,2.0,0.0,0.0,2.0
6080,6080,43,5,20,1,0,23,8.0,0.0,0.0,8.0
6081,6081,43,5,30,1,0,23,2.0,0.0,0.0,2.0
6082,6082,43,5,40,1,0,23,22.0,0.0,0.0,22.0
6083,6083,43,5,50,1,0,23,21.0,0.0,0.0,21.0
6084,6084,43,6,0,1,0,23,30.0,1.0,1.0,29.0
6085,6085,43,6,10,1,0,23,22.0,0.0,0.0,22.0
6086,6086,43,6,20,1,0,23,68.0,0.0,0.0,68.0
6087,6087,43,6,30,1,0,23,51.0,7.0,7.0,44.0
6088,6088,43,6,40,1,0,23,75.0,9.0,9.0,66.0
6089,6089,43,6,50,1,0,23,144.0,57.0,57.0,87.0
6090,6090,43,7,0,1,0,23,150.0,53.0,53.0,97.0
6091,6091,43,7,10,1,0,23,173.0,30.0,30.0,143.0
6092,6092,43,7,20,1,0,23,249.0,82.0,82.0,167.0
6093,6093,43,7,30,1,0,23,272.0,84.0,84.0,188.0
6094,6094,43,7,40,1,0,23,227.0,77.0,77.0,150.0
6095,6095,43,7,50,1,0,23,357.0,127.0,127.0,230.0
6096,6096,43,8,0,1,0,23,304.0,128.0,128.0,176.0
6097,6097,43,8,10,1,0,23,265.0,154.0,154.0,111.0
6098,6098,43,8,20,1,0,23,348.0,232.0,232.0,116.0
6099,6099,43,8,30,1,0,23,198.0,112.0,112.0,86.0
6100,6100,43,8,40,1,0,23,206.0,114.0,114.0,92.0
6101,6101,43,8,50,1,0,23,126.0,56.0,56.0,70.0
6102,6102,43,9,0,1,0,23,193.0,120.0,120.0,73.0
6103,6103,43,9,10,1,0,23,117.0,77.0,77.0,40.0
6104,6104,43,9,20,1,0,23,108.0,52.0,52.0,56.0
6105,6105,43,9,30,1,0,23,102.0,66.0,66.0,36.0
6106,6106,43,9,40,1,0,23,118.0,84.0,84.0,34.0
6107,6107,43,9,50,1,0,23,89.0,51.0,51.0,38.0
6108,6108,43,10,0,1,0,23,55.0,30.0,30.0,25.0
6109,6109,43,10,10,1,0,23,63.0,25.0,25.0,38.0
6110,6110,43,10,20,1,0,23,69.0,32.0,32.0,37.0
6111,6111,43,10,30,1,0,23,44.0,14.0,14.0,30.0
6112,6112,43,10,40,1,0,23,34.0,9.0,9.0,25.0
6113,6113,43,10,50,1,0,23,58.0,27.0,27.0,31.0
6114,6114,43,11,0,1,0,23,60.0,33.0,33.0,27.0
6115,6115,43,11,10,1,0,23,71.0,41.0,41.0,30.0
6116,6116,43,11,20,1,0,23,71.0,29.0,29.0,42.0
6117,6117,43,11,30,1,0,23,73.0,9.0,9.0,64.0
6118,6118,43,11,40,1,0,23,91.0,38.0,38.0,53.0
6119,6119,43,11,50,1,0,23,78.0,36.0,36.0,42.0
6120,6120,43,12,0,1,0,23,60.0,20.0,20.0,40.0
6121,6121,43,12,10,1,0,23,76.0,27.0,27.0,49.0
6122,6122,43,12,20,1,0,23,106.0,47.0,47.0,59.0
6123,6123,43,12,30,1,0,23,71.0,21.0,21.0,50.0
6124,6124,43,12,40,1,0,23,135.0,28.0,28.0,107.0
6125,6125,43,12,50,1,0,23,79.0,38.0,38.0,41.0
6126,6126,43,13,0,1,0,23,53.0,19.0,19.0,34.0
6127,6127,43,13,10,1,0,23,72.0,28.0,28.0,44.0
6128,6128,43,13,20,1,0,23,65.0,30.0,30.0,35.0
6129,6129,43,13,30,1,0,23,51.0,10.0,10.0,41.0
6130,6130,43,13,40,1,0,23,70.0,35.0,35.0,35.0
6131,6131,43,13,50,1,0,23,57.0,30.0,30.0,27.0
6132,6132,43,14,0,1,0,23,58.0,26.0,26.0,32.0
6133,6133,43,14,10,1,0,23,62.0,23.0,23.0,39.0
6134,6134,43,14,20,1,0,23,82.0,42.0,42.0,40.0
6135,6135,43,14,30,1,0,23,45.0,17.0,17.0,28.0
6136,6136,43,14,40,1,0,23,97.0,30.0,30.0,67.0
6137,6137,43,14,50,1,0,23,84.0,36.0,36.0,48.0
6138,6138,43,15,0,1,0,23,90.0,33.0,33.0,57.0
6139,6139,43,15,10,1,0,23,94.0,59.0,59.0,35.0
6140,6140,43,15,20,1,0,23,78.0,46.0,46.0,32.0
6141,6141,43,15,30,1,0,23,52.0,21.0,21.0,31.0
6142,6142,43,15,40,1,0,23,63.0,38.0,38.0,25.0
6143,6143,43,15,50,1,0,23,72.0,35.0,35.0,37.0
6144,6144,43,16,0,1,0,23,100.0,45.0,45.0,55.0
6145,6145,43,16,10,1,0,23,96.0,40.0,40.0,56.0
6146,6146,43,16,20,1,0,23,112.0,59.0,59.0,53.0
6147,6147,43,16,30,1,0,23,90.0,23.0,23.0,67.0
6148,6148,43,16,40,1,0,23,116.0,42.0,42.0,74.0
6149,6149,43,16,50,1,0,23,148.0,38.0,38.0,110.0
6150,6150,43,17,0,1,0,23,130.0,43.0,43.0,87.0
6151,6151,43,17,10,1,0,23,257.0,54.0,54.0,203.0
6152,6152,43,17,20,1,0,23,231.0,70.0,70.0,161.0
6153,6153,43,17,30,1,0,23,186.0,58.0,58.0,128.0
6154,6154,43,17,40,1,0,23,170.0,53.0,53.0,117.0
6155,6155,43,17,50,1,0,23,192.0,64.0,64.0,128.0
6156,6156,43,18,0,1,0,23,232.0,130.0,130.0,102.0
6157,6157,43,18,10,1,0,23,135.0,66.0,66.0,69.0
6158,6158,43,18,20,1,0,23,260.0,95.0,95.0,165.0
6159,6159,43,18,30,1,0,23,123.0,68.0,68.0,55.0
6160,6160,43,18,40,1,0,23,227.0,175.0,175.0,52.0
6161,6161,43,18,50,1,0,23,148.0,93.0,93.0,55.0
6162,6162,43,19,0,1,0,23,118.0,82.0,82.0,36.0
6163,6163,43,19,10,1,0,23,144.0,72.0,72.0,72.0
6164,6164,43,19,20,1,0,23,123.0,101.0,101.0,22.0
6165,6165,43,19,30,1,0,23,86.0,60.0,60.0,26.0
6166,6166,43,19,40,1,0,23,65.0,41.0,41.0,24.0
6167,6167,43,19,50,1,0,23,61.0,45.0,45.0,16.0
6168,6168,43,20,0,1,0,23,97.0,54.0,54.0,43.0
6169,6169,43,20,10,1,0,23,56.0,40.0,40.0,16.0
6170,6170,43,20,20,1,0,23,66.0,43.0,43.0,23.0
6171,6171,43,20,30,1,0,23,73.0,54.0,54.0,19.0
6172,6172,43,20,40,1,0,23,63.0,32.0,32.0,31.0
6173,6173,43,20,50,1,0,23,51.0,35.0,35.0,16.0
6174,6174,43,21,0,1,0,23,63.0,43.0,43.0,20.0
6175,6175,43,21,10,1,0,23,48.0,44.0,44.0,4.0
6176,6176,43,21,20,1,0,23,46.0,31.0,31.0,15.0
6177,6177,43,21,30,1,0,23,43.0,32.0,32.0,11.0
6178,6178,43,21,40,1,0,23,48.0,36.0,36.0,12.0
6179,6179,43,21,50,1,0,23,52.0,44.0,44.0,8.0
6180,6180,43,22,0,1,0,23,31.0,30.0,30.0,1.0
6181,6181,43,22,10,1,0,23,44.0,38.0,38.0,6.0
6182,6182,43,22,20,1,0,23,28.0,26.0,26.0,2.0
6183,6183,43,22,30,1,0,23,38.0,38.0,38.0,0.0
6184,6184,43,22,40,1,0,23,22.0,22.0,22.0,0.0
6185,6185,43,22,50,1,0,23,36.0,36.0,36.0,0.0
6222,6222,44,5,0,1,0,23,0.0,0.0,0.0,0.0
6223,6223,44,5,10,1,0,23,0.0,0.0,0.0,0.0
6224,6224,44,5,20,1,0,23,0.0,0.0,0.0,0.0
6225,6225,44,5,30,1,0,23,9.0,0.0,0.0,9.0
6226,6226,44,5,40,1,0,23,28.0,1.0,1.0,27.0
6227,6227,44,5,50,1,0,23,49.0,1.0,1.0,48.0
6228,6228,44,6,0,1,0,23,37.0,0.0,0.0,37.0
6229,6229,44,6,10,1,0,23,31.0,2.0,2.0,29.0
6230,6230,44,6,20,1,0,23,72.0,2.0,2.0,70.0
6231,6231,44,6,30,1,0,23,131.0,44.0,44.0,87.0
6232,6232,44,6,40,1,0,23,101.0,28.0,28.0,73.0
6233,6233,44,6,50,1,0,23,200.0,68.0,68.0,132.0
6234,6234,44,7,0,1,0,23,236.0,57.0,57.0,179.0
6235,6235,44,7,10,1,0,23,261.0,81.0,81.0,180.0
6236,6236,44,7,20,1,0,23,361.0,92.0,92.0,269.0
6237,6237,44,7,30,1,0,23,292.0,76.0,76.0,216.0
6238,6238,44,7,40,1,0,23,405.0,77.0,77.0,328.0
6239,6239,44,7,50,1,0,23,356.0,106.0,106.0,250.0
6240,6240,44,8,0,1,0,23,345.0,92.0,92.0,253.0
6241,6241,44,8,10,1,0,23,330.0,104.0,104.0,226.0
6242,6242,44,8,20,1,0,23,289.0,92.0,92.0,197.0
6243,6243,44,8,30,1,0,23,263.0,88.0,88.0,175.0
6244,6244,44,8,40,1,0,23,223.0,81.0,81.0,142.0
6245,6245,44,8,50,1,0,23,177.0,76.0,76.0,101.0
6246,6246,44,9,0,1,0,23,166.0,61.0,61.0,105.0
6247,6247,44,9,10,1,0,23,124.0,51.0,51.0,73.0
6248,6248,44,9,20,1,0,23,111.0,47.0,47.0,64.0
6249,6249,44,9,30,1,0,23,123.0,49.0,49.0,74.0
6250,6250,44,9,40,1,0,23,91.0,48.0,48.0,43.0
6251,6251,44,9,50,1,0,23,117.0,70.0,70.0,47.0
6252,6252,44,10,0,1,0,23,72.0,30.0,30.0,42.0
6253,6253,44,10,10,1,0,23,83.0,44.0,44.0,39.0
6254,6254,44,10,20,1,0,23,85.0,33.0,33.0,52.0
6255,6255,44,10,30,1,0,23,100.0,64.0,64.0,36.0
6256,6256,44,10,40,1,0,23,71.0,14.0,14.0,57.0
6257,6257,44,10,50,1,0,23,92.0,41.0,41.0,51.0
6258,6258,44,11,0,1,0,23,59.0,29.0,29.0,30.0
6259,6259,44,11,10,1,0,23,54.0,24.0,24.0,30.0
6260,6260,44,11,20,1,0,23,95.0,50.0,50.0,45.0
6261,6261,44,11,30,1,0,23,98.0,60.0,60.0,38.0
6262,6262,44,11,40,1,0,23,88.0,25.0,25.0,63.0
6263,6263,44,11,50,1,0,23,75.0,37.0,37.0,38.0
6264,6264,44,12,0,1,0,23,98.0,51.0,51.0,47.0
6265,6265,44,12,10,1,0,23,54.0,26.0,26.0,28.0
6266,6266,44,12,20,1,0,23,90.0,34.0,34.0,56.0
6267,6267,44,12,30,1,0,23,85.0,44.0,44.0,41.0
6268,6268,44,12,40,1,0,23,87.0,34.0,34.0,53.0
6269,6269,44,12,50,1,0,23,80.0,59.0,59.0,21.0
6270,6270,44,13,0,1,0,23,89.0,34.0,34.0,55.0
6271,6271,44,13,10,1,0,23,68.0,29.0,29.0,39.0
6272,6272,44,13,20,1,0,23,69.0,42.0,42.0,27.0
6273,6273,44,13,30,1,0,23,95.0,49.0,49.0,46.0
6274,6274,44,13,40,1,0,23,42.0,17.0,17.0,25.0
6275,6275,44,13,50,1,0,23,81.0,49.0,49.0,32.0
6276,6276,44,14,0,1,0,23,97.0,45.0,45.0,52.0
6277,6277,44,14,10,1,0,23,52.0,33.0,33.0,19.0
6278,6278,44,14,20,1,0,23,66.0,47.0,47.0,19.0
6279,6279,44,14,30,1,0,23,91.0,36.0,36.0,55.0
6280,6280,44,14,40,1,0,23,66.0,27.0,27.0,39.0
6281,6281,44,14,50,1,0,23,107.0,66.0,66.0,41.0
6282,6282,44,15,0,1,0,23,63.0,42.0,42.0,21.0
6283,6283,44,15,10,1,0,23,46.0,22.0,22.0,24.0
6284,6284,44,15,20,1,0,23,85.0,47.0,47.0,38.0
6285,6285,44,15,30,1,0,23,88.0,53.0,53.0,35.0
6286,6286,44,15,40,1,0,23,94.0,46.0,46.0,48.0
6287,6287,44,15,50,1,0,23,78.0,47.0,47.0,31.0
6288,6288,44,16,0,1,0,23,109.0,54.0,54.0,55.0
6289,6289,44,16,10,1,0,23,88.0,46.0,46.0,42.0
6290,6290,44,16,20,1,0,23,109.0,75.0,75.0,34.0
6291,6291,44,16,30,1,0,23,116.0,65.0,65.0,51.0
6292,6292,44,16,40,1,0,23,134.0,48.0,48.0,86.0
6293,6293,44,16,50,1,0,23,214.0,95.0,95.0,119.0
6294,6294,44,17,0,1,0,23,158.0,82.0,82.0,76.0
6295,6295,44,17,10,1,0,23,169.0,69.0,69.0,100.0
6296,6296,44,17,20,1,0,23,185.0,107.0,107.0,78.0
6297,6297,44,17,30,1,0,23,187.0,119.0,119.0,68.0
6298,6298,44,17,40,1,0,23,188.0,94.0,94.0,94.0
6299,6299,44,17,50,1,0,23,244.0,167.0,167.0,77.0
6300,6300,44,18,0,1,0,23,246.0,143.0,143.0,103.0
6301,6301,44,18,10,1,0,23,240.0,188.0,188.0,52.0
6302,6302,44,18,20,1,0,23,229.0,164.0,164.0,65.0
6303,6303,44,18,30,1,0,23,235.0,212.0,212.0,23.0
6304,6304,44,18,40,1,0,23,229.0,172.0,172.0,57.0
6305,6305,44,18,50,1,0,23,207.0,162.0,162.0,45.0
6306,6306,44,19,0,1,0,23,229.0,208.0,208.0,21.0
6307,6307,44,19,10,1,0,23,194.0,167.0,167.0,27.0
6308,6308,44,19,20,1,0,23,150.0,117.0,117.0,33.0
6309,6309,44,19,30,1,0,23,137.0,127.0,127.0,10.0
6310,6310,44,19,40,1,0,23,102.0,82.0,82.0,20.0
6311,6311,44,19,50,1,0,23,93.0,72.0,72.0,21.0
6312,6312,44,20,0,1,0,23,126.0,91.0,91.0,35.0
6313,6313,44,20,10,1,0,23,73.0,46.0,46.0,27.0
6314,6314,44,20,20,1,0,23,107.0,89.0,89.0,18.0
6315,6315,44,20,30,1,0,23,96.0,80.0,80.0,16.0
6316,6316,44,20,40,1,0,23,57.0,41.0,41.0,16.0
6317,6317,44,20,50,1,0,23,96.0,78.0,78.0,18.0
6318,6318,44,21,0,1,0,23,84.0,71.0,71.0,13.0
6319,6319,44,21,10,1,0,23,46.0,34.0,34.0,12.0
6320,6320,44,21,20,1,0,23,89.0,83.0,83.0,6.0
6321,6321,44,21,30,1,0,23,60.0,48.0,48.0,12.0
6322,6322,44,21,40,1,0,23,49.0,39.0,39.0,10.0
6323,6323,44,21,50,1,0,23,84.0,75.0,75.0,9.0
6324,6324,44,22,0,1,0,23,31.0,31.0,31.0,0.0
6325,6325,44,22,10,1,0,23,81.0,77.0,77.0,4.0
6326,6326,44,22,20,1,0,23,41.0,41.0,41.0,0.0
6327,6327,44,22,30,1,0,23,41.0,41.0,41.0,0.0
6328,6328,44,22,40,1,0,23,39.0,39.0,39.0,0.0
6329,6329,44,22,50,1,0,23,22.0,21.0,21.0,1.0
6366,6366,45,5,0,1,0,23,2.0,2.0,2.0,0.0
6367,6367,45,5,10,1,0,23,0.0,0.0,0.0,0.0
6368,6368,45,5,20,1,0,23,0.0,0.0,0.0,0.0
6369,6369,45,5,30,1,0,23,0.0,0.0,0.0,0.0
6370,6370,45,5,40,1,0,23,62.0,1.0,1.0,61.0
6371,6371,45,5,50,1,0,23,109.0,4.0,4.0,105.0
6372,6372,45,6,0,1,0,23,98.0,4.0,4.0,94.0
6373,6373,45,6,10,1,0,23,153.0,11.0,11.0,142.0
6374,6374,45,6,20,1,0,23,232.0,41.0,41.0,191.0
6375,6375,45,6,30,1,0,23,337.0,69.0,69.0,268.0
6376,6376,45,6,40,1,0,23,403.0,38.0,38.0,365.0
6377,6377,45,6,50,1,0,23,427.0,63.0,63.0,364.0
6378,6378,45,7,0,1,0,23,624.0,95.0,95.0,529.0
6379,6379,45,7,10,1,0,23,703.0,107.0,107.0,596.0
6380,6380,45,7,20,1,0,23,985.0,211.0,211.0,774.0
6381,6381,45,7,30,1,0,23,1128.0,226.0,226.0,902.0
6382,6382,45,7,40,1,0,23,1310.0,314.0,314.0,996.0
6383,6383,45,7,50,1,0,23,1159.0,216.0,216.0,943.0
6384,6384,45,8,0,1,0,23,1323.0,340.0,340.0,983.0
6385,6385,45,8,10,1,0,23,1127.0,267.0,267.0,860.0
6386,6386,45,8,20,1,0,23,1121.0,370.0,370.0,751.0
6387,6387,45,8,30,1,0,23,980.0,382.0,382.0,598.0
6388,6388,45,8,40,1,0,23,961.0,367.0,367.0,594.0
6389,6389,45,8,50,1,0,23,675.0,242.0,242.0,433.0
6390,6390,45,9,0,1,0,23,632.0,282.0,282.0,350.0
6391,6391,45,9,10,1,0,23,585.0,241.0,241.0,344.0
6392,6392,45,9,20,1,0,23,433.0,169.0,169.0,264.0
6393,6393,45,9,30,1,0,23,420.0,180.0,180.0,240.0
6394,6394,45,9,40,1,0,23,342.0,116.0,116.0,226.0
6395,6395,45,9,50,1,0,23,353.0,211.0,211.0,142.0
6396,6396,45,10,0,1,0,23,329.0,183.0,183.0,146.0
6397,6397,45,10,10,1,0,23,318.0,163.0,163.0,155.0
6398,6398,45,10,20,1,0,23,235.0,126.0,126.0,109.0
6399,6399,45,10,30,1,0,23,330.0,190.0,190.0,140.0
6400,6400,45,10,40,1,0,23,280.0,166.0,166.0,114.0
6401,6401,45,10,50,1,0,23,255.0,150.0,150.0,105.0
6402,6402,45,11,0,1,0,23,262.0,144.0,144.0,118.0
6403,6403,45,11,10,1,0,23,203.0,90.0,90.0,113.0
6404,6404,45,11,20,1,0,23,257.0,139.0,139.0,118.0
6405,6405,45,11,30,1,0,23,269.0,163.0,163.0,106.0
6406,6406,45,11,40,1,0,23,247.0,98.0,98.0,149.0
6407,6407,45,11,50,1,0,23,263.0,117.0,117.0,146.0
6408,6408,45,12,0,1,0,23,233.0,103.0,103.0,130.0
6409,6409,45,12,10,1,0,23,322.0,157.0,157.0,165.0
6410,6410,45,12,20,1,0,23,271.0,129.0,129.0,142.0
6411,6411,45,12,30,1,0,23,243.0,91.0,91.0,152.0
6412,6412,45,12,40,1,0,23,321.0,167.0,167.0,154.0
6413,6413,45,12,50,1,0,23,291.0,159.0,159.0,132.0
6414,6414,45,13,0,1,0,23,226.0,84.0,84.0,142.0
6415,6415,45,13,10,1,0,23,308.0,169.0,169.0,139.0
6416,6416,45,13,20,1,0,23,280.0,146.0,146.0,134.0
6417,6417,45,13,30,1,0,23,253.0,99.0,99.0,154.0
6418,6418,45,13,40,1,0,23,344.0,177.0,177.0,167.0
6419,6419,45,13,50,1,0,23,298.0,131.0,131.0,167.0
6420,6420,45,14,0,1,0,23,237.0,92.0,92.0,145.0
6421,6421,45,14,10,1,0,23,291.0,136.0,136.0,155.0
6422,6422,45,14,20,1,0,23,298.0,147.0,147.0,151.0
6423,6423,45,14,30,1,0,23,227.0,84.0,84.0,143.0
6424,6424,45,14,40,1,0,23,290.0,174.0,174.0,116.0
6425,6425,45,14,50,1,0,23,331.0,165.0,165.0,166.0
6426,6426,45,15,0,1,0,23,290.0,139.0,139.0,151.0
6427,6427,45,15,10,1,0,23,330.0,178.0,178.0,152.0
6428,6428,45,15,20,1,0,23,320.0,173.0,173.0,147.0
6429,6429,45,15,30,1,0,23,260.0,118.0,118.0,142.0
6430,6430,45,15,40,1,0,23,334.0,183.0,183.0,151.0
6431,6431,45,15,50,1,0,23,312.0,195.0,195.0,117.0
6432,6432,45,16,0,1,0,23,313.0,142.0,142.0,171.0
6433,6433,45,16,10,1,0,23,343.0,200.0,200.0,143.0
6434,6434,45,16,20,1,0,23,403.0,250.0,250.0,153.0
6435,6435,45,16,30,1,0,23,365.0,186.0,186.0,179.0
6436,6436,45,16,40,1,0,23,470.0,285.0,285.0,185.0
6437,6437,45,16,50,1,0,23,496.0,287.0,287.0,209.0
6438,6438,45,17,0,1,0,23,441.0,204.0,204.0,237.0
6439,6439,45,17,10,1,0,23,563.0,277.0,277.0,286.0
6440,6440,45,17,20,1,0,23,714.0,381.0,381.0,333.0
6441,6441,45,17,30,1,0,23,656.0,399.0,399.0,257.0
6442,6442,45,17,40,1,0,23,749.0,370.0,370.0,379.0
6443,6443,45,17,50,1,0,23,805.0,501.0,501.0,304.0
6444,6444,45,18,0,1,0,23,736.0,445.0,445.0,291.0
6445,6445,45,18,10,1,0,23,858.0,637.0,637.0,221.0
6446,6446,45,18,20,1,0,23,732.0,505.0,505.0,227.0
6447,6447,45,18,30,1,0,23,853.0,683.0,683.0,170.0
6448,6448,45,18,40,1,0,23,704.0,512.0,512.0,192.0
6449,6449,45,18,50,1,0,23,815.0,682.0,682.0,133.0
6450,6450,45,19,0,1,0,23,684.0,560.0,560.0,124.0
6451,6451,45,19,10,1,0,23,699.0,602.0,602.0,97.0
6452,6452,45,19,20,1,0,23,559.0,427.0,427.0,132.0
6453,6453,45,19,30,1,0,23,567.0,483.0,483.0,84.0
6454,6454,45,19,40,1,0,23,397.0,271.0,271.0,126.0
6455,6455,45,19,50,1,0,23,417.0,331.0,331.0,86.0
6456,6456,45,20,0,1,0,23,340.0,228.0,228.0,112.0
6457,6457,45,20,10,1,0,23,313.0,182.0,182.0,131.0
6458,6458,45,20,20,1,0,23,385.0,290.0,290.0,95.0
6459,6459,45,20,30,1,0,23,288.0,194.0,194.0,94.0
6460,6460,45,20,40,1,0,23,239.0,132.0,132.0,107.0
6461,6461,45,20,50,1,0,23,309.0,202.0,202.0,107.0
6462,6462,45,21,0,1,0,23,209.0,114.0,114.0,95.0
6463,6463,45,21,10,1,0,23,341.0,243.0,243.0,98.0
6464,6464,45,21,20,1,0,23,228.0,155.0,155.0,73.0
6465,6465,45,21,30,1,0,23,282.0,223.0,223.0,59.0
6466,6466,45,21,40,1,0,23,189.0,126.0,126.0,63.0
6467,6467,45,21,50,1,0,23,292.0,242.0,242.0,50.0
6468,6468,45,22,0,1,0,23,163.0,121.0,121.0,42.0
6469,6469,45,22,10,1,0,23,123.0,108.0,108.0,15.0
6470,6470,45,22,20,1,0,23,193.0,182.0,182.0,11.0
6471,6471,45,22,30,1,0,23,91.0,81.0,81.0,10.0
6472,6472,45,22,40,1,0,23,104.0,98.0,98.0,6.0
6473,6473,45,22,50,1,0,23,133.0,129.0,129.0,4.0
6510,6510,46,5,0,1,0,23,0.0,0.0,0.0,0.0
6511,6511,46,5,10,1,0,23,3.0,0.0,0.0,3.0
6512,6512,46,5,20,1,0,23,11.0,0.0,0.0,11.0
6513,6513,46,5,30,1,0,23,11.0,0.0,0.0,11.0
6514,6514,46,5,40,1,0,23,19.0,0.0,0.0,19.0
6515,6515,46,5,50,1,0,23,25.0,0.0,0.0,25.0
6516,6516,46,6,0,1,0,23,27.0,0.0,0.0,27.0
6517,6517,46,6,10,1,0,23,39.0,0.0,0.0,39.0
6518,6518,46,6,20,1,0,23,41.0,0.0,0.0,41.0
6519,6519,46,6,30,1,0,23,70.0,0.0,0.0,70.0
6520,6520,46,6,40,1,0,23,116.0,15.0,15.0,101.0
6521,6521,46,6,50,1,0,23,138.0,25.0,25.0,113.0
6522,6522,46,7,0,1,0,23,167.0,22.0,22.0,145.0
6523,6523,46,7,10,1,0,23,205.0,36.0,36.0,169.0
6524,6524,46,7,20,1,0,23,289.0,54.0,54.0,235.0
6525,6525,46,7,30,1,0,23,281.0,28.0,28.0,253.0
6526,6526,46,7,40,1,0,23,348.0,30.0,30.0,318.0
6527,6527,46,7,50,1,0,23,405.0,53.0,53.0,352.0
6528,6528,46,8,0,1,0,23,332.0,37.0,37.0,295.0
6529,6529,46,8,10,1,0,23,358.0,47.0,47.0,311.0
6530,6530,46,8,20,1,0,23,364.0,106.0,106.0,258.0
6531,6531,46,8,30,1,0,23,287.0,77.0,77.0,210.0
6532,6532,46,8,40,1,0,23,248.0,80.0,80.0,168.0
6533,6533,46,8,50,1,0,23,205.0,60.0,60.0,145.0
6534,6534,46,9,0,1,0,23,186.0,60.0,60.0,126.0
6535,6535,46,9,10,1,0,23,119.0,27.0,27.0,92.0
6536,6536,46,9,20,1,0,23,107.0,35.0,35.0,72.0
6537,6537,46,9,30,1,0,23,77.0,25.0,25.0,52.0
6538,6538,46,9,40,1,0,23,78.0,27.0,27.0,51.0
6539,6539,46,9,50,1,0,23,84.0,21.0,21.0,63.0
6540,6540,46,10,0,1,0,23,98.0,53.0,53.0,45.0
6541,6541,46,10,10,1,0,23,59.0,21.0,21.0,38.0
6542,6542,46,10,20,1,0,23,30.0,2.0,2.0,28.0
6543,6543,46,10,30,1,0,23,67.0,31.0,31.0,36.0
6544,6544,46,10,40,1,0,23,57.0,28.0,28.0,29.0
6545,6545,46,10,50,1,0,23,62.0,25.0,25.0,37.0
6546,6546,46,11,0,1,0,23,36.0,19.0,19.0,17.0
6547,6547,46,11,10,1,0,23,54.0,15.0,15.0,39.0
6548,6548,46,11,20,1,0,23,50.0,16.0,16.0,34.0
6549,6549,46,11,30,1,0,23,57.0,35.0,35.0,22.0
6550,6550,46,11,40,1,0,23,51.0,22.0,22.0,29.0
6551,6551,46,11,50,1,0,23,81.0,30.0,30.0,51.0
6552,6552,46,12,0,1,0,23,44.0,17.0,17.0,27.0
6553,6553,46,12,10,1,0,23,60.0,11.0,11.0,49.0
6554,6554,46,12,20,1,0,23,56.0,23.0,23.0,33.0
6555,6555,46,12,30,1,0,23,59.0,25.0,25.0,34.0
6556,6556,46,12,40,1,0,23,76.0,38.0,38.0,38.0
6557,6557,46,12,50,1,0,23,58.0,27.0,27.0,31.0
6558,6558,46,13,0,1,0,23,72.0,38.0,38.0,34.0
6559,6559,46,13,10,1,0,23,59.0,14.0,14.0,45.0
6560,6560,46,13,20,1,0,23,38.0,16.0,16.0,22.0
6561,6561,46,13,30,1,0,23,59.0,30.0,30.0,29.0
6562,6562,46,13,40,1,0,23,53.0,29.0,29.0,24.0
6563,6563,46,13,50,1,0,23,52.0,31.0,31.0,21.0
6564,6564,46,14,0,1,0,23,71.0,36.0,36.0,35.0
6565,6565,46,14,10,1,0,23,45.0,12.0,12.0,33.0
6566,6566,46,14,20,1,0,23,50.0,27.0,27.0,23.0
6567,6567,46,14,30,1,0,23,40.0,23.0,23.0,17.0
6568,6568,46,14,40,1,0,23,62.0,39.0,39.0,23.0
6569,6569,46,14,50,1,0,23,57.0,34.0,34.0,23.0
6570,6570,46,15,0,1,0,23,69.0,44.0,44.0,25.0
6571,6571,46,15,10,1,0,23,39.0,8.0,8.0,31.0
6572,6572,46,15,20,1,0,23,85.0,56.0,56.0,29.0
6573,6573,46,15,30,1,0,23,63.0,44.0,44.0,19.0
6574,6574,46,15,40,1,0,23,63.0,40.0,40.0,23.0
6575,6575,46,15,50,1,0,23,76.0,54.0,54.0,22.0
6576,6576,46,16,0,1,0,23,80.0,57.0,57.0,23.0
6577,6577,46,16,10,1,0,23,67.0,27.0,27.0,40.0
6578,6578,46,16,20,1,0,23,93.0,47.0,47.0,46.0
6579,6579,46,16,30,1,0,23,105.0,60.0,60.0,45.0
6580,6580,46,16,40,1,0,23,146.0,103.0,103.0,43.0
6581,6581,46,16,50,1,0,23,92.0,56.0,56.0,36.0
6582,6582,46,17,0,1,0,23,111.0,73.0,73.0,38.0
6583,6583,46,17,10,1,0,23,130.0,62.0,62.0,68.0
6584,6584,46,17,20,1,0,23,178.0,122.0,122.0,56.0
6585,6585,46,17,30,1,0,23,162.0,110.0,110.0,52.0
6586,6586,46,17,40,1,0,23,172.0,94.0,94.0,78.0
6587,6587,46,17,50,1,0,23,187.0,134.0,134.0,53.0
6588,6588,46,18,0,1,0,23,242.0,191.0,191.0,51.0
6589,6589,46,18,10,1,0,23,228.0,170.0,170.0,58.0
6590,6590,46,18,20,1,0,23,225.0,163.0,163.0,62.0
6591,6591,46,18,30,1,0,23,205.0,165.0,165.0,40.0
6592,6592,46,18,40,1,0,23,211.0,183.0,183.0,28.0
6593,6593,46,18,50,1,0,23,286.0,257.0,257.0,29.0
6594,6594,46,19,0,1,0,23,167.0,138.0,138.0,29.0
6595,6595,46,19,10,1,0,23,142.0,117.0,117.0,25.0
6596,6596,46,19,20,1,0,23,228.0,204.0,204.0,24.0
6597,6597,46,19,30,1,0,23,104.0,82.0,82.0,22.0
6598,6598,46,19,40,1,0,23,116.0,93.0,93.0,23.0
6599,6599,46,19,50,1,0,23,51.0,36.0,36.0,15.0
6600,6600,46,20,0,1,0,23,102.0,83.0,83.0,19.0
6601,6601,46,20,10,1,0,23,87.0,58.0,58.0,29.0
6602,6602,46,20,20,1,0,23,79.0,66.0,66.0,13.0
6603,6603,46,20,30,1,0,23,43.0,31.0,31.0,12.0
6604,6604,46,20,40,1,0,23,103.0,94.0,94.0,9.0
6605,6605,46,20,50,1,0,23,63.0,54.0,54.0,9.0
6606,6606,46,21,0,1,0,23,80.0,69.0,69.0,11.0
6607,6607,46,21,10,1,0,23,56.0,27.0,27.0,29.0
6608,6608,46,21,20,1,0,23,95.0,77.0,77.0,18.0
6609,6609,46,21,30,1,0,23,64.0,59.0,59.0,5.0
6610,6610,46,21,40,1,0,23,64.0,55.0,55.0,9.0
6611,6611,46,21,50,1,0,23,75.0,66.0,66.0,9.0
6612,6612,46,22,0,1,0,23,23.0,14.0,14.0,9.0
6613,6613,46,22,10,1,0,23,82.0,75.0,75.0,7.0
6614,6614,46,22,20,1,0,23,56.0,51.0,51.0,5.0
6615,6615,46,22,30,1,0,23,44.0,42.0,42.0,2.0
6616,6616,46,22,40,1,0,23,46.0,46.0,46.0,0.0
6617,6617,46,22,50,1,0,23,35.0,35.0,35.0,0.0
6654,6654,47,5,0,1,0,23,0.0,0.0,0.0,0.0
6655,6655,47,5,10,1,0,23,0.0,0.0,0.0,0.0
6656,6656,47,5,20,1,0,23,0.0,0.0,0.0,0.0
6657,6657,47,5,30,1,0,23,0.0,0.0,0.0,0.0
6658,6658,47,5,40,1,0,23,10.0,1.0,1.0,9.0
6659,6659,47,5,50,1,0,23,22.0,0.0,0.0,22.0
6660,6660,47,6,0,1,0,23,31.0,2.0,2.0,29.0
6661,6661,47,6,10,1,0,23,58.0,6.0,6.0,52.0
6662,6662,47,6,20,1,0,23,79.0,21.0,21.0,58.0
6663,6663,47,6,30,1,0,23,73.0,8.0,8.0,65.0
6664,6664,47,6,40,1,0,23,122.0,41.0,41.0,81.0
6665,6665,47,6,50,1,0,23,150.0,48.0,48.0,102.0
6666,6666,47,7,0,1,0,23,268.0,108.0,108.0,160.0
6667,6667,47,7,10,1,0,23,324.0,153.0,153.0,171.0
6668,6668,47,7,20,1,0,23,492.0,239.0,239.0,253.0
6669,6669,47,7,30,1,0,23,503.0,255.0,255.0,248.0
6670,6670,47,7,40,1,0,23,552.0,211.0,211.0,341.0
6671,6671,47,7,50,1,0,23,529.0,265.0,265.0,264.0
6672,6672,47,8,0,1,0,23,679.0,311.0,311.0,368.0
6673,6673,47,8,10,1,0,23,643.0,390.0,390.0,253.0
6674,6674,47,8,20,1,0,23,684.0,391.0,391.0,293.0
6675,6675,47,8,30,1,0,23,649.0,434.0,434.0,215.0
6676,6676,47,8,40,1,0,23,702.0,520.0,520.0,182.0
6677,6677,47,8,50,1,0,23,489.0,339.0,339.0,150.0
6678,6678,47,9,0,1,0,23,416.0,269.0,269.0,147.0
6679,6679,47,9,10,1,0,23,306.0,203.0,203.0,103.0
6680,6680,47,9,20,1,0,23,243.0,143.0,143.0,100.0
6681,6681,47,9,30,1,0,23,182.0,95.0,95.0,87.0
6682,6682,47,9,40,1,0,23,188.0,118.0,118.0,70.0
6683,6683,47,9,50,1,0,23,164.0,89.0,89.0,75.0
6684,6684,47,10,0,1,0,23,110.0,54.0,54.0,56.0
6685,6685,47,10,10,1,0,23,130.0,55.0,55.0,75.0
6686,6686,47,10,20,1,0,23,118.0,69.0,69.0,49.0
6687,6687,47,10,30,1,0,23,98.0,36.0,36.0,62.0
6688,6688,47,10,40,1,0,23,100.0,51.0,51.0,49.0
6689,6689,47,10,50,1,0,23,142.0,78.0,78.0,64.0
6690,6690,47,11,0,1,0,23,72.0,29.0,29.0,43.0
6691,6691,47,11,10,1,0,23,145.0,64.0,64.0,81.0
6692,6692,47,11,20,1,0,23,109.0,62.0,62.0,47.0
6693,6693,47,11,30,1,0,23,110.0,37.0,37.0,73.0
6694,6694,47,11,40,1,0,23,130.0,63.0,63.0,67.0
6695,6695,47,11,50,1,0,23,116.0,55.0,55.0,61.0
6696,6696,47,12,0,1,0,23,139.0,57.0,57.0,82.0
6697,6697,47,12,10,1,0,23,133.0,72.0,72.0,61.0
6698,6698,47,12,20,1,0,23,153.0,49.0,49.0,104.0
6699,6699,47,12,30,1,0,23,143.0,71.0,71.0,72.0
6700,6700,47,12,40,1,0,23,144.0,72.0,72.0,72.0
6701,6701,47,12,50,1,0,23,115.0,40.0,40.0,75.0
6702,6702,47,13,0,1,0,23,122.0,62.0,62.0,60.0
6703,6703,47,13,10,1,0,23,134.0,82.0,82.0,52.0
6704,6704,47,13,20,1,0,23,91.0,38.0,38.0,53.0
6705,6705,47,13,30,1,0,23,121.0,57.0,57.0,64.0
6706,6706,47,13,40,1,0,23,135.0,73.0,73.0,62.0
6707,6707,47,13,50,1,0,23,96.0,42.0,42.0,54.0
6708,6708,47,14,0,1,0,23,146.0,63.0,63.0,83.0
6709,6709,47,14,10,1,0,23,123.0,76.0,76.0,47.0
6710,6710,47,14,20,1,0,23,102.0,48.0,48.0,54.0
6711,6711,47,14,30,1,0,23,167.0,77.0,77.0,90.0
6712,6712,47,14,40,1,0,23,248.0,80.0,80.0,168.0
6713,6713,47,14,50,1,0,23,140.0,49.0,49.0,91.0
6714,6714,47,15,0,1,0,23,160.0,66.0,66.0,94.0
6715,6715,47,15,10,1,0,23,178.0,91.0,91.0,87.0
6716,6716,47,15,20,1,0,23,163.0,58.0,58.0,105.0
6717,6717,47,15,30,1,0,23,167.0,77.0,77.0,90.0
6718,6718,47,15,40,1,0,23,202.0,105.0,105.0,97.0
6719,6719,47,15,50,1,0,23,135.0,62.0,62.0,73.0
6720,6720,47,16,0,1,0,23,165.0,74.0,74.0,91.0
6721,6721,47,16,10,1,0,23,188.0,79.0,79.0,109.0
6722,6722,47,16,20,1,0,23,158.0,53.0,53.0,105.0
6723,6723,47,16,30,1,0,23,227.0,70.0,70.0,157.0
6724,6724,47,16,40,1,0,23,236.0,106.0,106.0,130.0
6725,6725,47,16,50,1,0,23,237.0,82.0,82.0,155.0
6726,6726,47,17,0,1,0,23,378.0,110.0,110.0,268.0
6727,6727,47,17,10,1,0,23,416.0,101.0,101.0,315.0
6728,6728,47,17,20,1,0,23,338.0,142.0,142.0,196.0
6729,6729,47,17,30,1,0,23,421.0,105.0,105.0,316.0
6730,6730,47,17,40,1,0,23,583.0,158.0,158.0,425.0
6731,6731,47,17,50,1,0,23,414.0,160.0,160.0,254.0
6732,6732,47,18,0,1,0,23,414.0,201.0,201.0,213.0
6733,6733,47,18,10,1,0,23,509.0,165.0,165.0,344.0
6734,6734,47,18,20,1,0,23,507.0,276.0,276.0,231.0
6735,6735,47,18,30,1,0,23,363.0,148.0,148.0,215.0
6736,6736,47,18,40,1,0,23,311.0,203.0,203.0,108.0
6737,6737,47,18,50,1,0,23,287.0,178.0,178.0,109.0
6738,6738,47,19,0,1,0,23,243.0,145.0,145.0,98.0
6739,6739,47,19,10,1,0,23,210.0,124.0,124.0,86.0
6740,6740,47,19,20,1,0,23,215.0,140.0,140.0,75.0
6741,6741,47,19,30,1,0,23,144.0,96.0,96.0,48.0
6742,6742,47,19,40,1,0,23,137.0,101.0,101.0,36.0
6743,6743,47,19,50,1,0,23,84.0,52.0,52.0,32.0
6744,6744,47,20,0,1,0,23,92.0,53.0,53.0,39.0
6745,6745,47,20,10,1,0,23,114.0,59.0,59.0,55.0
6746,6746,47,20,20,1,0,23,118.0,73.0,73.0,45.0
6747,6747,47,20,30,1,0,23,93.0,45.0,45.0,48.0
6748,6748,47,20,40,1,0,23,84.0,54.0,54.0,30.0
6749,6749,47,20,50,1,0,23,72.0,38.0,38.0,34.0
6750,6750,47,21,0,1,0,23,106.0,67.0,67.0,39.0
6751,6751,47,21,10,1,0,23,78.0,39.0,39.0,39.0
6752,6752,47,21,20,1,0,23,124.0,87.0,87.0,37.0
6753,6753,47,21,30,1,0,23,61.0,46.0,46.0,15.0
6754,6754,47,21,40,1,0,23,85.0,52.0,52.0,33.0
6755,6755,47,21,50,1,0,23,74.0,56.0,56.0,18.0
6756,6756,47,22,0,1,0,23,52.0,36.0,36.0,16.0
6757,6757,47,22,10,1,0,23,73.0,66.0,66.0,7.0
6758,6758,47,22,20,1,0,23,37.0,26.0,26.0,11.0
6759,6759,47,22,30,1,0,23,42.0,37.0,37.0,5.0
6760,6760,47,22,40,1,0,23,62.0,59.0,59.0,3.0
6761,6761,47,22,50,1,0,23,17.0,16.0,16.0,1.0
6798,6798,48,5,0,1,0,23,0.0,0.0,0.0,0.0
6799,6799,48,5,10,1,0,23,1.0,0.0,0.0,1.0
6800,6800,48,5,20,1,0,23,7.0,0.0,0.0,7.0
6801,6801,48,5,30,1,0,23,24.0,0.0,0.0,24.0
6802,6802,48,5,40,1,0,23,25.0,0.0,0.0,25.0
6803,6803,48,5,50,1,0,23,47.0,0.0,0.0,47.0
6804,6804,48,6,0,1,0,23,66.0,0.0,0.0,66.0
6805,6805,48,6,10,1,0,23,85.0,2.0,2.0,83.0
6806,6806,48,6,20,1,0,23,80.0,1.0,1.0,79.0
6807,6807,48,6,30,1,0,23,132.0,2.0,2.0,130.0
6808,6808,48,6,40,1,0,23,222.0,46.0,46.0,176.0
6809,6809,48,6,50,1,0,23,219.0,14.0,14.0,205.0
6810,6810,48,7,0,1,0,23,268.0,27.0,27.0,241.0
6811,6811,48,7,10,1,0,23,330.0,24.0,24.0,306.0
6812,6812,48,7,20,1,0,23,474.0,47.0,47.0,427.0
6813,6813,48,7,30,1,0,23,588.0,56.0,56.0,532.0
6814,6814,48,7,40,1,0,23,716.0,72.0,72.0,644.0
6815,6815,48,7,50,1,0,23,826.0,71.0,71.0,755.0
6816,6816,48,8,0,1,0,23,908.0,58.0,58.0,850.0
6817,6817,48,8,10,1,0,23,859.0,67.0,67.0,792.0
6818,6818,48,8,20,1,0,23,694.0,73.0,73.0,621.0
6819,6819,48,8,30,1,0,23,587.0,76.0,76.0,511.0
6820,6820,48,8,40,1,0,23,444.0,51.0,51.0,393.0
6821,6821,48,8,50,1,0,23,431.0,70.0,70.0,361.0
6822,6822,48,9,0,1,0,23,324.0,55.0,55.0,269.0
6823,6823,48,9,10,1,0,23,267.0,33.0,33.0,234.0
6824,6824,48,9,20,1,0,23,222.0,48.0,48.0,174.0
6825,6825,48,9,30,1,0,23,181.0,39.0,39.0,142.0
6826,6826,48,9,40,1,0,23,177.0,51.0,51.0,126.0
6827,6827,48,9,50,1,0,23,172.0,62.0,62.0,110.0
6828,6828,48,10,0,1,0,23,148.0,52.0,52.0,96.0
6829,6829,48,10,10,1,0,23,96.0,28.0,28.0,68.0
6830,6830,48,10,20,1,0,23,124.0,47.0,47.0,77.0
6831,6831,48,10,30,1,0,23,140.0,64.0,64.0,76.0
6832,6832,48,10,40,1,0,23,106.0,45.0,45.0,61.0
6833,6833,48,10,50,1,0,23,118.0,50.0,50.0,68.0
6834,6834,48,11,0,1,0,23,98.0,45.0,45.0,53.0
6835,6835,48,11,10,1,0,23,101.0,26.0,26.0,75.0
6836,6836,48,11,20,1,0,23,98.0,55.0,55.0,43.0
6837,6837,48,11,30,1,0,23,72.0,35.0,35.0,37.0
6838,6838,48,11,40,1,0,23,118.0,58.0,58.0,60.0
6839,6839,48,11,50,1,0,23,151.0,75.0,75.0,76.0
6840,6840,48,12,0,1,0,23,112.0,48.0,48.0,64.0
6841,6841,48,12,10,1,0,23,97.0,38.0,38.0,59.0
6842,6842,48,12,20,1,0,23,116.0,38.0,38.0,78.0
6843,6843,48,12,30,1,0,23,126.0,52.0,52.0,74.0
6844,6844,48,12,40,1,0,23,123.0,61.0,61.0,62.0
6845,6845,48,12,50,1,0,23,110.0,54.0,54.0,56.0
6846,6846,48,13,0,1,0,23,101.0,38.0,38.0,63.0
6847,6847,48,13,10,1,0,23,95.0,29.0,29.0,66.0
6848,6848,48,13,20,1,0,23,115.0,64.0,64.0,51.0
6849,6849,48,13,30,1,0,23,100.0,50.0,50.0,50.0
6850,6850,48,13,40,1,0,23,83.0,31.0,31.0,52.0
6851,6851,48,13,50,1,0,23,96.0,46.0,46.0,50.0
6852,6852,48,14,0,1,0,23,105.0,53.0,53.0,52.0
6853,6853,48,14,10,1,0,23,108.0,46.0,46.0,62.0
6854,6854,48,14,20,1,0,23,110.0,62.0,62.0,48.0
6855,6855,48,14,30,1,0,23,97.0,59.0,59.0,38.0
6856,6856,48,14,40,1,0,23,71.0,44.0,44.0,27.0
6857,6857,48,14,50,1,0,23,124.0,80.0,80.0,44.0
6858,6858,48,15,0,1,0,23,119.0,67.0,67.0,52.0
6859,6859,48,15,10,1,0,23,120.0,70.0,70.0,50.0
6860,6860,48,15,20,1,0,23,139.0,99.0,99.0,40.0
6861,6861,48,15,30,1,0,23,142.0,98.0,98.0,44.0
6862,6862,48,15,40,1,0,23,101.0,69.0,69.0,32.0
6863,6863,48,15,50,1,0,23,124.0,92.0,92.0,32.0
6864,6864,48,16,0,1,0,23,158.0,106.0,106.0,52.0
6865,6865,48,16,10,1,0,23,131.0,68.0,68.0,63.0
6866,6866,48,16,20,1,0,23,156.0,114.0,114.0,42.0
6867,6867,48,16,30,1,0,23,183.0,112.0,112.0,71.0
6868,6868,48,16,40,1,0,23,230.0,160.0,160.0,70.0
6869,6869,48,16,50,1,0,23,195.0,118.0,118.0,77.0
6870,6870,48,17,0,1,0,23,225.0,159.0,159.0,66.0
6871,6871,48,17,10,1,0,23,204.0,121.0,121.0,83.0
6872,6872,48,17,20,1,0,23,305.0,229.0,229.0,76.0
6873,6873,48,17,30,1,0,23,242.0,163.0,163.0,79.0
6874,6874,48,17,40,1,0,23,427.0,322.0,322.0,105.0
6875,6875,48,17,50,1,0,23,348.0,275.0,275.0,73.0
6876,6876,48,18,0,1,0,23,481.0,415.0,415.0,66.0
6877,6877,48,18,10,1,0,23,417.0,360.0,360.0,57.0
6878,6878,48,18,20,1,0,23,519.0,457.0,457.0,62.0
6879,6879,48,18,30,1,0,23,411.0,355.0,355.0,56.0
6880,6880,48,18,40,1,0,23,638.0,584.0,584.0,54.0
6881,6881,48,18,50,1,0,23,505.0,453.0,453.0,52.0
6882,6882,48,19,0,1,0,23,491.0,447.0,447.0,44.0
6883,6883,48,19,10,1,0,23,360.0,322.0,322.0,38.0
6884,6884,48,19,20,1,0,23,427.0,380.0,380.0,47.0
6885,6885,48,19,30,1,0,23,227.0,192.0,192.0,35.0
6886,6886,48,19,40,1,0,23,295.0,264.0,264.0,31.0
6887,6887,48,19,50,1,0,23,172.0,141.0,141.0,31.0
6888,6888,48,20,0,1,0,23,199.0,165.0,165.0,34.0
6889,6889,48,20,10,1,0,23,173.0,118.0,118.0,55.0
6890,6890,48,20,20,1,0,23,214.0,164.0,164.0,50.0
6891,6891,48,20,30,1,0,23,137.0,93.0,93.0,44.0
6892,6892,48,20,40,1,0,23,235.0,197.0,197.0,38.0
6893,6893,48,20,50,1,0,23,163.0,126.0,126.0,37.0
6894,6894,48,21,0,1,0,23,204.0,138.0,138.0,66.0
6895,6895,48,21,10,1,0,23,147.0,98.0,98.0,49.0
6896,6896,48,21,20,1,0,23,197.0,152.0,152.0,45.0
6897,6897,48,21,30,1,0,23,160.0,136.0,136.0,24.0
6898,6898,48,21,40,1,0,23,166.0,134.0,134.0,32.0
6899,6899,48,21,50,1,0,23,147.0,120.0,120.0,27.0
6900,6900,48,22,0,1,0,23,118.0,92.0,92.0,26.0
6901,6901,48,22,10,1,0,23,184.0,155.0,155.0,29.0
6902,6902,48,22,20,1,0,23,105.0,96.0,96.0,9.0
6903,6903,48,22,30,1,0,23,107.0,102.0,102.0,5.0
6904,6904,48,22,40,1,0,23,119.0,115.0,115.0,4.0
6905,6905,48,22,50,1,0,23,84.0,82.0,82.0,2.0
6942,6942,49,5,0,1,0,23,0.0,0.0,0.0,0.0
6943,6943,49,5,10,1,0,23,1.0,0.0,0.0,1.0
6944,6944,49,5,20,1,0,23,9.0,0.0,0.0,9.0
6945,6945,49,5,30,1,0,23,19.0,0.0,0.0,19.0
6946,6946,49,5,40,1,0,23,17.0,0.0,0.0,17.0
6947,6947,49,5,50,1,0,23,21.0,0.0,0.0,21.0
6948,6948,49,6,0,1,0,23,35.0,0.0,0.0,35.0
6949,6949,49,6,10,1,0,23,51.0,0.0,0.0,51.0
6950,6950,49,6,20,1,0,23,58.0,1.0,1.0,57.0
6951,6951,49,6,30,1,0,23,74.0,1.0,1.0,73.0
6952,6952,49,6,40,1,0,23,182.0,25.0,25.0,157.0
6953,6953,49,6,50,1,0,23,220.0,19.0,19.0,201.0
6954,6954,49,7,0,1,0,23,195.0,8.0,8.0,187.0
6955,6955,49,7,10,1,0,23,269.0,30.0,30.0,239.0
6956,6956,49,7,20,1,0,23,372.0,34.0,34.0,338.0
6957,6957,49,7,30,1,0,23,375.0,32.0,32.0,343.0
6958,6958,49,7,40,1,0,23,508.0,40.0,40.0,468.0
6959,6959,49,7,50,1,0,23,560.0,36.0,36.0,524.0
6960,6960,49,8,0,1,0,23,548.0,49.0,49.0,499.0
6961,6961,49,8,10,1,0,23,552.0,83.0,83.0,469.0
6962,6962,49,8,20,1,0,23,399.0,41.0,41.0,358.0
6963,6963,49,8,30,1,0,23,375.0,45.0,45.0,330.0
6964,6964,49,8,40,1,0,23,301.0,35.0,35.0,266.0
6965,6965,49,8,50,1,0,23,291.0,58.0,58.0,233.0
6966,6966,49,9,0,1,0,23,200.0,28.0,28.0,172.0
6967,6967,49,9,10,1,0,23,185.0,25.0,25.0,160.0
6968,6968,49,9,20,1,0,23,140.0,12.0,12.0,128.0
6969,6969,49,9,30,1,0,23,111.0,40.0,40.0,71.0
6970,6970,49,9,40,1,0,23,94.0,16.0,16.0,78.0
6971,6971,49,9,50,1,0,23,81.0,22.0,22.0,59.0
6972,6972,49,10,0,1,0,23,67.0,15.0,15.0,52.0
6973,6973,49,10,10,1,0,23,78.0,26.0,26.0,52.0
6974,6974,49,10,20,1,0,23,73.0,27.0,27.0,46.0
6975,6975,49,10,30,1,0,23,54.0,2.0,2.0,52.0
6976,6976,49,10,40,1,0,23,78.0,35.0,35.0,43.0
6977,6977,49,10,50,1,0,23,60.0,22.0,22.0,38.0
6978,6978,49,11,0,1,0,23,60.0,30.0,30.0,30.0
6979,6979,49,11,10,1,0,23,65.0,24.0,24.0,41.0
6980,6980,49,11,20,1,0,23,36.0,17.0,17.0,19.0
6981,6981,49,11,30,1,0,23,60.0,11.0,11.0,49.0
6982,6982,49,11,40,1,0,23,68.0,30.0,30.0,38.0
6983,6983,49,11,50,1,0,23,89.0,32.0,32.0,57.0
6984,6984,49,12,0,1,0,23,93.0,42.0,42.0,51.0
6985,6985,49,12,10,1,0,23,77.0,27.0,27.0,50.0
6986,6986,49,12,20,1,0,23,61.0,22.0,22.0,39.0
6987,6987,49,12,30,1,0,23,57.0,18.0,18.0,39.0
6988,6988,49,12,40,1,0,23,86.0,38.0,38.0,48.0
6989,6989,49,12,50,1,0,23,88.0,50.0,50.0,38.0
6990,6990,49,13,0,1,0,23,82.0,36.0,36.0,46.0
6991,6991,49,13,10,1,0,23,62.0,36.0,36.0,26.0
6992,6992,49,13,20,1,0,23,79.0,35.0,35.0,44.0
6993,6993,49,13,30,1,0,23,44.0,6.0,6.0,38.0
6994,6994,49,13,40,1,0,23,86.0,56.0,56.0,30.0
6995,6995,49,13,50,1,0,23,78.0,49.0,49.0,29.0
6996,6996,49,14,0,1,0,23,80.0,50.0,50.0,30.0
6997,6997,49,14,10,1,0,23,77.0,42.0,42.0,35.0
6998,6998,49,14,20,1,0,23,72.0,47.0,47.0,25.0
6999,6999,49,14,30,1,0,23,37.0,7.0,7.0,30.0
7000,7000,49,14,40,1,0,23,77.0,51.0,51.0,26.0
7001,7001,49,14,50,1,0,23,78.0,44.0,44.0,34.0
7002,7002,49,15,0,1,0,23,80.0,58.0,58.0,22.0
7003,7003,49,15,10,1,0,23,36.0,6.0,6.0,30.0
7004,7004,49,15,20,1,0,23,113.0,87.0,87.0,26.0
7005,7005,49,15,30,1,0,23,44.0,10.0,10.0,34.0
7006,7006,49,15,40,1,0,23,95.0,78.0,78.0,17.0
7007,7007,49,15,50,1,0,23,99.0,71.0,71.0,28.0
7008,7008,49,16,0,1,0,23,95.0,75.0,75.0,20.0
7009,7009,49,16,10,1,0,23,151.0,114.0,114.0,37.0
7010,7010,49,16,20,1,0,23,124.0,78.0,78.0,46.0
7011,7011,49,16,30,1,0,23,162.0,117.0,117.0,45.0
7012,7012,49,16,40,1,0,23,135.0,90.0,90.0,45.0
7013,7013,49,16,50,1,0,23,116.0,83.0,83.0,33.0
7014,7014,49,17,0,1,0,23,149.0,97.0,97.0,52.0
7015,7015,49,17,10,1,0,23,230.0,172.0,172.0,58.0
7016,7016,49,17,20,1,0,23,174.0,113.0,113.0,61.0
7017,7017,49,17,30,1,0,23,175.0,134.0,134.0,41.0
7018,7018,49,17,40,1,0,23,237.0,187.0,187.0,50.0
7019,7019,49,17,50,1,0,23,419.0,345.0,345.0,74.0
7020,7020,49,18,0,1,0,23,231.0,180.0,180.0,51.0
7021,7021,49,18,10,1,0,23,274.0,233.0,233.0,41.0
7022,7022,49,18,20,1,0,23,263.0,221.0,221.0,42.0
7023,7023,49,18,30,1,0,23,499.0,455.0,455.0,44.0
7024,7024,49,18,40,1,0,23,283.0,259.0,259.0,24.0
7025,7025,49,18,50,1,0,23,231.0,198.0,198.0,33.0
7026,7026,49,19,0,1,0,23,263.0,234.0,234.0,29.0
7027,7027,49,19,10,1,0,23,367.0,350.0,350.0,17.0
7028,7028,49,19,20,1,0,23,191.0,174.0,174.0,17.0
7029,7029,49,19,30,1,0,23,131.0,117.0,117.0,14.0
7030,7030,49,19,40,1,0,23,220.0,201.0,201.0,19.0
7031,7031,49,19,50,1,0,23,149.0,132.0,132.0,17.0
7032,7032,49,20,0,1,0,23,151.0,132.0,132.0,19.0
7033,7033,49,20,10,1,0,23,96.0,74.0,74.0,22.0
7034,7034,49,20,20,1,0,23,119.0,105.0,105.0,14.0
7035,7035,49,20,30,1,0,23,102.0,91.0,91.0,11.0
7036,7036,49,20,40,1,0,23,100.0,77.0,77.0,23.0
7037,7037,49,20,50,1,0,23,130.0,112.0,112.0,18.0
7038,7038,49,21,0,1,0,23,163.0,131.0,131.0,32.0
7039,7039,49,21,10,1,0,23,115.0,106.0,106.0,9.0
7040,7040,49,21,20,1,0,23,89.0,78.0,78.0,11.0
7041,7041,49,21,30,1,0,23,118.0,102.0,102.0,16.0
7042,7042,49,21,40,1,0,23,92.0,78.0,78.0,14.0
7043,7043,49,21,50,1,0,23,117.0,110.0,110.0,7.0
7044,7044,49,22,0,1,0,23,100.0,88.0,88.0,12.0
7045,7045,49,22,10,1,0,23,81.0,71.0,71.0,10.0
7046,7046,49,22,20,1,0,23,57.0,55.0,55.0,2.0
7047,7047,49,22,30,1,0,23,92.0,84.0,84.0,8.0
7048,7048,49,22,40,1,0,23,67.0,66.0,66.0,1.0
7049,7049,49,22,50,1,0,23,35.0,34.0,34.0,1.0
7086,7086,50,5,0,1,0,23,0.0,0.0,0.0,0.0
7087,7087,50,5,10,1,0,23,0.0,0.0,0.0,0.0
7088,7088,50,5,20,1,0,23,6.0,0.0,0.0,6.0
7089,7089,50,5,30,1,0,23,12.0,0.0,0.0,12.0
7090,7090,50,5,40,1,0,23,6.0,0.0,0.0,6.0
7091,7091,50,5,50,1,0,23,16.0,1.0,1.0,15.0
7092,7092,50,6,0,1,0,23,18.0,0.0,0.0,18.0
7093,7093,50,6,10,1,0,23,14.0,0.0,0.0,14.0
7094,7094,50,6,20,1,0,23,20.0,0.0,0.0,20.0
7095,7095,50,6,30,1,0,23,42.0,1.0,1.0,41.0
7096,7096,50,6,40,1,0,23,40.0,2.0,2.0,38.0
7097,7097,50,6,50,1,0,23,78.0,16.0,16.0,62.0
7098,7098,50,7,0,1,0,23,81.0,19.0,19.0,62.0
7099,7099,50,7,10,1,0,23,123.0,30.0,30.0,93.0
7100,7100,50,7,20,1,0,23,154.0,57.0,57.0,97.0
7101,7101,50,7,30,1,0,23,127.0,48.0,48.0,79.0
7102,7102,50,7,40,1,0,23,193.0,65.0,65.0,128.0
7103,7103,50,7,50,1,0,23,255.0,143.0,143.0,112.0
7104,7104,50,8,0,1,0,23,154.0,87.0,87.0,67.0
7105,7105,50,8,10,1,0,23,200.0,97.0,97.0,103.0
7106,7106,50,8,20,1,0,23,123.0,74.0,74.0,49.0
7107,7107,50,8,30,1,0,23,217.0,172.0,172.0,45.0
7108,7108,50,8,40,1,0,23,101.0,65.0,65.0,36.0
7109,7109,50,8,50,1,0,23,75.0,55.0,55.0,20.0
7110,7110,50,9,0,1,0,23,76.0,52.0,52.0,24.0
7111,7111,50,9,10,1,0,23,135.0,84.0,84.0,51.0
7112,7112,50,9,20,1,0,23,50.0,33.0,33.0,17.0
7113,7113,50,9,30,1,0,23,42.0,22.0,22.0,20.0
7114,7114,50,9,40,1,0,23,62.0,31.0,31.0,31.0
7115,7115,50,9,50,1,0,23,50.0,41.0,41.0,9.0
7116,7116,50,10,0,1,0,23,33.0,13.0,13.0,20.0
7117,7117,50,10,10,1,0,23,127.0,90.0,90.0,37.0
7118,7118,50,10,20,1,0,23,31.0,19.0,19.0,12.0
7119,7119,50,10,30,1,0,23,40.0,29.0,29.0,11.0
7120,7120,50,10,40,1,0,23,52.0,33.0,33.0,19.0
7121,7121,50,10,50,1,0,23,22.0,3.0,3.0,19.0
7122,7122,50,11,0,1,0,23,38.0,19.0,19.0,19.0
7123,7123,50,11,10,1,0,23,54.0,32.0,32.0,22.0
7124,7124,50,11,20,1,0,23,37.0,14.0,14.0,23.0
7125,7125,50,11,30,1,0,23,28.0,13.0,13.0,15.0
7126,7126,50,11,40,1,0,23,42.0,23.0,23.0,19.0
7127,7127,50,11,50,1,0,23,31.0,3.0,3.0,28.0
7128,7128,50,12,0,1,0,23,60.0,16.0,16.0,44.0
7129,7129,50,12,10,1,0,23,96.0,20.0,20.0,76.0
7130,7130,50,12,20,1,0,23,29.0,13.0,13.0,16.0
7131,7131,50,12,30,1,0,23,41.0,21.0,21.0,20.0
7132,7132,50,12,40,1,0,23,19.0,3.0,3.0,16.0
7133,7133,50,12,50,1,0,23,28.0,15.0,15.0,13.0
7134,7134,50,13,0,1,0,23,36.0,24.0,24.0,12.0
7135,7135,50,13,10,1,0,23,74.0,27.0,27.0,47.0
7136,7136,50,13,20,1,0,23,53.0,31.0,31.0,22.0
7137,7137,50,13,30,1,0,23,38.0,25.0,25.0,13.0
7138,7138,50,13,40,1,0,23,23.0,7.0,7.0,16.0
7139,7139,50,13,50,1,0,23,58.0,29.0,29.0,29.0
7140,7140,50,14,0,1,0,23,38.0,12.0,12.0,26.0
7141,7141,50,14,10,1,0,23,46.0,23.0,23.0,23.0
7142,7142,50,14,20,1,0,23,36.0,22.0,22.0,14.0
7143,7143,50,14,30,1,0,23,32.0,11.0,11.0,21.0
7144,7144,50,14,40,1,0,23,28.0,4.0,4.0,24.0
7145,7145,50,14,50,1,0,23,36.0,22.0,22.0,14.0
7146,7146,50,15,0,1,0,23,39.0,20.0,20.0,19.0
7147,7147,50,15,10,1,0,23,75.0,16.0,16.0,59.0
7148,7148,50,15,20,1,0,23,40.0,24.0,24.0,16.0
7149,7149,50,15,30,1,0,23,54.0,25.0,25.0,29.0
7150,7150,50,15,40,1,0,23,33.0,8.0,8.0,25.0
7151,7151,50,15,50,1,0,23,62.0,25.0,25.0,37.0
7152,7152,50,16,0,1,0,23,59.0,16.0,16.0,43.0
7153,7153,50,16,10,1,0,23,100.0,23.0,23.0,77.0
7154,7154,50,16,20,1,0,23,81.0,25.0,25.0,56.0
7155,7155,50,16,30,1,0,23,91.0,26.0,26.0,65.0
7156,7156,50,16,40,1,0,23,98.0,9.0,9.0,89.0
7157,7157,50,16,50,1,0,23,89.0,28.0,28.0,61.0
7158,7158,50,17,0,1,0,23,103.0,19.0,19.0,84.0
7159,7159,50,17,10,1,0,23,199.0,50.0,50.0,149.0
7160,7160,50,17,20,1,0,23,111.0,35.0,35.0,76.0
7161,7161,50,17,30,1,0,23,106.0,33.0,33.0,73.0
7162,7162,50,17,40,1,0,23,104.0,38.0,38.0,66.0
7163,7163,50,17,50,1,0,23,79.0,32.0,32.0,47.0
7164,7164,50,18,0,1,0,23,112.0,41.0,41.0,71.0
7165,7165,50,18,10,1,0,23,87.0,40.0,40.0,47.0
7166,7166,50,18,20,1,0,23,98.0,72.0,72.0,26.0
7167,7167,50,18,30,1,0,23,80.0,42.0,42.0,38.0
7168,7168,50,18,40,1,0,23,84.0,57.0,57.0,27.0
7169,7169,50,18,50,1,0,23,108.0,85.0,85.0,23.0
7170,7170,50,19,0,1,0,23,87.0,64.0,64.0,23.0
7171,7171,50,19,10,1,0,23,66.0,40.0,40.0,26.0
7172,7172,50,19,20,1,0,23,57.0,50.0,50.0,7.0
7173,7173,50,19,30,1,0,23,58.0,46.0,46.0,12.0
7174,7174,50,19,40,1,0,23,116.0,92.0,92.0,24.0
7175,7175,50,19,50,1,0,23,45.0,42.0,42.0,3.0
7176,7176,50,20,0,1,0,23,54.0,45.0,45.0,9.0
7177,7177,50,20,10,1,0,23,54.0,27.0,27.0,27.0
7178,7178,50,20,20,1,0,23,57.0,44.0,44.0,13.0
7179,7179,50,20,30,1,0,23,57.0,45.0,45.0,12.0
7180,7180,50,20,40,1,0,23,39.0,28.0,28.0,11.0
7181,7181,50,20,50,1,0,23,55.0,47.0,47.0,8.0
7182,7182,50,21,0,1,0,23,41.0,35.0,35.0,6.0
7183,7183,50,21,10,1,0,23,39.0,27.0,27.0,12.0
7184,7184,50,21,20,1,0,23,25.0,14.0,14.0,11.0
7185,7185,50,21,30,1,0,23,51.0,36.0,36.0,15.0
7186,7186,50,21,40,1,0,23,33.0,33.0,33.0,0.0
7187,7187,50,21,50,1,0,23,25.0,22.0,22.0,3.0
7188,7188,50,22,0,1,0,23,15.0,13.0,13.0,2.0
7189,7189,50,22,10,1,0,23,32.0,29.0,29.0,3.0
7190,7190,50,22,20,1,0,23,32.0,32.0,32.0,0.0
7191,7191,50,22,30,1,0,23,0.0,0.0,0.0,0.0
7192,7192,50,22,40,1,0,23,22.0,22.0,22.0,0.0
7193,7193,50,22,50,1,0,23,17.0,17.0,17.0,0.0
7230,7230,51,5,0,1,0,23,0.0,0.0,0.0,0.0
7231,7231,51,5,10,1,0,23,0.0,0.0,0.0,0.0
7232,7232,51,5,20,1,0,23,2.0,0.0,0.0,2.0
7233,7233,51,5,30,1,0,23,4.0,0.0,0.0,4.0
7234,7234,51,5,40,1,0,23,20.0,1.0,1.0,19.0
7235,7235,51,5,50,1,0,23,11.0,0.0,0.0,11.0
7236,7236,51,6,0,1,0,23,14.0,2.0,2.0,12.0
7237,7237,51,6,10,1,0,23,18.0,0.0,0.0,18.0
7238,7238,51,6,20,1,0,23,12.0,2.0,2.0,10.0
7239,7239,51,6,30,1,0,23,25.0,4.0,4.0,21.0
7240,7240,51,6,40,1,0,23,82.0,50.0,50.0,32.0
7241,7241,51,6,50,1,0,23,78.0,25.0,25.0,53.0
7242,7242,51,7,0,1,0,23,57.0,21.0,21.0,36.0
7243,7243,51,7,10,1,0,23,92.0,52.0,52.0,40.0
7244,7244,51,7,20,1,0,23,87.0,62.0,62.0,25.0
7245,7245,51,7,30,1,0,23,106.0,44.0,44.0,62.0
7246,7246,51,7,40,1,0,23,66.0,37.0,37.0,29.0
7247,7247,51,7,50,1,0,23,101.0,50.0,50.0,51.0
7248,7248,51,8,0,1,0,23,69.0,43.0,43.0,26.0
7249,7249,51,8,10,1,0,23,104.0,57.0,57.0,47.0
7250,7250,51,8,20,1,0,23,77.0,44.0,44.0,33.0
7251,7251,51,8,30,1,0,23,127.0,93.0,93.0,34.0
7252,7252,51,8,40,1,0,23,58.0,41.0,41.0,17.0
7253,7253,51,8,50,1,0,23,47.0,18.0,18.0,29.0
7254,7254,51,9,0,1,0,23,61.0,32.0,32.0,29.0
7255,7255,51,9,10,1,0,23,54.0,29.0,29.0,25.0
7256,7256,51,9,20,1,0,23,41.0,22.0,22.0,19.0
7257,7257,51,9,30,1,0,23,41.0,22.0,22.0,19.0
7258,7258,51,9,40,1,0,23,37.0,22.0,22.0,15.0
7259,7259,51,9,50,1,0,23,54.0,42.0,42.0,12.0
7260,7260,51,10,0,1,0,23,44.0,23.0,23.0,21.0
7261,7261,51,10,10,1,0,23,41.0,26.0,26.0,15.0
7262,7262,51,10,20,1,0,23,37.0,20.0,20.0,17.0
7263,7263,51,10,30,1,0,23,47.0,23.0,23.0,24.0
7264,7264,51,10,40,1,0,23,35.0,8.0,8.0,27.0
7265,7265,51,10,50,1,0,23,49.0,33.0,33.0,16.0
7266,7266,51,11,0,1,0,23,95.0,17.0,17.0,78.0
7267,7267,51,11,10,1,0,23,127.0,37.0,37.0,90.0
7268,7268,51,11,20,1,0,23,52.0,28.0,28.0,24.0
7269,7269,51,11,30,1,0,23,29.0,7.0,7.0,22.0
7270,7270,51,11,40,1,0,23,65.0,38.0,38.0,27.0
7271,7271,51,11,50,1,0,23,51.0,31.0,31.0,20.0
7272,7272,51,12,0,1,0,23,48.0,29.0,29.0,19.0
7273,7273,51,12,10,1,0,23,50.0,37.0,37.0,13.0
7274,7274,51,12,20,1,0,23,48.0,18.0,18.0,30.0
7275,7275,51,12,30,1,0,23,49.0,39.0,39.0,10.0
7276,7276,51,12,40,1,0,23,40.0,30.0,30.0,10.0
7277,7277,51,12,50,1,0,23,62.0,38.0,38.0,24.0
7278,7278,51,13,0,1,0,23,33.0,22.0,22.0,11.0
7279,7279,51,13,10,1,0,23,44.0,16.0,16.0,28.0
7280,7280,51,13,20,1,0,23,18.0,2.0,2.0,16.0
7281,7281,51,13,30,1,0,23,36.0,32.0,32.0,4.0
7282,7282,51,13,40,1,0,23,46.0,26.0,26.0,20.0
7283,7283,51,13,50,1,0,23,38.0,21.0,21.0,17.0
7284,7284,51,14,0,1,0,23,32.0,16.0,16.0,16.0
7285,7285,51,14,10,1,0,23,63.0,22.0,22.0,41.0
7286,7286,51,14,20,1,0,23,22.0,5.0,5.0,17.0
7287,7287,51,14,30,1,0,23,40.0,18.0,18.0,22.0
7288,7288,51,14,40,1,0,23,25.0,17.0,17.0,8.0
7289,7289,51,14,50,1,0,23,89.0,16.0,16.0,73.0
7290,7290,51,15,0,1,0,23,29.0,21.0,21.0,8.0
7291,7291,51,15,10,1,0,23,72.0,22.0,22.0,50.0
7292,7292,51,15,20,1,0,23,54.0,12.0,12.0,42.0
7293,7293,51,15,30,1,0,23,27.0,16.0,16.0,11.0
7294,7294,51,15,40,1,0,23,30.0,21.0,21.0,9.0
7295,7295,51,15,50,1,0,23,74.0,32.0,32.0,42.0
7296,7296,51,16,0,1,0,23,59.0,18.0,18.0,41.0
7297,7297,51,16,10,1,0,23,36.0,19.0,19.0,17.0
7298,7298,51,16,20,1,0,23,43.0,7.0,7.0,36.0
7299,7299,51,16,30,1,0,23,35.0,16.0,16.0,19.0
7300,7300,51,16,40,1,0,23,54.0,13.0,13.0,41.0
7301,7301,51,16,50,1,0,23,47.0,26.0,26.0,21.0
7302,7302,51,17,0,1,0,23,110.0,30.0,30.0,80.0
7303,7303,51,17,10,1,0,23,100.0,34.0,34.0,66.0
7304,7304,51,17,20,1,0,23,73.0,19.0,19.0,54.0
7305,7305,51,17,30,1,0,23,63.0,47.0,47.0,16.0
7306,7306,51,17,40,1,0,23,84.0,62.0,62.0,22.0
7307,7307,51,17,50,1,0,23,59.0,23.0,23.0,36.0
7308,7308,51,18,0,1,0,23,33.0,17.0,17.0,16.0
7309,7309,51,18,10,1,0,23,64.0,44.0,44.0,20.0
7310,7310,51,18,20,1,0,23,86.0,47.0,47.0,39.0
7311,7311,51,18,30,1,0,23,44.0,36.0,36.0,8.0
7312,7312,51,18,40,1,0,23,33.0,25.0,25.0,8.0
7313,7313,51,18,50,1,0,23,34.0,23.0,23.0,11.0
7314,7314,51,19,0,1,0,23,85.0,53.0,53.0,32.0
7315,7315,51,19,10,1,0,23,44.0,27.0,27.0,17.0
7316,7316,51,19,20,1,0,23,47.0,18.0,18.0,29.0
7317,7317,51,19,30,1,0,23,31.0,21.0,21.0,10.0
7318,7318,51,19,40,1,0,23,33.0,27.0,27.0,6.0
7319,7319,51,19,50,1,0,23,22.0,9.0,9.0,13.0
7320,7320,51,20,0,1,0,23,46.0,9.0,9.0,37.0
7321,7321,51,20,10,1,0,23,27.0,11.0,11.0,16.0
7322,7322,51,20,20,1,0,23,31.0,10.0,10.0,21.0
7323,7323,51,20,30,1,0,23,14.0,11.0,11.0,3.0
7324,7324,51,20,40,1,0,23,14.0,11.0,11.0,3.0
7325,7325,51,20,50,1,0,23,10.0,8.0,8.0,2.0
7326,7326,51,21,0,1,0,23,53.0,2.0,2.0,51.0
7327,7327,51,21,10,1,0,23,19.0,9.0,9.0,10.0
7328,7328,51,21,20,1,0,23,63.0,15.0,15.0,48.0
7329,7329,51,21,30,1,0,23,14.0,11.0,11.0,3.0
7330,7330,51,21,40,1,0,23,1.0,1.0,1.0,0.0
7331,7331,51,21,50,1,0,23,11.0,11.0,11.0,0.0
7332,7332,51,22,0,1,0,23,17.0,17.0,17.0,0.0
7333,7333,51,22,10,1,0,23,8.0,8.0,8.0,0.0
7334,7334,51,22,20,1,0,23,4.0,4.0,4.0,0.0
7335,7335,51,22,30,1,0,23,9.0,9.0,9.0,0.0
7336,7336,51,22,40,1,0,23,2.0,2.0,2.0,0.0
7337,7337,51,22,50,1,0,23,2.0,2.0,2.0,0.0
7374,7374,52,5,0,1,0,23,0.0,0.0,0.0,0.0
7375,7375,52,5,10,1,0,23,0.0,0.0,0.0,0.0
7376,7376,52,5,20,1,0,23,0.0,0.0,0.0,0.0
7377,7377,52,5,30,1,0,23,0.0,0.0,0.0,0.0
7378,7378,52,5,40,1,0,23,10.0,0.0,0.0,10.0
7379,7379,52,5,50,1,0,23,18.0,0.0,0.0,18.0
7380,7380,52,6,0,1,0,23,57.0,0.0,0.0,57.0
7381,7381,52,6,10,1,0,23,70.0,10.0,10.0,60.0
7382,7382,52,6,20,1,0,23,128.0,14.0,14.0,114.0
7383,7383,52,6,30,1,0,23,174.0,34.0,34.0,140.0
7384,7384,52,6,40,1,0,23,206.0,21.0,21.0,185.0
7385,7385,52,6,50,1,0,23,287.0,33.0,33.0,254.0
7386,7386,52,7,0,1,0,23,386.0,60.0,60.0,326.0
7387,7387,52,7,10,1,0,23,442.0,44.0,44.0,398.0
7388,7388,52,7,20,1,0,23,610.0,62.0,62.0,548.0
7389,7389,52,7,30,1,0,23,680.0,80.0,80.0,600.0
7390,7390,52,7,40,1,0,23,836.0,95.0,95.0,741.0
7391,7391,52,7,50,1,0,23,856.0,80.0,80.0,776.0
7392,7392,52,8,0,1,0,23,794.0,86.0,86.0,708.0
7393,7393,52,8,10,1,0,23,866.0,144.0,144.0,722.0
7394,7394,52,8,20,1,0,23,656.0,76.0,76.0,580.0
7395,7395,52,8,30,1,0,23,592.0,159.0,159.0,433.0
7396,7396,52,8,40,1,0,23,680.0,166.0,166.0,514.0
7397,7397,52,8,50,1,0,23,483.0,96.0,96.0,387.0
7398,7398,52,9,0,1,0,23,379.0,77.0,77.0,302.0
7399,7399,52,9,10,1,0,23,414.0,85.0,85.0,329.0
7400,7400,52,9,20,1,0,23,285.0,64.0,64.0,221.0
7401,7401,52,9,30,1,0,23,241.0,62.0,62.0,179.0
7402,7402,52,9,40,1,0,23,187.0,56.0,56.0,131.0
7403,7403,52,9,50,1,0,23,199.0,52.0,52.0,147.0
7404,7404,52,10,0,1,0,23,178.0,42.0,42.0,136.0
7405,7405,52,10,10,1,0,23,166.0,64.0,64.0,102.0
7406,7406,52,10,20,1,0,23,130.0,58.0,58.0,72.0
7407,7407,52,10,30,1,0,23,145.0,50.0,50.0,95.0
7408,7408,52,10,40,1,0,23,154.0,68.0,68.0,86.0
7409,7409,52,10,50,1,0,23,109.0,41.0,41.0,68.0
7410,7410,52,11,0,1,0,23,111.0,40.0,40.0,71.0
7411,7411,52,11,10,1,0,23,110.0,44.0,44.0,66.0
7412,7412,52,11,20,1,0,23,115.0,39.0,39.0,76.0
7413,7413,52,11,30,1,0,23,120.0,54.0,54.0,66.0
7414,7414,52,11,40,1,0,23,146.0,69.0,69.0,77.0
7415,7415,52,11,50,1,0,23,110.0,42.0,42.0,68.0
7416,7416,52,12,0,1,0,23,112.0,42.0,42.0,70.0
7417,7417,52,12,10,1,0,23,124.0,50.0,50.0,74.0
7418,7418,52,12,20,1,0,23,113.0,45.0,45.0,68.0
7419,7419,52,12,30,1,0,23,114.0,55.0,55.0,59.0
7420,7420,52,12,40,1,0,23,154.0,79.0,79.0,75.0
7421,7421,52,12,50,1,0,23,101.0,47.0,47.0,54.0
7422,7422,52,13,0,1,0,23,140.0,74.0,74.0,66.0
7423,7423,52,13,10,1,0,23,141.0,77.0,77.0,64.0
7424,7424,52,13,20,1,0,23,82.0,34.0,34.0,48.0
7425,7425,52,13,30,1,0,23,120.0,57.0,57.0,63.0
7426,7426,52,13,40,1,0,23,124.0,66.0,66.0,58.0
7427,7427,52,13,50,1,0,23,113.0,65.0,65.0,48.0
7428,7428,52,14,0,1,0,23,128.0,67.0,67.0,61.0
7429,7429,52,14,10,1,0,23,114.0,66.0,66.0,48.0
7430,7430,52,14,20,1,0,23,114.0,59.0,59.0,55.0
7431,7431,52,14,30,1,0,23,123.0,81.0,81.0,42.0
7432,7432,52,14,40,1,0,23,137.0,77.0,77.0,60.0
7433,7433,52,14,50,1,0,23,109.0,65.0,65.0,44.0
7434,7434,52,15,0,1,0,23,161.0,109.0,109.0,52.0
7435,7435,52,15,10,1,0,23,148.0,94.0,94.0,54.0
7436,7436,52,15,20,1,0,23,130.0,52.0,52.0,78.0
7437,7437,52,15,30,1,0,23,156.0,97.0,97.0,59.0
7438,7438,52,15,40,1,0,23,184.0,129.0,129.0,55.0
7439,7439,52,15,50,1,0,23,136.0,85.0,85.0,51.0
7440,7440,52,16,0,1,0,23,167.0,119.0,119.0,48.0
7441,7441,52,16,10,1,0,23,195.0,120.0,120.0,75.0
7442,7442,52,16,20,1,0,23,141.0,97.0,97.0,44.0
7443,7443,52,16,30,1,0,23,237.0,167.0,167.0,70.0
7444,7444,52,16,40,1,0,23,267.0,185.0,185.0,82.0
7445,7445,52,16,50,1,0,23,219.0,140.0,140.0,79.0
7446,7446,52,17,0,1,0,23,311.0,202.0,202.0,109.0
7447,7447,52,17,10,1,0,23,385.0,251.0,251.0,134.0
7448,7448,52,17,20,1,0,23,442.0,332.0,332.0,110.0
7449,7449,52,17,30,1,0,23,330.0,229.0,229.0,101.0
7450,7450,52,17,40,1,0,23,569.0,440.0,440.0,129.0
7451,7451,52,17,50,1,0,23,421.0,348.0,348.0,73.0
7452,7452,52,18,0,1,0,23,581.0,486.0,486.0,95.0
7453,7453,52,18,10,1,0,23,485.0,367.0,367.0,118.0
7454,7454,52,18,20,1,0,23,616.0,523.0,523.0,93.0
7455,7455,52,18,30,1,0,23,506.0,411.0,411.0,95.0
7456,7456,52,18,40,1,0,23,580.0,502.0,502.0,78.0
7457,7457,52,18,50,1,0,23,415.0,366.0,366.0,49.0
7458,7458,52,19,0,1,0,23,486.0,443.0,443.0,43.0
7459,7459,52,19,10,1,0,23,284.0,223.0,223.0,61.0
7460,7460,52,19,20,1,0,23,336.0,277.0,277.0,59.0
7461,7461,52,19,30,1,0,23,230.0,171.0,171.0,59.0
7462,7462,52,19,40,1,0,23,265.0,226.0,226.0,39.0
7463,7463,52,19,50,1,0,23,122.0,83.0,83.0,39.0
7464,7464,52,20,0,1,0,23,233.0,195.0,195.0,38.0
7465,7465,52,20,10,1,0,23,206.0,158.0,158.0,48.0
7466,7466,52,20,20,1,0,23,92.0,71.0,71.0,21.0
7467,7467,52,20,30,1,0,23,183.0,155.0,155.0,28.0
7468,7468,52,20,40,1,0,23,180.0,142.0,142.0,38.0
7469,7469,52,20,50,1,0,23,153.0,123.0,123.0,30.0
7470,7470,52,21,0,1,0,23,187.0,162.0,162.0,25.0
7471,7471,52,21,10,1,0,23,150.0,114.0,114.0,36.0
7472,7472,52,21,20,1,0,23,89.0,76.0,76.0,13.0
7473,7473,52,21,30,1,0,23,204.0,182.0,182.0,22.0
7474,7474,52,21,40,1,0,23,138.0,119.0,119.0,19.0
7475,7475,52,21,50,1,0,23,166.0,150.0,150.0,16.0
7476,7476,52,22,0,1,0,23,136.0,120.0,120.0,16.0
7477,7477,52,22,10,1,0,23,119.0,100.0,100.0,19.0
7478,7478,52,22,20,1,0,23,142.0,127.0,127.0,15.0
7479,7479,52,22,30,1,0,23,96.0,91.0,91.0,5.0
7480,7480,52,22,40,1,0,23,83.0,79.0,79.0,4.0
7481,7481,52,22,50,1,0,23,44.0,44.0,44.0,0.0
7518,7518,53,5,0,1,0,23,0.0,0.0,0.0,0.0
7519,7519,53,5,10,1,0,23,0.0,0.0,0.0,0.0
7520,7520,53,5,20,1,0,23,0.0,0.0,0.0,0.0
7521,7521,53,5,30,1,0,23,0.0,0.0,0.0,0.0
7522,7522,53,5,40,1,0,23,10.0,0.0,0.0,10.0
7523,7523,53,5,50,1,0,23,9.0,1.0,1.0,8.0
7524,7524,53,6,0,1,0,23,11.0,1.0,1.0,10.0
7525,7525,53,6,10,1,0,23,14.0,6.0,6.0,8.0
7526,7526,53,6,20,1,0,23,35.0,5.0,5.0,30.0
7527,7527,53,6,30,1,0,23,80.0,57.0,57.0,23.0
7528,7528,53,6,40,1,0,23,93.0,43.0,43.0,50.0
7529,7529,53,6,50,1,0,23,124.0,65.0,65.0,59.0
7530,7530,53,7,0,1,0,23,126.0,57.0,57.0,69.0
7531,7531,53,7,10,1,0,23,201.0,98.0,98.0,103.0
7532,7532,53,7,20,1,0,23,195.0,104.0,104.0,91.0
7533,7533,53,7,30,1,0,23,221.0,97.0,97.0,124.0
7534,7534,53,7,40,1,0,23,306.0,147.0,147.0,159.0
7535,7535,53,7,50,1,0,23,333.0,163.0,163.0,170.0
7536,7536,53,8,0,1,0,23,358.0,194.0,194.0,164.0
7537,7537,53,8,10,1,0,23,564.0,373.0,373.0,191.0
7538,7538,53,8,20,1,0,23,510.0,330.0,330.0,180.0
7539,7539,53,8,30,1,0,23,563.0,392.0,392.0,171.0
7540,7540,53,8,40,1,0,23,560.0,399.0,399.0,161.0
7541,7541,53,8,50,1,0,23,458.0,347.0,347.0,111.0
7542,7542,53,9,0,1,0,23,391.0,270.0,270.0,121.0
7543,7543,53,9,10,1,0,23,353.0,249.0,249.0,104.0
7544,7544,53,9,20,1,0,23,286.0,190.0,190.0,96.0
7545,7545,53,9,30,1,0,23,208.0,128.0,128.0,80.0
7546,7546,53,9,40,1,0,23,200.0,133.0,133.0,67.0
7547,7547,53,9,50,1,0,23,145.0,94.0,94.0,51.0
7548,7548,53,10,0,1,0,23,104.0,67.0,67.0,37.0
7549,7549,53,10,10,1,0,23,115.0,58.0,58.0,57.0
7550,7550,53,10,20,1,0,23,72.0,36.0,36.0,36.0
7551,7551,53,10,30,1,0,23,84.0,47.0,47.0,37.0
7552,7552,53,10,40,1,0,23,70.0,38.0,38.0,32.0
7553,7553,53,10,50,1,0,23,70.0,35.0,35.0,35.0
7554,7554,53,11,0,1,0,23,70.0,45.0,45.0,25.0
7555,7555,53,11,10,1,0,23,71.0,29.0,29.0,42.0
7556,7556,53,11,20,1,0,23,75.0,40.0,40.0,35.0
7557,7557,53,11,30,1,0,23,79.0,51.0,51.0,28.0
7558,7558,53,11,40,1,0,23,79.0,38.0,38.0,41.0
7559,7559,53,11,50,1,0,23,86.0,40.0,40.0,46.0
7560,7560,53,12,0,1,0,23,74.0,38.0,38.0,36.0
7561,7561,53,12,10,1,0,23,101.0,47.0,47.0,54.0
7562,7562,53,12,20,1,0,23,73.0,45.0,45.0,28.0
7563,7563,53,12,30,1,0,23,106.0,48.0,48.0,58.0
7564,7564,53,12,40,1,0,23,86.0,42.0,42.0,44.0
7565,7565,53,12,50,1,0,23,82.0,36.0,36.0,46.0
7566,7566,53,13,0,1,0,23,65.0,34.0,34.0,31.0
7567,7567,53,13,10,1,0,23,110.0,61.0,61.0,49.0
7568,7568,53,13,20,1,0,23,88.0,49.0,49.0,39.0
7569,7569,53,13,30,1,0,23,86.0,53.0,53.0,33.0
7570,7570,53,13,40,1,0,23,104.0,54.0,54.0,50.0
7571,7571,53,13,50,1,0,23,77.0,30.0,30.0,47.0
7572,7572,53,14,0,1,0,23,75.0,44.0,44.0,31.0
7573,7573,53,14,10,1,0,23,77.0,41.0,41.0,36.0
7574,7574,53,14,20,1,0,23,72.0,32.0,32.0,40.0
7575,7575,53,14,30,1,0,23,108.0,57.0,57.0,51.0
7576,7576,53,14,40,1,0,23,115.0,40.0,40.0,75.0
7577,7577,53,14,50,1,0,23,96.0,38.0,38.0,58.0
7578,7578,53,15,0,1,0,23,92.0,39.0,39.0,53.0
7579,7579,53,15,10,1,0,23,95.0,41.0,41.0,54.0
7580,7580,53,15,20,1,0,23,98.0,38.0,38.0,60.0
7581,7581,53,15,30,1,0,23,104.0,49.0,49.0,55.0
7582,7582,53,15,40,1,0,23,100.0,51.0,51.0,49.0
7583,7583,53,15,50,1,0,23,105.0,38.0,38.0,67.0
7584,7584,53,16,0,1,0,23,102.0,49.0,49.0,53.0
7585,7585,53,16,10,1,0,23,135.0,77.0,77.0,58.0
7586,7586,53,16,20,1,0,23,111.0,62.0,62.0,49.0
7587,7587,53,16,30,1,0,23,152.0,64.0,64.0,88.0
7588,7588,53,16,40,1,0,23,150.0,59.0,59.0,91.0
7589,7589,53,16,50,1,0,23,146.0,53.0,53.0,93.0
7590,7590,53,17,0,1,0,23,210.0,83.0,83.0,127.0
7591,7591,53,17,10,1,0,23,290.0,100.0,100.0,190.0
7592,7592,53,17,20,1,0,23,268.0,84.0,84.0,184.0
7593,7593,53,17,30,1,0,23,295.0,139.0,139.0,156.0
7594,7594,53,17,40,1,0,23,391.0,109.0,109.0,282.0
7595,7595,53,17,50,1,0,23,359.0,137.0,137.0,222.0
7596,7596,53,18,0,1,0,23,306.0,98.0,98.0,208.0
7597,7597,53,18,10,1,0,23,442.0,152.0,152.0,290.0
7598,7598,53,18,20,1,0,23,382.0,125.0,125.0,257.0
7599,7599,53,18,30,1,0,23,346.0,175.0,175.0,171.0
7600,7600,53,18,40,1,0,23,290.0,119.0,119.0,171.0
7601,7601,53,18,50,1,0,23,249.0,116.0,116.0,133.0
7602,7602,53,19,0,1,0,23,231.0,87.0,87.0,144.0
7603,7603,53,19,10,1,0,23,188.0,80.0,80.0,108.0
7604,7604,53,19,20,1,0,23,155.0,61.0,61.0,94.0
7605,7605,53,19,30,1,0,23,165.0,81.0,81.0,84.0
7606,7606,53,19,40,1,0,23,126.0,53.0,53.0,73.0
7607,7607,53,19,50,1,0,23,128.0,65.0,65.0,63.0
7608,7608,53,20,0,1,0,23,119.0,46.0,46.0,73.0
7609,7609,53,20,10,1,0,23,114.0,46.0,46.0,68.0
7610,7610,53,20,20,1,0,23,98.0,37.0,37.0,61.0
7611,7611,53,20,30,1,0,23,86.0,25.0,25.0,61.0
7612,7612,53,20,40,1,0,23,119.0,42.0,42.0,77.0
7613,7613,53,20,50,1,0,23,71.0,29.0,29.0,42.0
7614,7614,53,21,0,1,0,23,99.0,28.0,28.0,71.0
7615,7615,53,21,10,1,0,23,109.0,30.0,30.0,79.0
7616,7616,53,21,20,1,0,23,96.0,54.0,54.0,42.0
7617,7617,53,21,30,1,0,23,84.0,51.0,51.0,33.0
7618,7618,53,21,40,1,0,23,83.0,27.0,27.0,56.0
7619,7619,53,21,50,1,0,23,91.0,41.0,41.0,50.0
7620,7620,53,22,0,1,0,23,72.0,27.0,27.0,45.0
7621,7621,53,22,10,1,0,23,66.0,38.0,38.0,28.0
7622,7622,53,22,20,1,0,23,61.0,31.0,31.0,30.0
7623,7623,53,22,30,1,0,23,44.0,26.0,26.0,18.0
7624,7624,53,22,40,1,0,23,17.0,8.0,8.0,9.0
7625,7625,53,22,50,1,0,23,5.0,3.0,3.0,2.0
7662,7662,54,5,0,1,0,23,1.0,0.0,0.0,1.0
7663,7663,54,5,10,1,0,23,1.0,0.0,0.0,1.0
7664,7664,54,5,20,1,0,23,0.0,0.0,0.0,0.0
7665,7665,54,5,30,1,0,23,0.0,0.0,0.0,0.0
7666,7666,54,5,40,1,0,23,41.0,2.0,2.0,39.0
7667,7667,54,5,50,1,0,23,108.0,2.0,2.0,106.0
7668,7668,54,6,0,1,0,23,140.0,4.0,4.0,136.0
7669,7669,54,6,10,1,0,23,163.0,4.0,4.0,159.0
7670,7670,54,6,20,1,0,23,196.0,20.0,20.0,176.0
7671,7671,54,6,30,1,0,23,258.0,14.0,14.0,244.0
7672,7672,54,6,40,1,0,23,302.0,28.0,28.0,274.0
7673,7673,54,6,50,1,0,23,367.0,56.0,56.0,311.0
7674,7674,54,7,0,1,0,23,519.0,97.0,97.0,422.0
7675,7675,54,7,10,1,0,23,527.0,69.0,69.0,458.0
7676,7676,54,7,20,1,0,23,613.0,110.0,110.0,503.0
7677,7677,54,7,30,1,0,23,801.0,118.0,118.0,683.0
7678,7678,54,7,40,1,0,23,936.0,105.0,105.0,831.0
7679,7679,54,7,50,1,0,23,1064.0,110.0,110.0,954.0
7680,7680,54,8,0,1,0,23,935.0,144.0,144.0,791.0
7681,7681,54,8,10,1,0,23,837.0,82.0,82.0,755.0
7682,7682,54,8,20,1,0,23,826.0,127.0,127.0,699.0
7683,7683,54,8,30,1,0,23,666.0,73.0,73.0,593.0
7684,7684,54,8,40,1,0,23,633.0,125.0,125.0,508.0
7685,7685,54,8,50,1,0,23,454.0,74.0,74.0,380.0
7686,7686,54,9,0,1,0,23,382.0,64.0,64.0,318.0
7687,7687,54,9,10,1,0,23,277.0,51.0,51.0,226.0
7688,7688,54,9,20,1,0,23,259.0,68.0,68.0,191.0
7689,7689,54,9,30,1,0,23,252.0,77.0,77.0,175.0
7690,7690,54,9,40,1,0,23,211.0,65.0,65.0,146.0
7691,7691,54,9,50,1,0,23,185.0,64.0,64.0,121.0
7692,7692,54,10,0,1,0,23,183.0,62.0,62.0,121.0
7693,7693,54,10,10,1,0,23,177.0,62.0,62.0,115.0
7694,7694,54,10,20,1,0,23,143.0,70.0,70.0,73.0
7695,7695,54,10,30,1,0,23,146.0,47.0,47.0,99.0
7696,7696,54,10,40,1,0,23,155.0,87.0,87.0,68.0
7697,7697,54,10,50,1,0,23,145.0,55.0,55.0,90.0
7698,7698,54,11,0,1,0,23,110.0,40.0,40.0,70.0
7699,7699,54,11,10,1,0,23,135.0,60.0,60.0,75.0
7700,7700,54,11,20,1,0,23,121.0,54.0,54.0,67.0
7701,7701,54,11,30,1,0,23,135.0,50.0,50.0,85.0
7702,7702,54,11,40,1,0,23,156.0,59.0,59.0,97.0
7703,7703,54,11,50,1,0,23,142.0,54.0,54.0,88.0
7704,7704,54,12,0,1,0,23,138.0,41.0,41.0,97.0
7705,7705,54,12,10,1,0,23,154.0,62.0,62.0,92.0
7706,7706,54,12,20,1,0,23,179.0,75.0,75.0,104.0
7707,7707,54,12,30,1,0,23,125.0,39.0,39.0,86.0
7708,7708,54,12,40,1,0,23,170.0,82.0,82.0,88.0
7709,7709,54,12,50,1,0,23,132.0,53.0,53.0,79.0
7710,7710,54,13,0,1,0,23,164.0,74.0,74.0,90.0
7711,7711,54,13,10,1,0,23,172.0,84.0,84.0,88.0
7712,7712,54,13,20,1,0,23,134.0,60.0,60.0,74.0
7713,7713,54,13,30,1,0,23,121.0,57.0,57.0,64.0
7714,7714,54,13,40,1,0,23,152.0,79.0,79.0,73.0
7715,7715,54,13,50,1,0,23,124.0,57.0,57.0,67.0
7716,7716,54,14,0,1,0,23,144.0,62.0,62.0,82.0
7717,7717,54,14,10,1,0,23,172.0,97.0,97.0,75.0
7718,7718,54,14,20,1,0,23,135.0,78.0,78.0,57.0
7719,7719,54,14,30,1,0,23,121.0,54.0,54.0,67.0
7720,7720,54,14,40,1,0,23,201.0,102.0,102.0,99.0
7721,7721,54,14,50,1,0,23,140.0,91.0,91.0,49.0
7722,7722,54,15,0,1,0,23,126.0,55.0,55.0,71.0
7723,7723,54,15,10,1,0,23,204.0,121.0,121.0,83.0
7724,7724,54,15,20,1,0,23,183.0,127.0,127.0,56.0
7725,7725,54,15,30,1,0,23,166.0,98.0,98.0,68.0
7726,7726,54,15,40,1,0,23,213.0,168.0,168.0,45.0
7727,7727,54,15,50,1,0,23,182.0,124.0,124.0,58.0
7728,7728,54,16,0,1,0,23,187.0,112.0,112.0,75.0
7729,7729,54,16,10,1,0,23,241.0,133.0,133.0,108.0
7730,7730,54,16,20,1,0,23,211.0,148.0,148.0,63.0
7731,7731,54,16,30,1,0,23,227.0,123.0,123.0,104.0
7732,7732,54,16,40,1,0,23,285.0,185.0,185.0,100.0
7733,7733,54,16,50,1,0,23,254.0,177.0,177.0,77.0
7734,7734,54,17,0,1,0,23,288.0,180.0,180.0,108.0
7735,7735,54,17,10,1,0,23,373.0,254.0,254.0,119.0
7736,7736,54,17,20,1,0,23,388.0,273.0,273.0,115.0
7737,7737,54,17,30,1,0,23,408.0,314.0,314.0,94.0
7738,7738,54,17,40,1,0,23,418.0,310.0,310.0,108.0
7739,7739,54,17,50,1,0,23,572.0,453.0,453.0,119.0
7740,7740,54,18,0,1,0,23,477.0,368.0,368.0,109.0
7741,7741,54,18,10,1,0,23,672.0,558.0,558.0,114.0
7742,7742,54,18,20,1,0,23,548.0,457.0,457.0,91.0
7743,7743,54,18,30,1,0,23,600.0,535.0,535.0,65.0
7744,7744,54,18,40,1,0,23,510.0,438.0,438.0,72.0
7745,7745,54,18,50,1,0,23,679.0,613.0,613.0,66.0
7746,7746,54,19,0,1,0,23,486.0,428.0,428.0,58.0
7747,7747,54,19,10,1,0,23,478.0,416.0,416.0,62.0
7748,7748,54,19,20,1,0,23,294.0,253.0,253.0,41.0
7749,7749,54,19,30,1,0,23,361.0,317.0,317.0,44.0
7750,7750,54,19,40,1,0,23,245.0,196.0,196.0,49.0
7751,7751,54,19,50,1,0,23,250.0,213.0,213.0,37.0
7752,7752,54,20,0,1,0,23,173.0,125.0,125.0,48.0
7753,7753,54,20,10,1,0,23,271.0,232.0,232.0,39.0
7754,7754,54,20,20,1,0,23,242.0,200.0,200.0,42.0
7755,7755,54,20,30,1,0,23,127.0,102.0,102.0,25.0
7756,7756,54,20,40,1,0,23,194.0,164.0,164.0,30.0
7757,7757,54,20,50,1,0,23,210.0,179.0,179.0,31.0
7758,7758,54,21,0,1,0,23,195.0,145.0,145.0,50.0
7759,7759,54,21,10,1,0,23,225.0,190.0,190.0,35.0
7760,7760,54,21,20,1,0,23,200.0,176.0,176.0,24.0
7761,7761,54,21,30,1,0,23,122.0,98.0,98.0,24.0
7762,7762,54,21,40,1,0,23,245.0,211.0,211.0,34.0
7763,7763,54,21,50,1,0,23,118.0,96.0,96.0,22.0
7764,7764,54,22,0,1,0,23,176.0,156.0,156.0,20.0
7765,7765,54,22,10,1,0,23,172.0,161.0,161.0,11.0
7766,7766,54,22,20,1,0,23,84.0,79.0,79.0,5.0
7767,7767,54,22,30,1,0,23,177.0,171.0,171.0,6.0
7768,7768,54,22,40,1,0,23,120.0,115.0,115.0,5.0
7769,7769,54,22,50,1,0,23,131.0,129.0,129.0,2.0
7806,7806,55,5,0,1,0,23,0.0,0.0,0.0,0.0
7807,7807,55,5,10,1,0,23,0.0,0.0,0.0,0.0
7808,7808,55,5,20,1,0,23,0.0,0.0,0.0,0.0
7809,7809,55,5,30,1,0,23,0.0,0.0,0.0,0.0
7810,7810,55,5,40,1,0,23,3.0,0.0,0.0,3.0
7811,7811,55,5,50,1,0,23,10.0,1.0,1.0,9.0
7812,7812,55,6,0,1,0,23,13.0,1.0,1.0,12.0
7813,7813,55,6,10,1,0,23,17.0,7.0,7.0,10.0
7814,7814,55,6,20,1,0,23,18.0,7.0,7.0,11.0
7815,7815,55,6,30,1,0,23,40.0,18.0,18.0,22.0
7816,7816,55,6,40,1,0,23,27.0,4.0,4.0,23.0
7817,7817,55,6,50,1,0,23,28.0,9.0,9.0,19.0
7818,7818,55,7,0,1,0,23,39.0,9.0,9.0,30.0
7819,7819,55,7,10,1,0,23,37.0,16.0,16.0,21.0
7820,7820,55,7,20,1,0,23,64.0,25.0,25.0,39.0
7821,7821,55,7,30,1,0,23,90.0,38.0,38.0,52.0
7822,7822,55,7,40,1,0,23,114.0,54.0,54.0,60.0
7823,7823,55,7,50,1,0,23,112.0,55.0,55.0,57.0
7824,7824,55,8,0,1,0,23,136.0,60.0,60.0,76.0
7825,7825,55,8,10,1,0,23,155.0,91.0,91.0,64.0
7826,7826,55,8,20,1,0,23,130.0,59.0,59.0,71.0
7827,7827,55,8,30,1,0,23,114.0,61.0,61.0,53.0
7828,7828,55,8,40,1,0,23,103.0,75.0,75.0,28.0
7829,7829,55,8,50,1,0,23,93.0,57.0,57.0,36.0
7830,7830,55,9,0,1,0,23,55.0,24.0,24.0,31.0
7831,7831,55,9,10,1,0,23,61.0,35.0,35.0,26.0
7832,7832,55,9,20,1,0,23,61.0,23.0,23.0,38.0
7833,7833,55,9,30,1,0,23,47.0,27.0,27.0,20.0
7834,7834,55,9,40,1,0,23,44.0,30.0,30.0,14.0
7835,7835,55,9,50,1,0,23,46.0,22.0,22.0,24.0
7836,7836,55,10,0,1,0,23,41.0,19.0,19.0,22.0
7837,7837,55,10,10,1,0,23,44.0,20.0,20.0,24.0
7838,7838,55,10,20,1,0,23,39.0,15.0,15.0,24.0
7839,7839,55,10,30,1,0,23,41.0,26.0,26.0,15.0
7840,7840,55,10,40,1,0,23,28.0,8.0,8.0,20.0
7841,7841,55,10,50,1,0,23,27.0,13.0,13.0,14.0
7842,7842,55,11,0,1,0,23,37.0,16.0,16.0,21.0
7843,7843,55,11,10,1,0,23,39.0,16.0,16.0,23.0
7844,7844,55,11,20,1,0,23,20.0,6.0,6.0,14.0
7845,7845,55,11,30,1,0,23,26.0,11.0,11.0,15.0
7846,7846,55,11,40,1,0,23,27.0,15.0,15.0,12.0
7847,7847,55,11,50,1,0,23,23.0,13.0,13.0,10.0
7848,7848,55,12,0,1,0,23,29.0,10.0,10.0,19.0
7849,7849,55,12,10,1,0,23,26.0,6.0,6.0,20.0
7850,7850,55,12,20,1,0,23,26.0,13.0,13.0,13.0
7851,7851,55,12,30,1,0,23,27.0,9.0,9.0,18.0
7852,7852,55,12,40,1,0,23,21.0,10.0,10.0,11.0
7853,7853,55,12,50,1,0,23,24.0,14.0,14.0,10.0
7854,7854,55,13,0,1,0,23,37.0,10.0,10.0,27.0
7855,7855,55,13,10,1,0,23,23.0,14.0,14.0,9.0
7856,7856,55,13,20,1,0,23,33.0,21.0,21.0,12.0
7857,7857,55,13,30,1,0,23,33.0,21.0,21.0,12.0
7858,7858,55,13,40,1,0,23,30.0,10.0,10.0,20.0
7859,7859,55,13,50,1,0,23,40.0,25.0,25.0,15.0
7860,7860,55,14,0,1,0,23,38.0,21.0,21.0,17.0
7861,7861,55,14,10,1,0,23,31.0,14.0,14.0,17.0
7862,7862,55,14,20,1,0,23,31.0,17.0,17.0,14.0
7863,7863,55,14,30,1,0,23,49.0,31.0,31.0,18.0
7864,7864,55,14,40,1,0,23,29.0,4.0,4.0,25.0
7865,7865,55,14,50,1,0,23,36.0,17.0,17.0,19.0
7866,7866,55,15,0,1,0,23,32.0,7.0,7.0,25.0
7867,7867,55,15,10,1,0,23,28.0,14.0,14.0,14.0
7868,7868,55,15,20,1,0,23,31.0,14.0,14.0,17.0
7869,7869,55,15,30,1,0,23,35.0,16.0,16.0,19.0
7870,7870,55,15,40,1,0,23,31.0,9.0,9.0,22.0
7871,7871,55,15,50,1,0,23,35.0,20.0,20.0,15.0
7872,7872,55,16,0,1,0,23,41.0,17.0,17.0,24.0
7873,7873,55,16,10,1,0,23,38.0,10.0,10.0,28.0
7874,7874,55,16,20,1,0,23,58.0,30.0,30.0,28.0
7875,7875,55,16,30,1,0,23,45.0,17.0,17.0,28.0
7876,7876,55,16,40,1,0,23,30.0,4.0,4.0,26.0
7877,7877,55,16,50,1,0,23,52.0,21.0,21.0,31.0
7878,7878,55,17,0,1,0,23,98.0,9.0,9.0,89.0
7879,7879,55,17,10,1,0,23,67.0,12.0,12.0,55.0
7880,7880,55,17,20,1,0,23,65.0,33.0,33.0,32.0
7881,7881,55,17,30,1,0,23,55.0,24.0,24.0,31.0
7882,7882,55,17,40,1,0,23,71.0,20.0,20.0,51.0
7883,7883,55,17,50,1,0,23,77.0,25.0,25.0,52.0
7884,7884,55,18,0,1,0,23,73.0,25.0,25.0,48.0
7885,7885,55,18,10,1,0,23,53.0,24.0,24.0,29.0
7886,7886,55,18,20,1,0,23,74.0,43.0,43.0,31.0
7887,7887,55,18,30,1,0,23,57.0,33.0,33.0,24.0
7888,7888,55,18,40,1,0,23,33.0,17.0,17.0,16.0
7889,7889,55,18,50,1,0,23,59.0,45.0,45.0,14.0
7890,7890,55,19,0,1,0,23,41.0,22.0,22.0,19.0
7891,7891,55,19,10,1,0,23,57.0,39.0,39.0,18.0
7892,7892,55,19,20,1,0,23,38.0,28.0,28.0,10.0
7893,7893,55,19,30,1,0,23,22.0,12.0,12.0,10.0
7894,7894,55,19,40,1,0,23,24.0,18.0,18.0,6.0
7895,7895,55,19,50,1,0,23,17.0,10.0,10.0,7.0
7896,7896,55,20,0,1,0,23,39.0,21.0,21.0,18.0
7897,7897,55,20,10,1,0,23,27.0,18.0,18.0,9.0
7898,7898,55,20,20,1,0,23,23.0,14.0,14.0,9.0
7899,7899,55,20,30,1,0,23,26.0,17.0,17.0,9.0
7900,7900,55,20,40,1,0,23,22.0,14.0,14.0,8.0
7901,7901,55,20,50,1,0,23,23.0,14.0,14.0,9.0
7902,7902,55,21,0,1,0,23,26.0,19.0,19.0,7.0
7903,7903,55,21,10,1,0,23,19.0,9.0,9.0,10.0
7904,7904,55,21,20,1,0,23,18.0,14.0,14.0,4.0
7905,7905,55,21,30,1,0,23,17.0,14.0,14.0,3.0
7906,7906,55,21,40,1,0,23,14.0,10.0,10.0,4.0
7907,7907,55,21,50,1,0,23,25.0,22.0,22.0,3.0
7908,7908,55,22,0,1,0,23,7.0,4.0,4.0,3.0
7909,7909,55,22,10,1,0,23,8.0,8.0,8.0,0.0
7910,7910,55,22,20,1,0,23,13.0,12.0,12.0,1.0
7911,7911,55,22,30,1,0,23,15.0,13.0,13.0,2.0
7912,7912,55,22,40,1,0,23,5.0,5.0,5.0,0.0
7913,7913,55,22,50,1,0,23,17.0,16.0,16.0,1.0
7950,7950,56,5,0,1,0,23,0.0,0.0,0.0,0.0
7951,7951,56,5,10,1,0,23,1.0,0.0,0.0,1.0
7952,7952,56,5,20,1,0,23,17.0,0.0,0.0,17.0
7953,7953,56,5,30,1,0,23,21.0,0.0,0.0,21.0
7954,7954,56,5,40,1,0,23,11.0,0.0,0.0,11.0
7955,7955,56,5,50,1,0,23,24.0,0.0,0.0,24.0
7956,7956,56,6,0,1,0,23,45.0,1.0,1.0,44.0
7957,7957,56,6,10,1,0,23,45.0,0.0,0.0,45.0
7958,7958,56,6,20,1,0,23,67.0,0.0,0.0,67.0
7959,7959,56,6,30,1,0,23,103.0,2.0,2.0,101.0
7960,7960,56,6,40,1,0,23,153.0,4.0,4.0,149.0
7961,7961,56,6,50,1,0,23,193.0,39.0,39.0,154.0
7962,7962,56,7,0,1,0,23,258.0,37.0,37.0,221.0
7963,7963,56,7,10,1,0,23,274.0,34.0,34.0,240.0
7964,7964,56,7,20,1,0,23,377.0,27.0,27.0,350.0
7965,7965,56,7,30,1,0,23,370.0,57.0,57.0,313.0
7966,7966,56,7,40,1,0,23,460.0,55.0,55.0,405.0
7967,7967,56,7,50,1,0,23,599.0,90.0,90.0,509.0
7968,7968,56,8,0,1,0,23,654.0,119.0,119.0,535.0
7969,7969,56,8,10,1,0,23,451.0,68.0,68.0,383.0
7970,7970,56,8,20,1,0,23,428.0,96.0,96.0,332.0
7971,7971,56,8,30,1,0,23,342.0,62.0,62.0,280.0
7972,7972,56,8,40,1,0,23,362.0,131.0,131.0,231.0
7973,7973,56,8,50,1,0,23,238.0,33.0,33.0,205.0
7974,7974,56,9,0,1,0,23,261.0,105.0,105.0,156.0
7975,7975,56,9,10,1,0,23,216.0,69.0,69.0,147.0
7976,7976,56,9,20,1,0,23,194.0,93.0,93.0,101.0
7977,7977,56,9,30,1,0,23,151.0,50.0,50.0,101.0
7978,7978,56,9,40,1,0,23,134.0,64.0,64.0,70.0
7979,7979,56,9,50,1,0,23,109.0,63.0,63.0,46.0
7980,7980,56,10,0,1,0,23,103.0,44.0,44.0,59.0
7981,7981,56,10,10,1,0,23,84.0,31.0,31.0,53.0
7982,7982,56,10,20,1,0,23,117.0,45.0,45.0,72.0
7983,7983,56,10,30,1,0,23,96.0,56.0,56.0,40.0
7984,7984,56,10,40,1,0,23,83.0,42.0,42.0,41.0
7985,7985,56,10,50,1,0,23,54.0,17.0,17.0,37.0
7986,7986,56,11,0,1,0,23,86.0,28.0,28.0,58.0
7987,7987,56,11,10,1,0,23,107.0,51.0,51.0,56.0
7988,7988,56,11,20,1,0,23,92.0,47.0,47.0,45.0
7989,7989,56,11,30,1,0,23,77.0,31.0,31.0,46.0
7990,7990,56,11,40,1,0,23,79.0,35.0,35.0,44.0
7991,7991,56,11,50,1,0,23,75.0,30.0,30.0,45.0
7992,7992,56,12,0,1,0,23,79.0,22.0,22.0,57.0
7993,7993,56,12,10,1,0,23,96.0,55.0,55.0,41.0
7994,7994,56,12,20,1,0,23,86.0,38.0,38.0,48.0
7995,7995,56,12,30,1,0,23,92.0,56.0,56.0,36.0
7996,7996,56,12,40,1,0,23,102.0,52.0,52.0,50.0
7997,7997,56,12,50,1,0,23,93.0,37.0,37.0,56.0
7998,7998,56,13,0,1,0,23,47.0,16.0,16.0,31.0
7999,7999,56,13,10,1,0,23,99.0,44.0,44.0,55.0
8000,8000,56,13,20,1,0,23,83.0,41.0,41.0,42.0
8001,8001,56,13,30,1,0,23,106.0,58.0,58.0,48.0
8002,8002,56,13,40,1,0,23,87.0,51.0,51.0,36.0
8003,8003,56,13,50,1,0,23,75.0,33.0,33.0,42.0
8004,8004,56,14,0,1,0,23,87.0,34.0,34.0,53.0
8005,8005,56,14,10,1,0,23,94.0,52.0,52.0,42.0
8006,8006,56,14,20,1,0,23,92.0,53.0,53.0,39.0
8007,8007,56,14,30,1,0,23,89.0,43.0,43.0,46.0
8008,8008,56,14,40,1,0,23,114.0,72.0,72.0,42.0
8009,8009,56,14,50,1,0,23,64.0,31.0,31.0,33.0
8010,8010,56,15,0,1,0,23,75.0,45.0,45.0,30.0
8011,8011,56,15,10,1,0,23,83.0,55.0,55.0,28.0
8012,8012,56,15,20,1,0,23,108.0,64.0,64.0,44.0
8013,8013,56,15,30,1,0,23,101.0,69.0,69.0,32.0
8014,8014,56,15,40,1,0,23,117.0,75.0,75.0,42.0
8015,8015,56,15,50,1,0,23,87.0,49.0,49.0,38.0
8016,8016,56,16,0,1,0,23,79.0,43.0,43.0,36.0
8017,8017,56,16,10,1,0,23,128.0,87.0,87.0,41.0
8018,8018,56,16,20,1,0,23,122.0,72.0,72.0,50.0
8019,8019,56,16,30,1,0,23,134.0,74.0,74.0,60.0
8020,8020,56,16,40,1,0,23,155.0,99.0,99.0,56.0
8021,8021,56,16,50,1,0,23,147.0,87.0,87.0,60.0
8022,8022,56,17,0,1,0,23,194.0,139.0,139.0,55.0
8023,8023,56,17,10,1,0,23,200.0,101.0,101.0,99.0
8024,8024,56,17,20,1,0,23,208.0,107.0,107.0,101.0
8025,8025,56,17,30,1,0,23,167.0,106.0,106.0,61.0
8026,8026,56,17,40,1,0,23,366.0,267.0,267.0,99.0
8027,8027,56,17,50,1,0,23,285.0,178.0,178.0,107.0
8028,8028,56,18,0,1,0,23,302.0,209.0,209.0,93.0
8029,8029,56,18,10,1,0,23,251.0,191.0,191.0,60.0
8030,8030,56,18,20,1,0,23,449.0,370.0,370.0,79.0
8031,8031,56,18,30,1,0,23,267.0,223.0,223.0,44.0
8032,8032,56,18,40,1,0,23,313.0,271.0,271.0,42.0
8033,8033,56,18,50,1,0,23,313.0,271.0,271.0,42.0
8034,8034,56,19,0,1,0,23,444.0,388.0,388.0,56.0
8035,8035,56,19,10,1,0,23,252.0,214.0,214.0,38.0
8036,8036,56,19,20,1,0,23,303.0,277.0,277.0,26.0
8037,8037,56,19,30,1,0,23,107.0,76.0,76.0,31.0
8038,8038,56,19,40,1,0,23,252.0,216.0,216.0,36.0
8039,8039,56,19,50,1,0,23,135.0,108.0,108.0,27.0
8040,8040,56,20,0,1,0,23,120.0,101.0,101.0,19.0
8041,8041,56,20,10,1,0,23,123.0,102.0,102.0,21.0
8042,8042,56,20,20,1,0,23,127.0,96.0,96.0,31.0
8043,8043,56,20,30,1,0,23,100.0,78.0,78.0,22.0
8044,8044,56,20,40,1,0,23,119.0,89.0,89.0,30.0
8045,8045,56,20,50,1,0,23,134.0,109.0,109.0,25.0
8046,8046,56,21,0,1,0,23,120.0,99.0,99.0,21.0
8047,8047,56,21,10,1,0,23,74.0,57.0,57.0,17.0
8048,8048,56,21,20,1,0,23,113.0,93.0,93.0,20.0
8049,8049,56,21,30,1,0,23,90.0,68.0,68.0,22.0
8050,8050,56,21,40,1,0,23,100.0,76.0,76.0,24.0
8051,8051,56,21,50,1,0,23,141.0,123.0,123.0,18.0
8052,8052,56,22,0,1,0,23,76.0,60.0,60.0,16.0
8053,8053,56,22,10,1,0,23,127.0,122.0,122.0,5.0
8054,8054,56,22,20,1,0,23,69.0,62.0,62.0,7.0
8055,8055,56,22,30,1,0,23,81.0,81.0,81.0,0.0
8056,8056,56,22,40,1,0,23,57.0,55.0,55.0,2.0
8057,8057,56,22,50,1,0,23,18.0,18.0,18.0,0.0
8094,8094,57,5,0,1,0,23,0.0,0.0,0.0,0.0
8095,8095,57,5,10,1,0,23,0.0,0.0,0.0,0.0
8096,8096,57,5,20,1,0,23,0.0,0.0,0.0,0.0
8097,8097,57,5,30,1,0,23,0.0,0.0,0.0,0.0
8098,8098,57,5,40,1,0,23,3.0,0.0,0.0,3.0
8099,8099,57,5,50,1,0,23,4.0,0.0,0.0,4.0
8100,8100,57,6,0,1,0,23,3.0,0.0,0.0,3.0
8101,8101,57,6,10,1,0,23,0.0,0.0,0.0,0.0
8102,8102,57,6,20,1,0,23,6.0,2.0,2.0,4.0
8103,8103,57,6,30,1,0,23,21.0,10.0,10.0,11.0
8104,8104,57,6,40,1,0,23,19.0,6.0,6.0,13.0
8105,8105,57,6,50,1,0,23,33.0,12.0,12.0,21.0
8106,8106,57,7,0,1,0,23,24.0,12.0,12.0,12.0
8107,8107,57,7,10,1,0,23,53.0,19.0,19.0,34.0
8108,8108,57,7,20,1,0,23,59.0,33.0,33.0,26.0
8109,8109,57,7,30,1,0,23,81.0,47.0,47.0,34.0
8110,8110,57,7,40,1,0,23,97.0,49.0,49.0,48.0
8111,8111,57,7,50,1,0,23,130.0,99.0,99.0,31.0
8112,8112,57,8,0,1,0,23,171.0,126.0,126.0,45.0
8113,8113,57,8,10,1,0,23,147.0,99.0,99.0,48.0
8114,8114,57,8,20,1,0,23,129.0,78.0,78.0,51.0
8115,8115,57,8,30,1,0,23,146.0,108.0,108.0,38.0
8116,8116,57,8,40,1,0,23,155.0,128.0,128.0,27.0
8117,8117,57,8,50,1,0,23,118.0,92.0,92.0,26.0
8118,8118,57,9,0,1,0,23,79.0,59.0,59.0,20.0
8119,8119,57,9,10,1,0,23,108.0,93.0,93.0,15.0
8120,8120,57,9,20,1,0,23,68.0,47.0,47.0,21.0
8121,8121,57,9,30,1,0,23,102.0,85.0,85.0,17.0
8122,8122,57,9,40,1,0,23,82.0,63.0,63.0,19.0
8123,8123,57,9,50,1,0,23,105.0,91.0,91.0,14.0
8124,8124,57,10,0,1,0,23,55.0,44.0,44.0,11.0
8125,8125,57,10,10,1,0,23,52.0,34.0,34.0,18.0
8126,8126,57,10,20,1,0,23,42.0,19.0,19.0,23.0
8127,8127,57,10,30,1,0,23,25.0,11.0,11.0,14.0
8128,8128,57,10,40,1,0,23,25.0,18.0,18.0,7.0
8129,8129,57,10,50,1,0,23,20.0,9.0,9.0,11.0
8130,8130,57,11,0,1,0,23,25.0,18.0,18.0,7.0
8131,8131,57,11,10,1,0,23,20.0,6.0,6.0,14.0
8132,8132,57,11,20,1,0,23,20.0,10.0,10.0,10.0
8133,8133,57,11,30,1,0,23,25.0,11.0,11.0,14.0
8134,8134,57,11,40,1,0,23,26.0,16.0,16.0,10.0
8135,8135,57,11,50,1,0,23,25.0,13.0,13.0,12.0
8136,8136,57,12,0,1,0,23,13.0,5.0,5.0,8.0
8137,8137,57,12,10,1,0,23,31.0,15.0,15.0,16.0
8138,8138,57,12,20,1,0,23,26.0,10.0,10.0,16.0
8139,8139,57,12,30,1,0,23,28.0,10.0,10.0,18.0
8140,8140,57,12,40,1,0,23,26.0,11.0,11.0,15.0
8141,8141,57,12,50,1,0,23,28.0,11.0,11.0,17.0
8142,8142,57,13,0,1,0,23,34.0,17.0,17.0,17.0
8143,8143,57,13,10,1,0,23,27.0,19.0,19.0,8.0
8144,8144,57,13,20,1,0,23,25.0,9.0,9.0,16.0
8145,8145,57,13,30,1,0,23,31.0,10.0,10.0,21.0
8146,8146,57,13,40,1,0,23,26.0,7.0,7.0,19.0
8147,8147,57,13,50,1,0,23,22.0,10.0,10.0,12.0
8148,8148,57,14,0,1,0,23,26.0,15.0,15.0,11.0
8149,8149,57,14,10,1,0,23,28.0,18.0,18.0,10.0
8150,8150,57,14,20,1,0,23,21.0,12.0,12.0,9.0
8151,8151,57,14,30,1,0,23,25.0,8.0,8.0,17.0
8152,8152,57,14,40,1,0,23,36.0,14.0,14.0,22.0
8153,8153,57,14,50,1,0,23,32.0,11.0,11.0,21.0
8154,8154,57,15,0,1,0,23,30.0,14.0,14.0,16.0
8155,8155,57,15,10,1,0,23,107.0,24.0,24.0,83.0
8156,8156,57,15,20,1,0,23,90.0,10.0,10.0,80.0
8157,8157,57,15,30,1,0,23,59.0,13.0,13.0,46.0
8158,8158,57,15,40,1,0,23,45.0,11.0,11.0,34.0
8159,8159,57,15,50,1,0,23,34.0,12.0,12.0,22.0
8160,8160,57,16,0,1,0,23,25.0,11.0,11.0,14.0
8161,8161,57,16,10,1,0,23,47.0,11.0,11.0,36.0
8162,8162,57,16,20,1,0,23,53.0,14.0,14.0,39.0
8163,8163,57,16,30,1,0,23,69.0,19.0,19.0,50.0
8164,8164,57,16,40,1,0,23,49.0,12.0,12.0,37.0
8165,8165,57,16,50,1,0,23,50.0,14.0,14.0,36.0
8166,8166,57,17,0,1,0,23,59.0,15.0,15.0,44.0
8167,8167,57,17,10,1,0,23,103.0,19.0,19.0,84.0
8168,8168,57,17,20,1,0,23,71.0,13.0,13.0,58.0
8169,8169,57,17,30,1,0,23,91.0,29.0,29.0,62.0
8170,8170,57,17,40,1,0,23,86.0,18.0,18.0,68.0
8171,8171,57,17,50,1,0,23,79.0,34.0,34.0,45.0
8172,8172,57,18,0,1,0,23,108.0,24.0,24.0,84.0
8173,8173,57,18,10,1,0,23,81.0,18.0,18.0,63.0
8174,8174,57,18,20,1,0,23,85.0,25.0,25.0,60.0
8175,8175,57,18,30,1,0,23,86.0,45.0,45.0,41.0
8176,8176,57,18,40,1,0,23,67.0,17.0,17.0,50.0
8177,8177,57,18,50,1,0,23,73.0,43.0,43.0,30.0
8178,8178,57,19,0,1,0,23,40.0,15.0,15.0,25.0
8179,8179,57,19,10,1,0,23,69.0,30.0,30.0,39.0
8180,8180,57,19,20,1,0,23,36.0,15.0,15.0,21.0
8181,8181,57,19,30,1,0,23,26.0,7.0,7.0,19.0
8182,8182,57,19,40,1,0,23,46.0,18.0,18.0,28.0
8183,8183,57,19,50,1,0,23,42.0,18.0,18.0,24.0
8184,8184,57,20,0,1,0,23,27.0,9.0,9.0,18.0
8185,8185,57,20,10,1,0,23,17.0,8.0,8.0,9.0
8186,8186,57,20,20,1,0,23,20.0,7.0,7.0,13.0
8187,8187,57,20,30,1,0,23,29.0,14.0,14.0,15.0
8188,8188,57,20,40,1,0,23,25.0,6.0,6.0,19.0
8189,8189,57,20,50,1,0,23,33.0,10.0,10.0,23.0
8190,8190,57,21,0,1,0,23,17.0,9.0,9.0,8.0
8191,8191,57,21,10,1,0,23,25.0,13.0,13.0,12.0
8192,8192,57,21,20,1,0,23,14.0,13.0,13.0,1.0
8193,8193,57,21,30,1,0,23,15.0,8.0,8.0,7.0
8194,8194,57,21,40,1,0,23,24.0,13.0,13.0,11.0
8195,8195,57,21,50,1,0,23,24.0,8.0,8.0,16.0
8196,8196,57,22,0,1,0,23,21.0,10.0,10.0,11.0
8197,8197,57,22,10,1,0,23,12.0,8.0,8.0,4.0
8198,8198,57,22,20,1,0,23,11.0,6.0,6.0,5.0
8199,8199,57,22,30,1,0,23,8.0,8.0,8.0,0.0
8200,8200,57,22,40,1,0,23,3.0,3.0,3.0,0.0
8201,8201,57,22,50,1,0,23,0.0,0.0,0.0,0.0
8238,8238,58,5,0,1,0,23,0.0,0.0,0.0,0.0
8239,8239,58,5,10,1,0,23,0.0,0.0,0.0,0.0
8240,8240,58,5,20,1,0,23,7.0,0.0,0.0,7.0
8241,8241,58,5,30,1,0,23,21.0,0.0,0.0,21.0
8242,8242,58,5,40,1,0,23,27.0,0.0,0.0,27.0
8243,8243,58,5,50,1,0,23,26.0,1.0,1.0,25.0
8244,8244,58,6,0,1,0,23,15.0,0.0,0.0,15.0
8245,8245,58,6,10,1,0,23,40.0,0.0,0.0,40.0
8246,8246,58,6,20,1,0,23,52.0,0.0,0.0,52.0
8247,8247,58,6,30,1,0,23,86.0,2.0,2.0,84.0
8248,8248,58,6,40,1,0,23,138.0,1.0,1.0,137.0
8249,8249,58,6,50,1,0,23,171.0,22.0,22.0,149.0
8250,8250,58,7,0,1,0,23,215.0,15.0,15.0,200.0
8251,8251,58,7,10,1,0,23,196.0,22.0,22.0,174.0
8252,8252,58,7,20,1,0,23,203.0,8.0,8.0,195.0
8253,8253,58,7,30,1,0,23,276.0,40.0,40.0,236.0
8254,8254,58,7,40,1,0,23,212.0,28.0,28.0,184.0
8255,8255,58,7,50,1,0,23,216.0,25.0,25.0,191.0
8256,8256,58,8,0,1,0,23,256.0,49.0,49.0,207.0
8257,8257,58,8,10,1,0,23,243.0,106.0,106.0,137.0
8258,8258,58,8,20,1,0,23,234.0,100.0,100.0,134.0
8259,8259,58,8,30,1,0,23,177.0,67.0,67.0,110.0
8260,8260,58,8,40,1,0,23,156.0,52.0,52.0,104.0
8261,8261,58,8,50,1,0,23,148.0,56.0,56.0,92.0
8262,8262,58,9,0,1,0,23,99.0,35.0,35.0,64.0
8263,8263,58,9,10,1,0,23,61.0,21.0,21.0,40.0
8264,8264,58,9,20,1,0,23,51.0,23.0,23.0,28.0
8265,8265,58,9,30,1,0,23,89.0,37.0,37.0,52.0
8266,8266,58,9,40,1,0,23,58.0,23.0,23.0,35.0
8267,8267,58,9,50,1,0,23,74.0,24.0,24.0,50.0
8268,8268,58,10,0,1,0,23,43.0,23.0,23.0,20.0
8269,8269,58,10,10,1,0,23,51.0,21.0,21.0,30.0
8270,8270,58,10,20,1,0,23,58.0,25.0,25.0,33.0
8271,8271,58,10,30,1,0,23,44.0,7.0,7.0,37.0
8272,8272,58,10,40,1,0,23,34.0,11.0,11.0,23.0
8273,8273,58,10,50,1,0,23,51.0,20.0,20.0,31.0
8274,8274,58,11,0,1,0,23,46.0,26.0,26.0,20.0
8275,8275,58,11,10,1,0,23,22.0,2.0,2.0,20.0
8276,8276,58,11,20,1,0,23,62.0,27.0,27.0,35.0
8277,8277,58,11,30,1,0,23,60.0,31.0,31.0,29.0
8278,8278,58,11,40,1,0,23,66.0,33.0,33.0,33.0
8279,8279,58,11,50,1,0,23,67.0,33.0,33.0,34.0
8280,8280,58,12,0,1,0,23,52.0,30.0,30.0,22.0
8281,8281,58,12,10,1,0,23,53.0,27.0,27.0,26.0
8282,8282,58,12,20,1,0,23,21.0,2.0,2.0,19.0
8283,8283,58,12,30,1,0,23,56.0,26.0,26.0,30.0
8284,8284,58,12,40,1,0,23,61.0,32.0,32.0,29.0
8285,8285,58,12,50,1,0,23,56.0,32.0,32.0,24.0
8286,8286,58,13,0,1,0,23,55.0,24.0,24.0,31.0
8287,8287,58,13,10,1,0,23,48.0,16.0,16.0,32.0
8288,8288,58,13,20,1,0,23,44.0,16.0,16.0,28.0
8289,8289,58,13,30,1,0,23,48.0,19.0,19.0,29.0
8290,8290,58,13,40,1,0,23,37.0,20.0,20.0,17.0
8291,8291,58,13,50,1,0,23,58.0,23.0,23.0,35.0
8292,8292,58,14,0,1,0,23,44.0,23.0,23.0,21.0
8293,8293,58,14,10,1,0,23,46.0,24.0,24.0,22.0
8294,8294,58,14,20,1,0,23,47.0,8.0,8.0,39.0
8295,8295,58,14,30,1,0,23,67.0,29.0,29.0,38.0
8296,8296,58,14,40,1,0,23,31.0,17.0,17.0,14.0
8297,8297,58,14,50,1,0,23,48.0,24.0,24.0,24.0
8298,8298,58,15,0,1,0,23,63.0,30.0,30.0,33.0
8299,8299,58,15,10,1,0,23,33.0,17.0,17.0,16.0
8300,8300,58,15,20,1,0,23,70.0,43.0,43.0,27.0
8301,8301,58,15,30,1,0,23,50.0,14.0,14.0,36.0
8302,8302,58,15,40,1,0,23,52.0,29.0,29.0,23.0
8303,8303,58,15,50,1,0,23,71.0,39.0,39.0,32.0
8304,8304,58,16,0,1,0,23,54.0,26.0,26.0,28.0
8305,8305,58,16,10,1,0,23,47.0,23.0,23.0,24.0
8306,8306,58,16,20,1,0,23,45.0,33.0,33.0,12.0
8307,8307,58,16,30,1,0,23,76.0,48.0,48.0,28.0
8308,8308,58,16,40,1,0,23,94.0,59.0,59.0,35.0
8309,8309,58,16,50,1,0,23,81.0,45.0,45.0,36.0
8310,8310,58,17,0,1,0,23,96.0,57.0,57.0,39.0
8311,8311,58,17,10,1,0,23,64.0,36.0,36.0,28.0
8312,8312,58,17,20,1,0,23,71.0,36.0,36.0,35.0
8313,8313,58,17,30,1,0,23,109.0,77.0,77.0,32.0
8314,8314,58,17,40,1,0,23,162.0,82.0,82.0,80.0
8315,8315,58,17,50,1,0,23,147.0,84.0,84.0,63.0
8316,8316,58,18,0,1,0,23,130.0,96.0,96.0,34.0
8317,8317,58,18,10,1,0,23,121.0,73.0,73.0,48.0
8318,8318,58,18,20,1,0,23,124.0,75.0,75.0,49.0
8319,8319,58,18,30,1,0,23,138.0,91.0,91.0,47.0
8320,8320,58,18,40,1,0,23,208.0,172.0,172.0,36.0
8321,8321,58,18,50,1,0,23,141.0,110.0,110.0,31.0
8322,8322,58,19,0,1,0,23,144.0,100.0,100.0,44.0
8323,8323,58,19,10,1,0,23,119.0,87.0,87.0,32.0
8324,8324,58,19,20,1,0,23,244.0,221.0,221.0,23.0
8325,8325,58,19,30,1,0,23,109.0,89.0,89.0,20.0
8326,8326,58,19,40,1,0,23,109.0,91.0,91.0,18.0
8327,8327,58,19,50,1,0,23,80.0,60.0,60.0,20.0
8328,8328,58,20,0,1,0,23,159.0,141.0,141.0,18.0
8329,8329,58,20,10,1,0,23,77.0,69.0,69.0,8.0
8330,8330,58,20,20,1,0,23,64.0,50.0,50.0,14.0
8331,8331,58,20,30,1,0,23,54.0,43.0,43.0,11.0
8332,8332,58,20,40,1,0,23,87.0,72.0,72.0,15.0
8333,8333,58,20,50,1,0,23,61.0,53.0,53.0,8.0
8334,8334,58,21,0,1,0,23,13.0,3.0,3.0,10.0
8335,8335,58,21,10,1,0,23,87.0,66.0,66.0,21.0
8336,8336,58,21,20,1,0,23,72.0,60.0,60.0,12.0
8337,8337,58,21,30,1,0,23,78.0,67.0,67.0,11.0
8338,8338,58,21,40,1,0,23,23.0,18.0,18.0,5.0
8339,8339,58,21,50,1,0,23,36.0,31.0,31.0,5.0
8340,8340,58,22,0,1,0,23,46.0,42.0,42.0,4.0
8341,8341,58,22,10,1,0,23,44.0,43.0,43.0,1.0
8342,8342,58,22,20,1,0,23,2.0,1.0,1.0,1.0
8343,8343,58,22,30,1,0,23,46.0,46.0,46.0,0.0
8344,8344,58,22,40,1,0,23,53.0,53.0,53.0,0.0
8345,8345,58,22,50,1,0,23,0.0,0.0,0.0,0.0
8382,8382,59,5,0,1,0,23,0.0,0.0,0.0,0.0
8383,8383,59,5,10,1,0,23,0.0,0.0,0.0,0.0
8384,8384,59,5,20,1,0,23,1.0,1.0,1.0,0.0
8385,8385,59,5,30,1,0,23,0.0,0.0,0.0,0.0
8386,8386,59,5,40,1,0,23,0.0,0.0,0.0,0.0
8387,8387,59,5,50,1,0,23,33.0,0.0,0.0,33.0
8388,8388,59,6,0,1,0,23,42.0,1.0,1.0,41.0
8389,8389,59,6,10,1,0,23,49.0,10.0,10.0,39.0
8390,8390,59,6,20,1,0,23,54.0,15.0,15.0,39.0
8391,8391,59,6,30,1,0,23,75.0,15.0,15.0,60.0
8392,8392,59,6,40,1,0,23,113.0,24.0,24.0,89.0
8393,8393,59,6,50,1,0,23,121.0,24.0,24.0,97.0
8394,8394,59,7,0,1,0,23,153.0,20.0,20.0,133.0
8395,8395,59,7,10,1,0,23,219.0,39.0,39.0,180.0
8396,8396,59,7,20,1,0,23,222.0,46.0,46.0,176.0
8397,8397,59,7,30,1,0,23,272.0,59.0,59.0,213.0
8398,8398,59,7,40,1,0,23,305.0,66.0,66.0,239.0
8399,8399,59,7,50,1,0,23,370.0,60.0,60.0,310.0
8400,8400,59,8,0,1,0,23,402.0,105.0,105.0,297.0
8401,8401,59,8,10,1,0,23,365.0,84.0,84.0,281.0
8402,8402,59,8,20,1,0,23,323.0,85.0,85.0,238.0
8403,8403,59,8,30,1,0,23,325.0,109.0,109.0,216.0
8404,8404,59,8,40,1,0,23,361.0,154.0,154.0,207.0
8405,8405,59,8,50,1,0,23,259.0,86.0,86.0,173.0
8406,8406,59,9,0,1,0,23,219.0,91.0,91.0,128.0
8407,8407,59,9,10,1,0,23,202.0,72.0,72.0,130.0
8408,8408,59,9,20,1,0,23,150.0,45.0,45.0,105.0
8409,8409,59,9,30,1,0,23,140.0,44.0,44.0,96.0
8410,8410,59,9,40,1,0,23,132.0,58.0,58.0,74.0
8411,8411,59,9,50,1,0,23,143.0,78.0,78.0,65.0
8412,8412,59,10,0,1,0,23,98.0,45.0,45.0,53.0
8413,8413,59,10,10,1,0,23,89.0,41.0,41.0,48.0
8414,8414,59,10,20,1,0,23,90.0,41.0,41.0,49.0
8415,8415,59,10,30,1,0,23,112.0,49.0,49.0,63.0
8416,8416,59,10,40,1,0,23,88.0,40.0,40.0,48.0
8417,8417,59,10,50,1,0,23,102.0,53.0,53.0,49.0
8418,8418,59,11,0,1,0,23,107.0,45.0,45.0,62.0
8419,8419,59,11,10,1,0,23,80.0,32.0,32.0,48.0
8420,8420,59,11,20,1,0,23,95.0,35.0,35.0,60.0
8421,8421,59,11,30,1,0,23,76.0,36.0,36.0,40.0
8422,8422,59,11,40,1,0,23,89.0,38.0,38.0,51.0
8423,8423,59,11,50,1,0,23,93.0,37.0,37.0,56.0
8424,8424,59,12,0,1,0,23,83.0,34.0,34.0,49.0
8425,8425,59,12,10,1,0,23,86.0,39.0,39.0,47.0
8426,8426,59,12,20,1,0,23,84.0,43.0,43.0,41.0
8427,8427,59,12,30,1,0,23,86.0,35.0,35.0,51.0
8428,8428,59,12,40,1,0,23,85.0,46.0,46.0,39.0
8429,8429,59,12,50,1,0,23,83.0,32.0,32.0,51.0
8430,8430,59,13,0,1,0,23,69.0,22.0,22.0,47.0
8431,8431,59,13,10,1,0,23,98.0,54.0,54.0,44.0
8432,8432,59,13,20,1,0,23,77.0,36.0,36.0,41.0
8433,8433,59,13,30,1,0,23,82.0,36.0,36.0,46.0
8434,8434,59,13,40,1,0,23,69.0,38.0,38.0,31.0
8435,8435,59,13,50,1,0,23,86.0,42.0,42.0,44.0
8436,8436,59,14,0,1,0,23,60.0,23.0,23.0,37.0
8437,8437,59,14,10,1,0,23,98.0,53.0,53.0,45.0
8438,8438,59,14,20,1,0,23,92.0,53.0,53.0,39.0
8439,8439,59,14,30,1,0,23,84.0,38.0,38.0,46.0
8440,8440,59,14,40,1,0,23,114.0,67.0,67.0,47.0
8441,8441,59,14,50,1,0,23,84.0,36.0,36.0,48.0
8442,8442,59,15,0,1,0,23,86.0,50.0,50.0,36.0
8443,8443,59,15,10,1,0,23,107.0,53.0,53.0,54.0
8444,8444,59,15,20,1,0,23,79.0,39.0,39.0,40.0
8445,8445,59,15,30,1,0,23,73.0,41.0,41.0,32.0
8446,8446,59,15,40,1,0,23,108.0,62.0,62.0,46.0
8447,8447,59,15,50,1,0,23,112.0,61.0,61.0,51.0
8448,8448,59,16,0,1,0,23,106.0,47.0,47.0,59.0
8449,8449,59,16,10,1,0,23,92.0,52.0,52.0,40.0
8450,8450,59,16,20,1,0,23,112.0,74.0,74.0,38.0
8451,8451,59,16,30,1,0,23,103.0,38.0,38.0,65.0
8452,8452,59,16,40,1,0,23,141.0,76.0,76.0,65.0
8453,8453,59,16,50,1,0,23,163.0,95.0,95.0,68.0
8454,8454,59,17,0,1,0,23,113.0,46.0,46.0,67.0
8455,8455,59,17,10,1,0,23,194.0,128.0,128.0,66.0
8456,8456,59,17,20,1,0,23,202.0,117.0,117.0,85.0
8457,8457,59,17,30,1,0,23,208.0,143.0,143.0,65.0
8458,8458,59,17,40,1,0,23,236.0,137.0,137.0,99.0
8459,8459,59,17,50,1,0,23,219.0,147.0,147.0,72.0
8460,8460,59,18,0,1,0,23,277.0,159.0,159.0,118.0
8461,8461,59,18,10,1,0,23,291.0,206.0,206.0,85.0
8462,8462,59,18,20,1,0,23,216.0,127.0,127.0,89.0
8463,8463,59,18,30,1,0,23,245.0,182.0,182.0,63.0
8464,8464,59,18,40,1,0,23,154.0,104.0,104.0,50.0
8465,8465,59,18,50,1,0,23,253.0,200.0,200.0,53.0
8466,8466,59,19,0,1,0,23,132.0,91.0,91.0,41.0
8467,8467,59,19,10,1,0,23,147.0,120.0,120.0,27.0
8468,8468,59,19,20,1,0,23,119.0,95.0,95.0,24.0
8469,8469,59,19,30,1,0,23,109.0,81.0,81.0,28.0
8470,8470,59,19,40,1,0,23,90.0,64.0,64.0,26.0
8471,8471,59,19,50,1,0,23,106.0,76.0,76.0,30.0
8472,8472,59,20,0,1,0,23,70.0,52.0,52.0,18.0
8473,8473,59,20,10,1,0,23,79.0,50.0,50.0,29.0
8474,8474,59,20,20,1,0,23,91.0,61.0,61.0,30.0
8475,8475,59,20,30,1,0,23,72.0,35.0,35.0,37.0
8476,8476,59,20,40,1,0,23,91.0,53.0,53.0,38.0
8477,8477,59,20,50,1,0,23,77.0,49.0,49.0,28.0
8478,8478,59,21,0,1,0,23,100.0,62.0,62.0,38.0
8479,8479,59,21,10,1,0,23,62.0,35.0,35.0,27.0
8480,8480,59,21,20,1,0,23,98.0,79.0,79.0,19.0
8481,8481,59,21,30,1,0,23,42.0,29.0,29.0,13.0
8482,8482,59,21,40,1,0,23,103.0,77.0,77.0,26.0
8483,8483,59,21,50,1,0,23,66.0,41.0,41.0,25.0
8484,8484,59,22,0,1,0,23,51.0,39.0,39.0,12.0
8485,8485,59,22,10,1,0,23,76.0,57.0,57.0,19.0
8486,8486,59,22,20,1,0,23,52.0,39.0,39.0,13.0
8487,8487,59,22,30,1,0,23,33.0,30.0,30.0,3.0
8488,8488,59,22,40,1,0,23,34.0,33.0,33.0,1.0
8489,8489,59,22,50,1,0,23,26.0,21.0,21.0,5.0
8526,8526,60,5,0,1,0,23,0.0,0.0,0.0,0.0
8527,8527,60,5,10,1,0,23,0.0,0.0,0.0,0.0
8528,8528,60,5,20,1,0,23,0.0,0.0,0.0,0.0
8529,8529,60,5,30,1,0,23,0.0,0.0,0.0,0.0
8530,8530,60,5,40,1,0,23,1.0,0.0,0.0,1.0
8531,8531,60,5,50,1,0,23,4.0,0.0,0.0,4.0
8532,8532,60,6,0,1,0,23,21.0,0.0,0.0,21.0
8533,8533,60,6,10,1,0,23,43.0,1.0,1.0,42.0
8534,8534,60,6,20,1,0,23,57.0,7.0,7.0,50.0
8535,8535,60,6,30,1,0,23,71.0,8.0,8.0,63.0
8536,8536,60,6,40,1,0,23,84.0,7.0,7.0,77.0
8537,8537,60,6,50,1,0,23,117.0,13.0,13.0,104.0
8538,8538,60,7,0,1,0,23,146.0,15.0,15.0,131.0
8539,8539,60,7,10,1,0,23,203.0,35.0,35.0,168.0
8540,8540,60,7,20,1,0,23,209.0,31.0,31.0,178.0
8541,8541,60,7,30,1,0,23,300.0,50.0,50.0,250.0
8542,8542,60,7,40,1,0,23,360.0,58.0,58.0,302.0
8543,8543,60,7,50,1,0,23,420.0,82.0,82.0,338.0
8544,8544,60,8,0,1,0,23,377.0,67.0,67.0,310.0
8545,8545,60,8,10,1,0,23,461.0,124.0,124.0,337.0
8546,8546,60,8,20,1,0,23,283.0,45.0,45.0,238.0
8547,8547,60,8,30,1,0,23,258.0,53.0,53.0,205.0
8548,8548,60,8,40,1,0,23,184.0,33.0,33.0,151.0
8549,8549,60,8,50,1,0,23,195.0,53.0,53.0,142.0
8550,8550,60,9,0,1,0,23,126.0,24.0,24.0,102.0
8551,8551,60,9,10,1,0,23,130.0,42.0,42.0,88.0
8552,8552,60,9,20,1,0,23,98.0,23.0,23.0,75.0
8553,8553,60,9,30,1,0,23,89.0,34.0,34.0,55.0
8554,8554,60,9,40,1,0,23,100.0,42.0,42.0,58.0
8555,8555,60,9,50,1,0,23,56.0,15.0,15.0,41.0
8556,8556,60,10,0,1,0,23,70.0,24.0,24.0,46.0
8557,8557,60,10,10,1,0,23,55.0,16.0,16.0,39.0
8558,8558,60,10,20,1,0,23,47.0,20.0,20.0,27.0
8559,8559,60,10,30,1,0,23,42.0,11.0,11.0,31.0
8560,8560,60,10,40,1,0,23,55.0,32.0,32.0,23.0
8561,8561,60,10,50,1,0,23,50.0,24.0,24.0,26.0
8562,8562,60,11,0,1,0,23,40.0,18.0,18.0,22.0
8563,8563,60,11,10,1,0,23,44.0,24.0,24.0,20.0
8564,8564,60,11,20,1,0,23,37.0,14.0,14.0,23.0
8565,8565,60,11,30,1,0,23,59.0,31.0,31.0,28.0
8566,8566,60,11,40,1,0,23,52.0,18.0,18.0,34.0
8567,8567,60,11,50,1,0,23,62.0,26.0,26.0,36.0
8568,8568,60,12,0,1,0,23,46.0,19.0,19.0,27.0
8569,8569,60,12,10,1,0,23,70.0,22.0,22.0,48.0
8570,8570,60,12,20,1,0,23,59.0,27.0,27.0,32.0
8571,8571,60,12,30,1,0,23,49.0,16.0,16.0,33.0
8572,8572,60,12,40,1,0,23,61.0,32.0,32.0,29.0
8573,8573,60,12,50,1,0,23,39.0,17.0,17.0,22.0
8574,8574,60,13,0,1,0,23,57.0,22.0,22.0,35.0
8575,8575,60,13,10,1,0,23,44.0,19.0,19.0,25.0
8576,8576,60,13,20,1,0,23,58.0,34.0,34.0,24.0
8577,8577,60,13,30,1,0,23,58.0,25.0,25.0,33.0
8578,8578,60,13,40,1,0,23,56.0,28.0,28.0,28.0
8579,8579,60,13,50,1,0,23,49.0,27.0,27.0,22.0
8580,8580,60,14,0,1,0,23,55.0,30.0,30.0,25.0
8581,8581,60,14,10,1,0,23,58.0,27.0,27.0,31.0
8582,8582,60,14,20,1,0,23,37.0,16.0,16.0,21.0
8583,8583,60,14,30,1,0,23,59.0,32.0,32.0,27.0
8584,8584,60,14,40,1,0,23,52.0,28.0,28.0,24.0
8585,8585,60,14,50,1,0,23,66.0,36.0,36.0,30.0
8586,8586,60,15,0,1,0,23,71.0,41.0,41.0,30.0
8587,8587,60,15,10,1,0,23,69.0,41.0,41.0,28.0
8588,8588,60,15,20,1,0,23,69.0,38.0,38.0,31.0
8589,8589,60,15,30,1,0,23,60.0,34.0,34.0,26.0
8590,8590,60,15,40,1,0,23,81.0,40.0,40.0,41.0
8591,8591,60,15,50,1,0,23,67.0,40.0,40.0,27.0
8592,8592,60,16,0,1,0,23,62.0,46.0,46.0,16.0
8593,8593,60,16,10,1,0,23,77.0,54.0,54.0,23.0
8594,8594,60,16,20,1,0,23,102.0,52.0,52.0,50.0
8595,8595,60,16,30,1,0,23,95.0,52.0,52.0,43.0
8596,8596,60,16,40,1,0,23,112.0,69.0,69.0,43.0
8597,8597,60,16,50,1,0,23,112.0,69.0,69.0,43.0
8598,8598,60,17,0,1,0,23,136.0,62.0,62.0,74.0
8599,8599,60,17,10,1,0,23,234.0,141.0,141.0,93.0
8600,8600,60,17,20,1,0,23,152.0,98.0,98.0,54.0
8601,8601,60,17,30,1,0,23,156.0,128.0,128.0,28.0
8602,8602,60,17,40,1,0,23,206.0,152.0,152.0,54.0
8603,8603,60,17,50,1,0,23,188.0,151.0,151.0,37.0
8604,8604,60,18,0,1,0,23,224.0,188.0,188.0,36.0
8605,8605,60,18,10,1,0,23,254.0,222.0,222.0,32.0
8606,8606,60,18,20,1,0,23,249.0,215.0,215.0,34.0
8607,8607,60,18,30,1,0,23,198.0,177.0,177.0,21.0
8608,8608,60,18,40,1,0,23,227.0,201.0,201.0,26.0
8609,8609,60,18,50,1,0,23,206.0,182.0,182.0,24.0
8610,8610,60,19,0,1,0,23,155.0,137.0,137.0,18.0
8611,8611,60,19,10,1,0,23,161.0,131.0,131.0,30.0
8612,8612,60,19,20,1,0,23,119.0,94.0,94.0,25.0
8613,8613,60,19,30,1,0,23,119.0,93.0,93.0,26.0
8614,8614,60,19,40,1,0,23,106.0,78.0,78.0,28.0
8615,8615,60,19,50,1,0,23,107.0,87.0,87.0,20.0
8616,8616,60,20,0,1,0,23,77.0,57.0,57.0,20.0
8617,8617,60,20,10,1,0,23,42.0,29.0,29.0,13.0
8618,8618,60,20,20,1,0,23,97.0,76.0,76.0,21.0
8619,8619,60,20,30,1,0,23,79.0,48.0,48.0,31.0
8620,8620,60,20,40,1,0,23,80.0,64.0,64.0,16.0
8621,8621,60,20,50,1,0,23,79.0,60.0,60.0,19.0
8622,8622,60,21,0,1,0,23,61.0,49.0,49.0,12.0
8623,8623,60,21,10,1,0,23,61.0,40.0,40.0,21.0
8624,8624,60,21,20,1,0,23,81.0,62.0,62.0,19.0
8625,8625,60,21,30,1,0,23,60.0,47.0,47.0,13.0
8626,8626,60,21,40,1,0,23,65.0,55.0,55.0,10.0
8627,8627,60,21,50,1,0,23,69.0,57.0,57.0,12.0
8628,8628,60,22,0,1,0,23,55.0,52.0,52.0,3.0
8629,8629,60,22,10,1,0,23,39.0,36.0,36.0,3.0
8630,8630,60,22,20,1,0,23,39.0,39.0,39.0,0.0
8631,8631,60,22,30,1,0,23,27.0,25.0,25.0,2.0
8632,8632,60,22,40,1,0,23,0.0,0.0,0.0,0.0
8633,8633,60,22,50,1,0,23,0.0,0.0,0.0,0.0
8670,8670,61,5,0,1,0,23,0.0,0.0,0.0,0.0
8671,8671,61,5,10,1,0,23,0.0,0.0,0.0,0.0
8672,8672,61,5,20,1,0,23,0.0,0.0,0.0,0.0
8673,8673,61,5,30,1,0,23,1.0,0.0,0.0,1.0
8674,8674,61,5,40,1,0,23,1.0,0.0,0.0,1.0
8675,8675,61,5,50,1,0,23,5.0,0.0,0.0,5.0
8676,8676,61,6,0,1,0,23,23.0,0.0,0.0,23.0
8677,8677,61,6,10,1,0,23,41.0,2.0,2.0,39.0
8678,8678,61,6,20,1,0,23,51.0,9.0,9.0,42.0
8679,8679,61,6,30,1,0,23,81.0,6.0,6.0,75.0
8680,8680,61,6,40,1,0,23,110.0,12.0,12.0,98.0
8681,8681,61,6,50,1,0,23,129.0,24.0,24.0,105.0
8682,8682,61,7,0,1,0,23,187.0,22.0,22.0,165.0
8683,8683,61,7,10,1,0,23,215.0,30.0,30.0,185.0
8684,8684,61,7,20,1,0,23,261.0,31.0,31.0,230.0
8685,8685,61,7,30,1,0,23,287.0,24.0,24.0,263.0
8686,8686,61,7,40,1,0,23,317.0,29.0,29.0,288.0
8687,8687,61,7,50,1,0,23,381.0,16.0,16.0,365.0
8688,8688,61,8,0,1,0,23,386.0,28.0,28.0,358.0
8689,8689,61,8,10,1,0,23,344.0,22.0,22.0,322.0
8690,8690,61,8,20,1,0,23,317.0,24.0,24.0,293.0
8691,8691,61,8,30,1,0,23,225.0,10.0,10.0,215.0
8692,8692,61,8,40,1,0,23,198.0,20.0,20.0,178.0
8693,8693,61,8,50,1,0,23,170.0,16.0,16.0,154.0
8694,8694,61,9,0,1,0,23,135.0,19.0,19.0,116.0
8695,8695,61,9,10,1,0,23,104.0,6.0,6.0,98.0
8696,8696,61,9,20,1,0,23,97.0,11.0,11.0,86.0
8697,8697,61,9,30,1,0,23,62.0,14.0,14.0,48.0
8698,8698,61,9,40,1,0,23,61.0,12.0,12.0,49.0
8699,8699,61,9,50,1,0,23,52.0,17.0,17.0,35.0
8700,8700,61,10,0,1,0,23,45.0,15.0,15.0,30.0
8701,8701,61,10,10,1,0,23,43.0,5.0,5.0,38.0
8702,8702,61,10,20,1,0,23,47.0,27.0,27.0,20.0
8703,8703,61,10,30,1,0,23,41.0,16.0,16.0,25.0
8704,8704,61,10,40,1,0,23,39.0,16.0,16.0,23.0
8705,8705,61,10,50,1,0,23,48.0,21.0,21.0,27.0
8706,8706,61,11,0,1,0,23,43.0,21.0,21.0,22.0
8707,8707,61,11,10,1,0,23,32.0,10.0,10.0,22.0
8708,8708,61,11,20,1,0,23,45.0,22.0,22.0,23.0
8709,8709,61,11,30,1,0,23,45.0,18.0,18.0,27.0
8710,8710,61,11,40,1,0,23,39.0,13.0,13.0,26.0
8711,8711,61,11,50,1,0,23,45.0,24.0,24.0,21.0
8712,8712,61,12,0,1,0,23,40.0,18.0,18.0,22.0
8713,8713,61,12,10,1,0,23,31.0,14.0,14.0,17.0
8714,8714,61,12,20,1,0,23,37.0,25.0,25.0,12.0
8715,8715,61,12,30,1,0,23,36.0,11.0,11.0,25.0
8716,8716,61,12,40,1,0,23,38.0,17.0,17.0,21.0
8717,8717,61,12,50,1,0,23,46.0,22.0,22.0,24.0
8718,8718,61,13,0,1,0,23,42.0,17.0,17.0,25.0
8719,8719,61,13,10,1,0,23,32.0,12.0,12.0,20.0
8720,8720,61,13,20,1,0,23,56.0,39.0,39.0,17.0
8721,8721,61,13,30,1,0,23,40.0,17.0,17.0,23.0
8722,8722,61,13,40,1,0,23,34.0,15.0,15.0,19.0
8723,8723,61,13,50,1,0,23,38.0,22.0,22.0,16.0
8724,8724,61,14,0,1,0,23,40.0,28.0,28.0,12.0
8725,8725,61,14,10,1,0,23,41.0,30.0,30.0,11.0
8726,8726,61,14,20,1,0,23,33.0,17.0,17.0,16.0
8727,8727,61,14,30,1,0,23,35.0,17.0,17.0,18.0
8728,8728,61,14,40,1,0,23,32.0,21.0,21.0,11.0
8729,8729,61,14,50,1,0,23,36.0,17.0,17.0,19.0
8730,8730,61,15,0,1,0,23,54.0,43.0,43.0,11.0
8731,8731,61,15,10,1,0,23,52.0,34.0,34.0,18.0
8732,8732,61,15,20,1,0,23,30.0,15.0,15.0,15.0
8733,8733,61,15,30,1,0,23,62.0,49.0,49.0,13.0
8734,8734,61,15,40,1,0,23,48.0,36.0,36.0,12.0
8735,8735,61,15,50,1,0,23,53.0,43.0,43.0,10.0
8736,8736,61,16,0,1,0,23,74.0,48.0,48.0,26.0
8737,8737,61,16,10,1,0,23,79.0,61.0,61.0,18.0
8738,8738,61,16,20,1,0,23,63.0,52.0,52.0,11.0
8739,8739,61,16,30,1,0,23,91.0,62.0,62.0,29.0
8740,8740,61,16,40,1,0,23,100.0,53.0,53.0,47.0
8741,8741,61,16,50,1,0,23,117.0,81.0,81.0,36.0
8742,8742,61,17,0,1,0,23,126.0,93.0,93.0,33.0
8743,8743,61,17,10,1,0,23,137.0,93.0,93.0,44.0
8744,8744,61,17,20,1,0,23,122.0,98.0,98.0,24.0
8745,8745,61,17,30,1,0,23,153.0,119.0,119.0,34.0
8746,8746,61,17,40,1,0,23,162.0,144.0,144.0,18.0
8747,8747,61,17,50,1,0,23,150.0,134.0,134.0,16.0
8748,8748,61,18,0,1,0,23,185.0,166.0,166.0,19.0
8749,8749,61,18,10,1,0,23,207.0,185.0,185.0,22.0
8750,8750,61,18,20,1,0,23,195.0,181.0,181.0,14.0
8751,8751,61,18,30,1,0,23,189.0,178.0,178.0,11.0
8752,8752,61,18,40,1,0,23,193.0,171.0,171.0,22.0
8753,8753,61,18,50,1,0,23,168.0,148.0,148.0,20.0
8754,8754,61,19,0,1,0,23,160.0,151.0,151.0,9.0
8755,8755,61,19,10,1,0,23,143.0,128.0,128.0,15.0
8756,8756,61,19,20,1,0,23,103.0,94.0,94.0,9.0
8757,8757,61,19,30,1,0,23,94.0,79.0,79.0,15.0
8758,8758,61,19,40,1,0,23,77.0,68.0,68.0,9.0
8759,8759,61,19,50,1,0,23,81.0,71.0,71.0,10.0
8760,8760,61,20,0,1,0,23,59.0,56.0,56.0,3.0
8761,8761,61,20,10,1,0,23,86.0,75.0,75.0,11.0
8762,8762,61,20,20,1,0,23,57.0,47.0,47.0,10.0
8763,8763,61,20,30,1,0,23,55.0,44.0,44.0,11.0
8764,8764,61,20,40,1,0,23,75.0,65.0,65.0,10.0
8765,8765,61,20,50,1,0,23,45.0,38.0,38.0,7.0
8766,8766,61,21,0,1,0,23,51.0,44.0,44.0,7.0
8767,8767,61,21,10,1,0,23,46.0,41.0,41.0,5.0
8768,8768,61,21,20,1,0,23,61.0,55.0,55.0,6.0
8769,8769,61,21,30,1,0,23,66.0,59.0,59.0,7.0
8770,8770,61,21,40,1,0,23,44.0,39.0,39.0,5.0
8771,8771,61,21,50,1,0,23,36.0,29.0,29.0,7.0
8772,8772,61,22,0,1,0,23,46.0,41.0,41.0,5.0
8773,8773,61,22,10,1,0,23,32.0,32.0,32.0,0.0
8774,8774,61,22,20,1,0,23,22.0,22.0,22.0,0.0
8775,8775,61,22,30,1,0,23,33.0,33.0,33.0,0.0
8776,8776,61,22,40,1,0,23,17.0,17.0,17.0,0.0
8777,8777,61,22,50,1,0,23,0.0,0.0,0.0,0.0
8814,8814,62,5,0,1,0,23,0.0,0.0,0.0,0.0
8815,8815,62,5,10,1,0,23,0.0,0.0,0.0,0.0
8816,8816,62,5,20,1,0,23,0.0,0.0,0.0,0.0
8817,8817,62,5,30,1,0,23,0.0,0.0,0.0,0.0
8818,8818,62,5,40,1,0,23,0.0,0.0,0.0,0.0
8819,8819,62,5,50,1,0,23,1.0,0.0,0.0,1.0
8820,8820,62,6,0,1,0,23,2.0,0.0,0.0,2.0
8821,8821,62,6,10,1,0,23,14.0,8.0,8.0,6.0
8822,8822,62,6,20,1,0,23,23.0,16.0,16.0,7.0
8823,8823,62,6,30,1,0,23,24.0,20.0,20.0,4.0
8824,8824,62,6,40,1,0,23,63.0,57.0,57.0,6.0
8825,8825,62,6,50,1,0,23,34.0,24.0,24.0,10.0
8826,8826,62,7,0,1,0,23,89.0,77.0,77.0,12.0
8827,8827,62,7,10,1,0,23,73.0,55.0,55.0,18.0
8828,8828,62,7,20,1,0,23,29.0,23.0,23.0,6.0
8829,8829,62,7,30,1,0,23,25.0,16.0,16.0,9.0
8830,8830,62,7,40,1,0,23,52.0,27.0,27.0,25.0
8831,8831,62,7,50,1,0,23,46.0,31.0,31.0,15.0
8832,8832,62,8,0,1,0,23,77.0,52.0,52.0,25.0
8833,8833,62,8,10,1,0,23,60.0,33.0,33.0,27.0
8834,8834,62,8,20,1,0,23,56.0,43.0,43.0,13.0
8835,8835,62,8,30,1,0,23,22.0,9.0,9.0,13.0
8836,8836,62,8,40,1,0,23,21.0,14.0,14.0,7.0
8837,8837,62,8,50,1,0,23,26.0,14.0,14.0,12.0
8838,8838,62,9,0,1,0,23,13.0,10.0,10.0,3.0
8839,8839,62,9,10,1,0,23,18.0,9.0,9.0,9.0
8840,8840,62,9,20,1,0,23,9.0,8.0,8.0,1.0
8841,8841,62,9,30,1,0,23,9.0,6.0,6.0,3.0
8842,8842,62,9,40,1,0,23,8.0,4.0,4.0,4.0
8843,8843,62,9,50,1,0,23,10.0,7.0,7.0,3.0
8844,8844,62,10,0,1,0,23,17.0,13.0,13.0,4.0
8845,8845,62,10,10,1,0,23,10.0,8.0,8.0,2.0
8846,8846,62,10,20,1,0,23,6.0,4.0,4.0,2.0
8847,8847,62,10,30,1,0,23,9.0,5.0,5.0,4.0
8848,8848,62,10,40,1,0,23,11.0,8.0,8.0,3.0
8849,8849,62,10,50,1,0,23,11.0,6.0,6.0,5.0
8850,8850,62,11,0,1,0,23,10.0,6.0,6.0,4.0
8851,8851,62,11,10,1,0,23,9.0,1.0,1.0,8.0
8852,8852,62,11,20,1,0,23,10.0,6.0,6.0,4.0
8853,8853,62,11,30,1,0,23,13.0,8.0,8.0,5.0
8854,8854,62,11,40,1,0,23,12.0,4.0,4.0,8.0
8855,8855,62,11,50,1,0,23,8.0,0.0,0.0,8.0
8856,8856,62,12,0,1,0,23,12.0,7.0,7.0,5.0
8857,8857,62,12,10,1,0,23,16.0,1.0,1.0,15.0
8858,8858,62,12,20,1,0,23,15.0,4.0,4.0,11.0
8859,8859,62,12,30,1,0,23,10.0,3.0,3.0,7.0
8860,8860,62,12,40,1,0,23,10.0,4.0,4.0,6.0
8861,8861,62,12,50,1,0,23,7.0,1.0,1.0,6.0
8862,8862,62,13,0,1,0,23,12.0,3.0,3.0,9.0
8863,8863,62,13,10,1,0,23,4.0,3.0,3.0,1.0
8864,8864,62,13,20,1,0,23,11.0,7.0,7.0,4.0
8865,8865,62,13,30,1,0,23,2.0,1.0,1.0,1.0
8866,8866,62,13,40,1,0,23,9.0,6.0,6.0,3.0
8867,8867,62,13,50,1,0,23,11.0,2.0,2.0,9.0
8868,8868,62,14,0,1,0,23,4.0,3.0,3.0,1.0
8869,8869,62,14,10,1,0,23,8.0,2.0,2.0,6.0
8870,8870,62,14,20,1,0,23,8.0,5.0,5.0,3.0
8871,8871,62,14,30,1,0,23,9.0,2.0,2.0,7.0
8872,8872,62,14,40,1,0,23,13.0,7.0,7.0,6.0
8873,8873,62,14,50,1,0,23,12.0,4.0,4.0,8.0
8874,8874,62,15,0,1,0,23,16.0,4.0,4.0,12.0
8875,8875,62,15,10,1,0,23,8.0,3.0,3.0,5.0
8876,8876,62,15,20,1,0,23,18.0,7.0,7.0,11.0
8877,8877,62,15,30,1,0,23,9.0,2.0,2.0,7.0
8878,8878,62,15,40,1,0,23,10.0,3.0,3.0,7.0
8879,8879,62,15,50,1,0,23,10.0,2.0,2.0,8.0
8880,8880,62,16,0,1,0,23,20.0,4.0,4.0,16.0
8881,8881,62,16,10,1,0,23,14.0,4.0,4.0,10.0
8882,8882,62,16,20,1,0,23,17.0,6.0,6.0,11.0
8883,8883,62,16,30,1,0,23,28.0,2.0,2.0,26.0
8884,8884,62,16,40,1,0,23,94.0,7.0,7.0,87.0
8885,8885,62,16,50,1,0,23,63.0,6.0,6.0,57.0
8886,8886,62,17,0,1,0,23,69.0,12.0,12.0,57.0
8887,8887,62,17,10,1,0,23,47.0,11.0,11.0,36.0
8888,8888,62,17,20,1,0,23,30.0,10.0,10.0,20.0
8889,8889,62,17,30,1,0,23,28.0,9.0,9.0,19.0
8890,8890,62,17,40,1,0,23,19.0,6.0,6.0,13.0
8891,8891,62,17,50,1,0,23,22.0,9.0,9.0,13.0
8892,8892,62,18,0,1,0,23,28.0,20.0,20.0,8.0
8893,8893,62,18,10,1,0,23,31.0,15.0,15.0,16.0
8894,8894,62,18,20,1,0,23,20.0,9.0,9.0,11.0
8895,8895,62,18,30,1,0,23,27.0,11.0,11.0,16.0
8896,8896,62,18,40,1,0,23,18.0,7.0,7.0,11.0
8897,8897,62,18,50,1,0,23,23.0,12.0,12.0,11.0
8898,8898,62,19,0,1,0,23,13.0,5.0,5.0,8.0
8899,8899,62,19,10,1,0,23,18.0,9.0,9.0,9.0
8900,8900,62,19,20,1,0,23,8.0,3.0,3.0,5.0
8901,8901,62,19,30,1,0,23,16.0,8.0,8.0,8.0
8902,8902,62,19,40,1,0,23,10.0,9.0,9.0,1.0
8903,8903,62,19,50,1,0,23,11.0,7.0,7.0,4.0
8904,8904,62,20,0,1,0,23,12.0,5.0,5.0,7.0
8905,8905,62,20,10,1,0,23,7.0,5.0,5.0,2.0
8906,8906,62,20,20,1,0,23,7.0,2.0,2.0,5.0
8907,8907,62,20,30,1,0,23,10.0,8.0,8.0,2.0
8908,8908,62,20,40,1,0,23,8.0,3.0,3.0,5.0
8909,8909,62,20,50,1,0,23,6.0,3.0,3.0,3.0
8910,8910,62,21,0,1,0,23,5.0,2.0,2.0,3.0
8911,8911,62,21,10,1,0,23,7.0,6.0,6.0,1.0
8912,8912,62,21,20,1,0,23,2.0,1.0,1.0,1.0
8913,8913,62,21,30,1,0,23,9.0,8.0,8.0,1.0
8914,8914,62,21,40,1,0,23,9.0,8.0,8.0,1.0
8915,8915,62,21,50,1,0,23,3.0,3.0,3.0,0.0
8916,8916,62,22,0,1,0,23,5.0,5.0,5.0,0.0
8917,8917,62,22,10,1,0,23,1.0,1.0,1.0,0.0
8918,8918,62,22,20,1,0,23,0.0,0.0,0.0,0.0
8919,8919,62,22,30,1,0,23,8.0,8.0,8.0,0.0
8920,8920,62,22,40,1,0,23,0.0,0.0,0.0,0.0
8921,8921,62,22,50,1,0,23,0.0,0.0,0.0,0.0
8958,8958,63,5,0,1,0,23,0.0,0.0,0.0,0.0
8959,8959,63,5,10,1,0,23,0.0,0.0,0.0,0.0
8960,8960,63,5,20,1,0,23,0.0,0.0,0.0,0.0
8961,8961,63,5,30,1,0,23,0.0,0.0,0.0,0.0
8962,8962,63,5,40,1,0,23,1.0,0.0,0.0,1.0
8963,8963,63,5,50,1,0,23,10.0,0.0,0.0,10.0
8964,8964,63,6,0,1,0,23,6.0,0.0,0.0,6.0
8965,8965,63,6,10,1,0,23,16.0,7.0,7.0,9.0
8966,8966,63,6,20,1,0,23,18.0,0.0,0.0,18.0
8967,8967,63,6,30,1,0,23,33.0,20.0,20.0,13.0
8968,8968,63,6,40,1,0,23,44.0,15.0,15.0,29.0
8969,8969,63,6,50,1,0,23,48.0,12.0,12.0,36.0
8970,8970,63,7,0,1,0,23,66.0,23.0,23.0,43.0
8971,8971,63,7,10,1,0,23,91.0,38.0,38.0,53.0
8972,8972,63,7,20,1,0,23,123.0,78.0,78.0,45.0
8973,8973,63,7,30,1,0,23,166.0,98.0,98.0,68.0
8974,8974,63,7,40,1,0,23,258.0,176.0,176.0,82.0
8975,8975,63,7,50,1,0,23,249.0,182.0,182.0,67.0
8976,8976,63,8,0,1,0,23,559.0,464.0,464.0,95.0
8977,8977,63,8,10,1,0,23,502.0,410.0,410.0,92.0
8978,8978,63,8,20,1,0,23,637.0,568.0,568.0,69.0
8979,8979,63,8,30,1,0,23,446.0,394.0,394.0,52.0
8980,8980,63,8,40,1,0,23,711.0,654.0,654.0,57.0
8981,8981,63,8,50,1,0,23,418.0,356.0,356.0,62.0
8982,8982,63,9,0,1,0,23,344.0,299.0,299.0,45.0
8983,8983,63,9,10,1,0,23,237.0,179.0,179.0,58.0
8984,8984,63,9,20,1,0,23,199.0,166.0,166.0,33.0
8985,8985,63,9,30,1,0,23,176.0,133.0,133.0,43.0
8986,8986,63,9,40,1,0,23,120.0,98.0,98.0,22.0
8987,8987,63,9,50,1,0,23,83.0,52.0,52.0,31.0
8988,8988,63,10,0,1,0,23,98.0,61.0,61.0,37.0
8989,8989,63,10,10,1,0,23,83.0,64.0,64.0,19.0
8990,8990,63,10,20,1,0,23,79.0,42.0,42.0,37.0
8991,8991,63,10,30,1,0,23,63.0,35.0,35.0,28.0
8992,8992,63,10,40,1,0,23,65.0,40.0,40.0,25.0
8993,8993,63,10,50,1,0,23,55.0,28.0,28.0,27.0
8994,8994,63,11,0,1,0,23,82.0,40.0,40.0,42.0
8995,8995,63,11,10,1,0,23,61.0,31.0,31.0,30.0
8996,8996,63,11,20,1,0,23,58.0,29.0,29.0,29.0
8997,8997,63,11,30,1,0,23,77.0,35.0,35.0,42.0
8998,8998,63,11,40,1,0,23,64.0,34.0,34.0,30.0
8999,8999,63,11,50,1,0,23,61.0,16.0,16.0,45.0
9000,9000,63,12,0,1,0,23,85.0,35.0,35.0,50.0
9001,9001,63,12,10,1,0,23,52.0,26.0,26.0,26.0
9002,9002,63,12,20,1,0,23,62.0,30.0,30.0,32.0
9003,9003,63,12,30,1,0,23,64.0,25.0,25.0,39.0
9004,9004,63,12,40,1,0,23,82.0,35.0,35.0,47.0
9005,9005,63,12,50,1,0,23,99.0,57.0,57.0,42.0
9006,9006,63,13,0,1,0,23,79.0,51.0,51.0,28.0
9007,9007,63,13,10,1,0,23,78.0,48.0,48.0,30.0
9008,9008,63,13,20,1,0,23,82.0,41.0,41.0,41.0
9009,9009,63,13,30,1,0,23,67.0,36.0,36.0,31.0
9010,9010,63,13,40,1,0,23,63.0,25.0,25.0,38.0
9011,9011,63,13,50,1,0,23,55.0,25.0,25.0,30.0
9012,9012,63,14,0,1,0,23,55.0,36.0,36.0,19.0
9013,9013,63,14,10,1,0,23,59.0,24.0,24.0,35.0
9014,9014,63,14,20,1,0,23,59.0,31.0,31.0,28.0
9015,9015,63,14,30,1,0,23,58.0,22.0,22.0,36.0
9016,9016,63,14,40,1,0,23,72.0,30.0,30.0,42.0
9017,9017,63,14,50,1,0,23,78.0,39.0,39.0,39.0
9018,9018,63,15,0,1,0,23,75.0,33.0,33.0,42.0
9019,9019,63,15,10,1,0,23,72.0,33.0,33.0,39.0
9020,9020,63,15,20,1,0,23,83.0,30.0,30.0,53.0
9021,9021,63,15,30,1,0,23,71.0,17.0,17.0,54.0
9022,9022,63,15,40,1,0,23,74.0,25.0,25.0,49.0
9023,9023,63,15,50,1,0,23,79.0,37.0,37.0,42.0
9024,9024,63,16,0,1,0,23,80.0,40.0,40.0,40.0
9025,9025,63,16,10,1,0,23,81.0,19.0,19.0,62.0
9026,9026,63,16,20,1,0,23,100.0,39.0,39.0,61.0
9027,9027,63,16,30,1,0,23,94.0,33.0,33.0,61.0
9028,9028,63,16,40,1,0,23,128.0,42.0,42.0,86.0
9029,9029,63,16,50,1,0,23,120.0,33.0,33.0,87.0
9030,9030,63,17,0,1,0,23,292.0,33.0,33.0,259.0
9031,9031,63,17,10,1,0,23,444.0,52.0,52.0,392.0
9032,9032,63,17,20,1,0,23,261.0,41.0,41.0,220.0
9033,9033,63,17,30,1,0,23,307.0,50.0,50.0,257.0
9034,9034,63,17,40,1,0,23,548.0,71.0,71.0,477.0
9035,9035,63,17,50,1,0,23,382.0,67.0,67.0,315.0
9036,9036,63,18,0,1,0,23,286.0,62.0,62.0,224.0
9037,9037,63,18,10,1,0,23,380.0,77.0,77.0,303.0
9038,9038,63,18,20,1,0,23,288.0,77.0,77.0,211.0
9039,9039,63,18,30,1,0,23,232.0,75.0,75.0,157.0
9040,9040,63,18,40,1,0,23,185.0,54.0,54.0,131.0
9041,9041,63,18,50,1,0,23,180.0,68.0,68.0,112.0
9042,9042,63,19,0,1,0,23,119.0,31.0,31.0,88.0
9043,9043,63,19,10,1,0,23,116.0,47.0,47.0,69.0
9044,9044,63,19,20,1,0,23,91.0,31.0,31.0,60.0
9045,9045,63,19,30,1,0,23,89.0,28.0,28.0,61.0
9046,9046,63,19,40,1,0,23,83.0,30.0,30.0,53.0
9047,9047,63,19,50,1,0,23,71.0,20.0,20.0,51.0
9048,9048,63,20,0,1,0,23,58.0,17.0,17.0,41.0
9049,9049,63,20,10,1,0,23,76.0,28.0,28.0,48.0
9050,9050,63,20,20,1,0,23,56.0,19.0,19.0,37.0
9051,9051,63,20,30,1,0,23,55.0,21.0,21.0,34.0
9052,9052,63,20,40,1,0,23,57.0,24.0,24.0,33.0
9053,9053,63,20,50,1,0,23,68.0,24.0,24.0,44.0
9054,9054,63,21,0,1,0,23,51.0,27.0,27.0,24.0
9055,9055,63,21,10,1,0,23,65.0,21.0,21.0,44.0
9056,9056,63,21,20,1,0,23,68.0,38.0,38.0,30.0
9057,9057,63,21,30,1,0,23,62.0,37.0,37.0,25.0
9058,9058,63,21,40,1,0,23,48.0,26.0,26.0,22.0
9059,9059,63,21,50,1,0,23,48.0,29.0,29.0,19.0
9060,9060,63,22,0,1,0,23,40.0,22.0,22.0,18.0
9061,9061,63,22,10,1,0,23,39.0,26.0,26.0,13.0
9062,9062,63,22,20,1,0,23,21.0,15.0,15.0,6.0
9063,9063,63,22,30,1,0,23,4.0,4.0,4.0,0.0
9064,9064,63,22,40,1,0,23,0.0,0.0,0.0,0.0
9065,9065,63,22,50,1,0,23,0.0,0.0,0.0,0.0
9102,9102,64,5,0,1,0,23,0.0,0.0,0.0,0.0
9103,9103,64,5,10,1,0,23,0.0,0.0,0.0,0.0
9104,9104,64,5,20,1,0,23,0.0,0.0,0.0,0.0
9105,9105,64,5,30,1,0,23,0.0,0.0,0.0,0.0
9106,9106,64,5,40,1,0,23,1.0,0.0,0.0,1.0
9107,9107,64,5,50,1,0,23,5.0,0.0,0.0,5.0
9108,9108,64,6,0,1,0,23,22.0,6.0,6.0,16.0
9109,9109,64,6,10,1,0,23,39.0,2.0,2.0,37.0
9110,9110,64,6,20,1,0,23,83.0,14.0,14.0,69.0
9111,9111,64,6,30,1,0,23,106.0,19.0,19.0,87.0
9112,9112,64,6,40,1,0,23,105.0,22.0,22.0,83.0
9113,9113,64,6,50,1,0,23,139.0,28.0,28.0,111.0
9114,9114,64,7,0,1,0,23,183.0,27.0,27.0,156.0
9115,9115,64,7,10,1,0,23,251.0,62.0,62.0,189.0
9116,9116,64,7,20,1,0,23,263.0,61.0,61.0,202.0
9117,9117,64,7,30,1,0,23,368.0,77.0,77.0,291.0
9118,9118,64,7,40,1,0,23,478.0,132.0,132.0,346.0
9119,9119,64,7,50,1,0,23,555.0,111.0,111.0,444.0
9120,9120,64,8,0,1,0,23,581.0,139.0,139.0,442.0
9121,9121,64,8,10,1,0,23,606.0,158.0,158.0,448.0
9122,9122,64,8,20,1,0,23,556.0,171.0,171.0,385.0
9123,9123,64,8,30,1,0,23,473.0,139.0,139.0,334.0
9124,9124,64,8,40,1,0,23,410.0,161.0,161.0,249.0
9125,9125,64,8,50,1,0,23,286.0,96.0,96.0,190.0
9126,9126,64,9,0,1,0,23,280.0,99.0,99.0,181.0
9127,9127,64,9,10,1,0,23,243.0,78.0,78.0,165.0
9128,9128,64,9,20,1,0,23,246.0,104.0,104.0,142.0
9129,9129,64,9,30,1,0,23,168.0,71.0,71.0,97.0
9130,9130,64,9,40,1,0,23,122.0,46.0,46.0,76.0
9131,9131,64,9,50,1,0,23,124.0,45.0,45.0,79.0
9132,9132,64,10,0,1,0,23,126.0,55.0,55.0,71.0
9133,9133,64,10,10,1,0,23,117.0,44.0,44.0,73.0
9134,9134,64,10,20,1,0,23,95.0,43.0,43.0,52.0
9135,9135,64,10,30,1,0,23,92.0,38.0,38.0,54.0
9136,9136,64,10,40,1,0,23,98.0,42.0,42.0,56.0
9137,9137,64,10,50,1,0,23,79.0,31.0,31.0,48.0
9138,9138,64,11,0,1,0,23,93.0,36.0,36.0,57.0
9139,9139,64,11,10,1,0,23,84.0,32.0,32.0,52.0
9140,9140,64,11,20,1,0,23,92.0,32.0,32.0,60.0
9141,9141,64,11,30,1,0,23,79.0,39.0,39.0,40.0
9142,9142,64,11,40,1,0,23,91.0,36.0,36.0,55.0
9143,9143,64,11,50,1,0,23,102.0,38.0,38.0,64.0
9144,9144,64,12,0,1,0,23,81.0,33.0,33.0,48.0
9145,9145,64,12,10,1,0,23,113.0,45.0,45.0,68.0
9146,9146,64,12,20,1,0,23,83.0,40.0,40.0,43.0
9147,9147,64,12,30,1,0,23,99.0,49.0,49.0,50.0
9148,9148,64,12,40,1,0,23,114.0,50.0,50.0,64.0
9149,9149,64,12,50,1,0,23,93.0,51.0,51.0,42.0
9150,9150,64,13,0,1,0,23,82.0,42.0,42.0,40.0
9151,9151,64,13,10,1,0,23,86.0,40.0,40.0,46.0
9152,9152,64,13,20,1,0,23,99.0,55.0,55.0,44.0
9153,9153,64,13,30,1,0,23,82.0,50.0,50.0,32.0
9154,9154,64,13,40,1,0,23,90.0,39.0,39.0,51.0
9155,9155,64,13,50,1,0,23,85.0,37.0,37.0,48.0
9156,9156,64,14,0,1,0,23,105.0,52.0,52.0,53.0
9157,9157,64,14,10,1,0,23,78.0,39.0,39.0,39.0
9158,9158,64,14,20,1,0,23,93.0,57.0,57.0,36.0
9159,9159,64,14,30,1,0,23,109.0,51.0,51.0,58.0
9160,9160,64,14,40,1,0,23,91.0,44.0,44.0,47.0
9161,9161,64,14,50,1,0,23,85.0,45.0,45.0,40.0
9162,9162,64,15,0,1,0,23,94.0,50.0,50.0,44.0
9163,9163,64,15,10,1,0,23,122.0,67.0,67.0,55.0
9164,9164,64,15,20,1,0,23,88.0,38.0,38.0,50.0
9165,9165,64,15,30,1,0,23,94.0,52.0,52.0,42.0
9166,9166,64,15,40,1,0,23,144.0,86.0,86.0,58.0
9167,9167,64,15,50,1,0,23,124.0,80.0,80.0,44.0
9168,9168,64,16,0,1,0,23,124.0,78.0,78.0,46.0
9169,9169,64,16,10,1,0,23,133.0,69.0,69.0,64.0
9170,9170,64,16,20,1,0,23,144.0,75.0,75.0,69.0
9171,9171,64,16,30,1,0,23,158.0,74.0,74.0,84.0
9172,9172,64,16,40,1,0,23,180.0,83.0,83.0,97.0
9173,9173,64,16,50,1,0,23,168.0,91.0,91.0,77.0
9174,9174,64,17,0,1,0,23,251.0,110.0,110.0,141.0
9175,9175,64,17,10,1,0,23,307.0,179.0,179.0,128.0
9176,9176,64,17,20,1,0,23,287.0,180.0,180.0,107.0
9177,9177,64,17,30,1,0,23,297.0,185.0,185.0,112.0
9178,9178,64,17,40,1,0,23,354.0,232.0,232.0,122.0
9179,9179,64,17,50,1,0,23,326.0,243.0,243.0,83.0
9180,9180,64,18,0,1,0,23,339.0,255.0,255.0,84.0
9181,9181,64,18,10,1,0,23,372.0,266.0,266.0,106.0
9182,9182,64,18,20,1,0,23,348.0,285.0,285.0,63.0
9183,9183,64,18,30,1,0,23,320.0,249.0,249.0,71.0
9184,9184,64,18,40,1,0,23,325.0,258.0,258.0,67.0
9185,9185,64,18,50,1,0,23,300.0,252.0,252.0,48.0
9186,9186,64,19,0,1,0,23,209.0,160.0,160.0,49.0
9187,9187,64,19,10,1,0,23,179.0,150.0,150.0,29.0
9188,9188,64,19,20,1,0,23,152.0,107.0,107.0,45.0
9189,9189,64,19,30,1,0,23,143.0,105.0,105.0,38.0
9190,9190,64,19,40,1,0,23,142.0,115.0,115.0,27.0
9191,9191,64,19,50,1,0,23,113.0,85.0,85.0,28.0
9192,9192,64,20,0,1,0,23,127.0,86.0,86.0,41.0
9193,9193,64,20,10,1,0,23,115.0,82.0,82.0,33.0
9194,9194,64,20,20,1,0,23,108.0,65.0,65.0,43.0
9195,9195,64,20,30,1,0,23,95.0,67.0,67.0,28.0
9196,9196,64,20,40,1,0,23,71.0,45.0,45.0,26.0
9197,9197,64,20,50,1,0,23,78.0,62.0,62.0,16.0
9198,9198,64,21,0,1,0,23,74.0,56.0,56.0,18.0
9199,9199,64,21,10,1,0,23,121.0,90.0,90.0,31.0
9200,9200,64,21,20,1,0,23,113.0,87.0,87.0,26.0
9201,9201,64,21,30,1,0,23,91.0,67.0,67.0,24.0
9202,9202,64,21,40,1,0,23,92.0,74.0,74.0,18.0
9203,9203,64,21,50,1,0,23,88.0,76.0,76.0,12.0
9204,9204,64,22,0,1,0,23,94.0,72.0,72.0,22.0
9205,9205,64,22,10,1,0,23,93.0,76.0,76.0,17.0
9206,9206,64,22,20,1,0,23,112.0,105.0,105.0,7.0
9207,9207,64,22,30,1,0,23,6.0,4.0,4.0,2.0
9208,9208,64,22,40,1,0,23,0.0,0.0,0.0,0.0
9209,9209,64,22,50,1,0,23,0.0,0.0,0.0,0.0
9246,9246,65,5,0,1,0,23,0.0,0.0,0.0,0.0
9247,9247,65,5,10,1,0,23,0.0,0.0,0.0,0.0
9248,9248,65,5,20,1,0,23,0.0,0.0,0.0,0.0
9249,9249,65,5,30,1,0,23,6.0,0.0,0.0,6.0
9250,9250,65,5,40,1,0,23,36.0,0.0,0.0,36.0
9251,9251,65,5,50,1,0,23,32.0,0.0,0.0,32.0
9252,9252,65,6,0,1,0,23,35.0,1.0,1.0,34.0
9253,9253,65,6,10,1,0,23,35.0,0.0,0.0,35.0
9254,9254,65,6,20,1,0,23,51.0,0.0,0.0,51.0
9255,9255,65,6,30,1,0,23,94.0,30.0,30.0,64.0
9256,9256,65,6,40,1,0,23,100.0,13.0,13.0,87.0
9257,9257,65,6,50,1,0,23,128.0,27.0,27.0,101.0
9258,9258,65,7,0,1,0,23,166.0,54.0,54.0,112.0
9259,9259,65,7,10,1,0,23,248.0,102.0,102.0,146.0
9260,9260,65,7,20,1,0,23,299.0,119.0,119.0,180.0
9261,9261,65,7,30,1,0,23,447.0,191.0,191.0,256.0
9262,9262,65,7,40,1,0,23,516.0,263.0,263.0,253.0
9263,9263,65,7,50,1,0,23,723.0,407.0,407.0,316.0
9264,9264,65,8,0,1,0,23,453.0,259.0,259.0,194.0
9265,9265,65,8,10,1,0,23,473.0,309.0,309.0,164.0
9266,9266,65,8,20,1,0,23,600.0,467.0,467.0,133.0
9267,9267,65,8,30,1,0,23,754.0,651.0,651.0,103.0
9268,9268,65,8,40,1,0,23,320.0,213.0,213.0,107.0
9269,9269,65,8,50,1,0,23,238.0,144.0,144.0,94.0
9270,9270,65,9,0,1,0,23,142.0,79.0,79.0,63.0
9271,9271,65,9,10,1,0,23,208.0,145.0,145.0,63.0
9272,9272,65,9,20,1,0,23,93.0,59.0,59.0,34.0
9273,9273,65,9,30,1,0,23,119.0,65.0,65.0,54.0
9274,9274,65,9,40,1,0,23,97.0,63.0,63.0,34.0
9275,9275,65,9,50,1,0,23,111.0,71.0,71.0,40.0
9276,9276,65,10,0,1,0,23,82.0,37.0,37.0,45.0
9277,9277,65,10,10,1,0,23,62.0,28.0,28.0,34.0
9278,9278,65,10,20,1,0,23,89.0,53.0,53.0,36.0
9279,9279,65,10,30,1,0,23,64.0,32.0,32.0,32.0
9280,9280,65,10,40,1,0,23,76.0,36.0,36.0,40.0
9281,9281,65,10,50,1,0,23,60.0,31.0,31.0,29.0
9282,9282,65,11,0,1,0,23,78.0,36.0,36.0,42.0
9283,9283,65,11,10,1,0,23,92.0,42.0,42.0,50.0
9284,9284,65,11,20,1,0,23,95.0,45.0,45.0,50.0
9285,9285,65,11,30,1,0,23,84.0,43.0,43.0,41.0
9286,9286,65,11,40,1,0,23,71.0,37.0,37.0,34.0
9287,9287,65,11,50,1,0,23,95.0,45.0,45.0,50.0
9288,9288,65,12,0,1,0,23,89.0,38.0,38.0,51.0
9289,9289,65,12,10,1,0,23,107.0,37.0,37.0,70.0
9290,9290,65,12,20,1,0,23,99.0,35.0,35.0,64.0
9291,9291,65,12,30,1,0,23,90.0,41.0,41.0,49.0
9292,9292,65,12,40,1,0,23,110.0,51.0,51.0,59.0
9293,9293,65,12,50,1,0,23,85.0,40.0,40.0,45.0
9294,9294,65,13,0,1,0,23,121.0,58.0,58.0,63.0
9295,9295,65,13,10,1,0,23,85.0,37.0,37.0,48.0
9296,9296,65,13,20,1,0,23,93.0,53.0,53.0,40.0
9297,9297,65,13,30,1,0,23,69.0,42.0,42.0,27.0
9298,9298,65,13,40,1,0,23,74.0,47.0,47.0,27.0
9299,9299,65,13,50,1,0,23,68.0,29.0,29.0,39.0
9300,9300,65,14,0,1,0,23,85.0,37.0,37.0,48.0
9301,9301,65,14,10,1,0,23,101.0,57.0,57.0,44.0
9302,9302,65,14,20,1,0,23,84.0,42.0,42.0,42.0
9303,9303,65,14,30,1,0,23,74.0,34.0,34.0,40.0
9304,9304,65,14,40,1,0,23,103.0,55.0,55.0,48.0
9305,9305,65,14,50,1,0,23,96.0,50.0,50.0,46.0
9306,9306,65,15,0,1,0,23,116.0,60.0,60.0,56.0
9307,9307,65,15,10,1,0,23,78.0,41.0,41.0,37.0
9308,9308,65,15,20,1,0,23,98.0,38.0,38.0,60.0
9309,9309,65,15,30,1,0,23,87.0,49.0,49.0,38.0
9310,9310,65,15,40,1,0,23,111.0,52.0,52.0,59.0
9311,9311,65,15,50,1,0,23,101.0,50.0,50.0,51.0
9312,9312,65,16,0,1,0,23,134.0,52.0,52.0,82.0
9313,9313,65,16,10,1,0,23,117.0,47.0,47.0,70.0
9314,9314,65,16,20,1,0,23,178.0,63.0,63.0,115.0
9315,9315,65,16,30,1,0,23,153.0,58.0,58.0,95.0
9316,9316,65,16,40,1,0,23,176.0,67.0,67.0,109.0
9317,9317,65,16,50,1,0,23,154.0,56.0,56.0,98.0
9318,9318,65,17,0,1,0,23,191.0,78.0,78.0,113.0
9319,9319,65,17,10,1,0,23,211.0,69.0,69.0,142.0
9320,9320,65,17,20,1,0,23,232.0,67.0,67.0,165.0
9321,9321,65,17,30,1,0,23,267.0,89.0,89.0,178.0
9322,9322,65,17,40,1,0,23,347.0,130.0,130.0,217.0
9323,9323,65,17,50,1,0,23,342.0,97.0,97.0,245.0
9324,9324,65,18,0,1,0,23,314.0,98.0,98.0,216.0
9325,9325,65,18,10,1,0,23,258.0,133.0,133.0,125.0
9326,9326,65,18,20,1,0,23,207.0,106.0,106.0,101.0
9327,9327,65,18,30,1,0,23,266.0,150.0,150.0,116.0
9328,9328,65,18,40,1,0,23,221.0,164.0,164.0,57.0
9329,9329,65,18,50,1,0,23,216.0,148.0,148.0,68.0
9330,9330,65,19,0,1,0,23,244.0,173.0,173.0,71.0
9331,9331,65,19,10,1,0,23,222.0,145.0,145.0,77.0
9332,9332,65,19,20,1,0,23,232.0,166.0,166.0,66.0
9333,9333,65,19,30,1,0,23,165.0,119.0,119.0,46.0
9334,9334,65,19,40,1,0,23,156.0,94.0,94.0,62.0
9335,9335,65,19,50,1,0,23,153.0,95.0,95.0,58.0
9336,9336,65,20,0,1,0,23,128.0,99.0,99.0,29.0
9337,9337,65,20,10,1,0,23,136.0,91.0,91.0,45.0
9338,9338,65,20,20,1,0,23,162.0,95.0,95.0,67.0
9339,9339,65,20,30,1,0,23,91.0,50.0,50.0,41.0
9340,9340,65,20,40,1,0,23,100.0,52.0,52.0,48.0
9341,9341,65,20,50,1,0,23,118.0,28.0,28.0,90.0
9342,9342,65,21,0,1,0,23,145.0,87.0,87.0,58.0
9343,9343,65,21,10,1,0,23,94.0,53.0,53.0,41.0
9344,9344,65,21,20,1,0,23,88.0,57.0,57.0,31.0
9345,9345,65,21,30,1,0,23,90.0,55.0,55.0,35.0
9346,9346,65,21,40,1,0,23,120.0,79.0,79.0,41.0
9347,9347,65,21,50,1,0,23,76.0,54.0,54.0,22.0
9348,9348,65,22,0,1,0,23,62.0,61.0,61.0,1.0
9349,9349,65,22,10,1,0,23,66.0,66.0,66.0,0.0
9350,9350,65,22,20,1,0,23,43.0,43.0,43.0,0.0
9351,9351,65,22,30,1,0,23,50.0,50.0,50.0,0.0
9352,9352,65,22,40,1,0,23,38.0,38.0,38.0,0.0
9353,9353,65,22,50,1,0,23,22.0,22.0,22.0,0.0
9390,9390,66,5,0,1,0,23,0.0,0.0,0.0,0.0
9391,9391,66,5,10,1,0,23,0.0,0.0,0.0,0.0
9392,9392,66,5,20,1,0,23,0.0,0.0,0.0,0.0
9393,9393,66,5,30,1,0,23,0.0,0.0,0.0,0.0
9394,9394,66,5,40,1,0,23,11.0,1.0,1.0,10.0
9395,9395,66,5,50,1,0,23,22.0,0.0,0.0,22.0
9396,9396,66,6,0,1,0,23,40.0,0.0,0.0,40.0
9397,9397,66,6,10,1,0,23,37.0,0.0,0.0,37.0
9398,9398,66,6,20,1,0,23,53.0,12.0,12.0,41.0
9399,9399,66,6,30,1,0,23,91.0,9.0,9.0,82.0
9400,9400,66,6,40,1,0,23,103.0,15.0,15.0,88.0
9401,9401,66,6,50,1,0,23,150.0,22.0,22.0,128.0
9402,9402,66,7,0,1,0,23,116.0,3.0,3.0,113.0
9403,9403,66,7,10,1,0,23,252.0,86.0,86.0,166.0
9404,9404,66,7,20,1,0,23,264.0,69.0,69.0,195.0
9405,9405,66,7,30,1,0,23,355.0,71.0,71.0,284.0
9406,9406,66,7,40,1,0,23,378.0,104.0,104.0,274.0
9407,9407,66,7,50,1,0,23,603.0,210.0,210.0,393.0
9408,9408,66,8,0,1,0,23,417.0,120.0,120.0,297.0
9409,9409,66,8,10,1,0,23,375.0,96.0,96.0,279.0
9410,9410,66,8,20,1,0,23,352.0,63.0,63.0,289.0
9411,9411,66,8,30,1,0,23,283.0,79.0,79.0,204.0
9412,9412,66,8,40,1,0,23,182.0,41.0,41.0,141.0
9413,9413,66,8,50,1,0,23,112.0,22.0,22.0,90.0
9414,9414,66,9,0,1,0,23,106.0,33.0,33.0,73.0
9415,9415,66,9,10,1,0,23,123.0,49.0,49.0,74.0
9416,9416,66,9,20,1,0,23,100.0,36.0,36.0,64.0
9417,9417,66,9,30,1,0,23,80.0,30.0,30.0,50.0
9418,9418,66,9,40,1,0,23,79.0,31.0,31.0,48.0
9419,9419,66,9,50,1,0,23,59.0,20.0,20.0,39.0
9420,9420,66,10,0,1,0,23,51.0,24.0,24.0,27.0
9421,9421,66,10,10,1,0,23,51.0,15.0,15.0,36.0
9422,9422,66,10,20,1,0,23,36.0,11.0,11.0,25.0
9423,9423,66,10,30,1,0,23,38.0,16.0,16.0,22.0
9424,9424,66,10,40,1,0,23,55.0,20.0,20.0,35.0
9425,9425,66,10,50,1,0,23,44.0,16.0,16.0,28.0
9426,9426,66,11,0,1,0,23,29.0,5.0,5.0,24.0
9427,9427,66,11,10,1,0,23,50.0,23.0,23.0,27.0
9428,9428,66,11,20,1,0,23,49.0,12.0,12.0,37.0
9429,9429,66,11,30,1,0,23,46.0,19.0,19.0,27.0
9430,9430,66,11,40,1,0,23,45.0,14.0,14.0,31.0
9431,9431,66,11,50,1,0,23,67.0,32.0,32.0,35.0
9432,9432,66,12,0,1,0,23,39.0,12.0,12.0,27.0
9433,9433,66,12,10,1,0,23,53.0,17.0,17.0,36.0
9434,9434,66,12,20,1,0,23,49.0,23.0,23.0,26.0
9435,9435,66,12,30,1,0,23,50.0,19.0,19.0,31.0
9436,9436,66,12,40,1,0,23,45.0,18.0,18.0,27.0
9437,9437,66,12,50,1,0,23,47.0,20.0,20.0,27.0
9438,9438,66,13,0,1,0,23,50.0,17.0,17.0,33.0
9439,9439,66,13,10,1,0,23,42.0,19.0,19.0,23.0
9440,9440,66,13,20,1,0,23,49.0,27.0,27.0,22.0
9441,9441,66,13,30,1,0,23,42.0,21.0,21.0,21.0
9442,9442,66,13,40,1,0,23,46.0,30.0,30.0,16.0
9443,9443,66,13,50,1,0,23,42.0,22.0,22.0,20.0
9444,9444,66,14,0,1,0,23,34.0,14.0,14.0,20.0
9445,9445,66,14,10,1,0,23,54.0,26.0,26.0,28.0
9446,9446,66,14,20,1,0,23,27.0,14.0,14.0,13.0
9447,9447,66,14,30,1,0,23,43.0,24.0,24.0,19.0
9448,9448,66,14,40,1,0,23,68.0,42.0,42.0,26.0
9449,9449,66,14,50,1,0,23,46.0,37.0,37.0,9.0
9450,9450,66,15,0,1,0,23,59.0,30.0,30.0,29.0
9451,9451,66,15,10,1,0,23,51.0,30.0,30.0,21.0
9452,9452,66,15,20,1,0,23,44.0,21.0,21.0,23.0
9453,9453,66,15,30,1,0,23,50.0,37.0,37.0,13.0
9454,9454,66,15,40,1,0,23,66.0,47.0,47.0,19.0
9455,9455,66,15,50,1,0,23,70.0,44.0,44.0,26.0
9456,9456,66,16,0,1,0,23,71.0,46.0,46.0,25.0
9457,9457,66,16,10,1,0,23,58.0,28.0,28.0,30.0
9458,9458,66,16,20,1,0,23,82.0,46.0,46.0,36.0
9459,9459,66,16,30,1,0,23,81.0,44.0,44.0,37.0
9460,9460,66,16,40,1,0,23,116.0,55.0,55.0,61.0
9461,9461,66,16,50,1,0,23,107.0,75.0,75.0,32.0
9462,9462,66,17,0,1,0,23,161.0,87.0,87.0,74.0
9463,9463,66,17,10,1,0,23,250.0,65.0,65.0,185.0
9464,9464,66,17,20,1,0,23,205.0,88.0,88.0,117.0
9465,9465,66,17,30,1,0,23,236.0,153.0,153.0,83.0
9466,9466,66,17,40,1,0,23,192.0,122.0,122.0,70.0
9467,9467,66,17,50,1,0,23,189.0,142.0,142.0,47.0
9468,9468,66,18,0,1,0,23,190.0,125.0,125.0,65.0
9469,9469,66,18,10,1,0,23,160.0,123.0,123.0,37.0
9470,9470,66,18,20,1,0,23,198.0,135.0,135.0,63.0
9471,9471,66,18,30,1,0,23,189.0,154.0,154.0,35.0
9472,9472,66,18,40,1,0,23,180.0,161.0,161.0,19.0
9473,9473,66,18,50,1,0,23,200.0,180.0,180.0,20.0
9474,9474,66,19,0,1,0,23,189.0,165.0,165.0,24.0
9475,9475,66,19,10,1,0,23,157.0,129.0,129.0,28.0
9476,9476,66,19,20,1,0,23,144.0,126.0,126.0,18.0
9477,9477,66,19,30,1,0,23,109.0,88.0,88.0,21.0
9478,9478,66,19,40,1,0,23,101.0,85.0,85.0,16.0
9479,9479,66,19,50,1,0,23,93.0,78.0,78.0,15.0
9480,9480,66,20,0,1,0,23,77.0,66.0,66.0,11.0
9481,9481,66,20,10,1,0,23,77.0,62.0,62.0,15.0
9482,9482,66,20,20,1,0,23,81.0,63.0,63.0,18.0
9483,9483,66,20,30,1,0,23,88.0,76.0,76.0,12.0
9484,9484,66,20,40,1,0,23,61.0,46.0,46.0,15.0
9485,9485,66,20,50,1,0,23,67.0,45.0,45.0,22.0
9486,9486,66,21,0,1,0,23,56.0,34.0,34.0,22.0
9487,9487,66,21,10,1,0,23,60.0,47.0,47.0,13.0
9488,9488,66,21,20,1,0,23,40.0,29.0,29.0,11.0
9489,9489,66,21,30,1,0,23,90.0,77.0,77.0,13.0
9490,9490,66,21,40,1,0,23,72.0,57.0,57.0,15.0
9491,9491,66,21,50,1,0,23,53.0,46.0,46.0,7.0
9492,9492,66,22,0,1,0,23,51.0,48.0,48.0,3.0
9493,9493,66,22,10,1,0,23,42.0,42.0,42.0,0.0
9494,9494,66,22,20,1,0,23,33.0,32.0,32.0,1.0
9495,9495,66,22,30,1,0,23,38.0,38.0,38.0,0.0
9496,9496,66,22,40,1,0,23,49.0,48.0,48.0,1.0
9497,9497,66,22,50,1,0,23,1.0,1.0,1.0,0.0
9534,9534,67,5,0,1,0,23,0.0,0.0,0.0,0.0
9535,9535,67,5,10,1,0,23,0.0,0.0,0.0,0.0
9536,9536,67,5,20,1,0,23,0.0,0.0,0.0,0.0
9537,9537,67,5,30,1,0,23,0.0,0.0,0.0,0.0
9538,9538,67,5,40,1,0,23,4.0,0.0,0.0,4.0
9539,9539,67,5,50,1,0,23,6.0,1.0,1.0,5.0
9540,9540,67,6,0,1,0,23,12.0,0.0,0.0,12.0
9541,9541,67,6,10,1,0,23,18.0,0.0,0.0,18.0
9542,9542,67,6,20,1,0,23,35.0,13.0,13.0,22.0
9543,9543,67,6,30,1,0,23,50.0,8.0,8.0,42.0
9544,9544,67,6,40,1,0,23,70.0,17.0,17.0,53.0
9545,9545,67,6,50,1,0,23,94.0,22.0,22.0,72.0
9546,9546,67,7,0,1,0,23,143.0,9.0,9.0,134.0
9547,9547,67,7,10,1,0,23,196.0,31.0,31.0,165.0
9548,9548,67,7,20,1,0,23,219.0,47.0,47.0,172.0
9549,9549,67,7,30,1,0,23,285.0,66.0,66.0,219.0
9550,9550,67,7,40,1,0,23,368.0,92.0,92.0,276.0
9551,9551,67,7,50,1,0,23,422.0,63.0,63.0,359.0
9552,9552,67,8,0,1,0,23,370.0,44.0,44.0,326.0
9553,9553,67,8,10,1,0,23,360.0,58.0,58.0,302.0
9554,9554,67,8,20,1,0,23,277.0,32.0,32.0,245.0
9555,9555,67,8,30,1,0,23,250.0,55.0,55.0,195.0
9556,9556,67,8,40,1,0,23,175.0,31.0,31.0,144.0
9557,9557,67,8,50,1,0,23,144.0,26.0,26.0,118.0
9558,9558,67,9,0,1,0,23,105.0,26.0,26.0,79.0
9559,9559,67,9,10,1,0,23,108.0,36.0,36.0,72.0
9560,9560,67,9,20,1,0,23,79.0,24.0,24.0,55.0
9561,9561,67,9,30,1,0,23,60.0,17.0,17.0,43.0
9562,9562,67,9,40,1,0,23,44.0,8.0,8.0,36.0
9563,9563,67,9,50,1,0,23,51.0,20.0,20.0,31.0
9564,9564,67,10,0,1,0,23,34.0,14.0,14.0,20.0
9565,9565,67,10,10,1,0,23,29.0,8.0,8.0,21.0
9566,9566,67,10,20,1,0,23,36.0,20.0,20.0,16.0
9567,9567,67,10,30,1,0,23,30.0,16.0,16.0,14.0
9568,9568,67,10,40,1,0,23,25.0,13.0,13.0,12.0
9569,9569,67,10,50,1,0,23,22.0,9.0,9.0,13.0
9570,9570,67,11,0,1,0,23,36.0,8.0,8.0,28.0
9571,9571,67,11,10,1,0,23,43.0,17.0,17.0,26.0
9572,9572,67,11,20,1,0,23,23.0,10.0,10.0,13.0
9573,9573,67,11,30,1,0,23,31.0,19.0,19.0,12.0
9574,9574,67,11,40,1,0,23,29.0,19.0,19.0,10.0
9575,9575,67,11,50,1,0,23,38.0,24.0,24.0,14.0
9576,9576,67,12,0,1,0,23,42.0,20.0,20.0,22.0
9577,9577,67,12,10,1,0,23,58.0,33.0,33.0,25.0
9578,9578,67,12,20,1,0,23,38.0,18.0,18.0,20.0
9579,9579,67,12,30,1,0,23,37.0,17.0,17.0,20.0
9580,9580,67,12,40,1,0,23,40.0,20.0,20.0,20.0
9581,9581,67,12,50,1,0,23,38.0,22.0,22.0,16.0
9582,9582,67,13,0,1,0,23,37.0,17.0,17.0,20.0
9583,9583,67,13,10,1,0,23,23.0,13.0,13.0,10.0
9584,9584,67,13,20,1,0,23,32.0,21.0,21.0,11.0
9585,9585,67,13,30,1,0,23,40.0,18.0,18.0,22.0
9586,9586,67,13,40,1,0,23,24.0,17.0,17.0,7.0
9587,9587,67,13,50,1,0,23,26.0,16.0,16.0,10.0
9588,9588,67,14,0,1,0,23,35.0,19.0,19.0,16.0
9589,9589,67,14,10,1,0,23,36.0,20.0,20.0,16.0
9590,9590,67,14,20,1,0,23,38.0,27.0,27.0,11.0
9591,9591,67,14,30,1,0,23,38.0,29.0,29.0,9.0
9592,9592,67,14,40,1,0,23,45.0,34.0,34.0,11.0
9593,9593,67,14,50,1,0,23,41.0,23.0,23.0,18.0
9594,9594,67,15,0,1,0,23,31.0,19.0,19.0,12.0
9595,9595,67,15,10,1,0,23,53.0,35.0,35.0,18.0
9596,9596,67,15,20,1,0,23,45.0,32.0,32.0,13.0
9597,9597,67,15,30,1,0,23,40.0,26.0,26.0,14.0
9598,9598,67,15,40,1,0,23,42.0,34.0,34.0,8.0
9599,9599,67,15,50,1,0,23,37.0,28.0,28.0,9.0
9600,9600,67,16,0,1,0,23,51.0,36.0,36.0,15.0
9601,9601,67,16,10,1,0,23,59.0,37.0,37.0,22.0
9602,9602,67,16,20,1,0,23,68.0,55.0,55.0,13.0
9603,9603,67,16,30,1,0,23,56.0,33.0,33.0,23.0
9604,9604,67,16,40,1,0,23,68.0,51.0,51.0,17.0
9605,9605,67,16,50,1,0,23,92.0,52.0,52.0,40.0
9606,9606,67,17,0,1,0,23,92.0,64.0,64.0,28.0
9607,9607,67,17,10,1,0,23,147.0,101.0,101.0,46.0
9608,9608,67,17,20,1,0,23,170.0,106.0,106.0,64.0
9609,9609,67,17,30,1,0,23,174.0,144.0,144.0,30.0
9610,9610,67,17,40,1,0,23,198.0,163.0,163.0,35.0
9611,9611,67,17,50,1,0,23,214.0,154.0,154.0,60.0
9612,9612,67,18,0,1,0,23,267.0,176.0,176.0,91.0
9613,9613,67,18,10,1,0,23,203.0,176.0,176.0,27.0
9614,9614,67,18,20,1,0,23,201.0,182.0,182.0,19.0
9615,9615,67,18,30,1,0,23,226.0,193.0,193.0,33.0
9616,9616,67,18,40,1,0,23,179.0,159.0,159.0,20.0
9617,9617,67,18,50,1,0,23,181.0,168.0,168.0,13.0
9618,9618,67,19,0,1,0,23,165.0,151.0,151.0,14.0
9619,9619,67,19,10,1,0,23,145.0,130.0,130.0,15.0
9620,9620,67,19,20,1,0,23,110.0,100.0,100.0,10.0
9621,9621,67,19,30,1,0,23,125.0,111.0,111.0,14.0
9622,9622,67,19,40,1,0,23,101.0,90.0,90.0,11.0
9623,9623,67,19,50,1,0,23,74.0,65.0,65.0,9.0
9624,9624,67,20,0,1,0,23,58.0,48.0,48.0,10.0
9625,9625,67,20,10,1,0,23,89.0,74.0,74.0,15.0
9626,9626,67,20,20,1,0,23,65.0,48.0,48.0,17.0
9627,9627,67,20,30,1,0,23,71.0,63.0,63.0,8.0
9628,9628,67,20,40,1,0,23,52.0,41.0,41.0,11.0
9629,9629,67,20,50,1,0,23,75.0,61.0,61.0,14.0
9630,9630,67,21,0,1,0,23,59.0,50.0,50.0,9.0
9631,9631,67,21,10,1,0,23,48.0,36.0,36.0,12.0
9632,9632,67,21,20,1,0,23,50.0,43.0,43.0,7.0
9633,9633,67,21,30,1,0,23,59.0,53.0,53.0,6.0
9634,9634,67,21,40,1,0,23,46.0,39.0,39.0,7.0
9635,9635,67,21,50,1,0,23,46.0,36.0,36.0,10.0
9636,9636,67,22,0,1,0,23,38.0,38.0,38.0,0.0
9637,9637,67,22,10,1,0,23,31.0,29.0,29.0,2.0
9638,9638,67,22,20,1,0,23,32.0,32.0,32.0,0.0
9639,9639,67,22,30,1,0,23,33.0,31.0,31.0,2.0
9640,9640,67,22,40,1,0,23,26.0,26.0,26.0,0.0
9641,9641,67,22,50,1,0,23,2.0,2.0,2.0,0.0
9678,9678,68,5,0,1,0,23,0.0,0.0,0.0,0.0
9679,9679,68,5,10,1,0,23,0.0,0.0,0.0,0.0
9680,9680,68,5,20,1,0,23,0.0,0.0,0.0,0.0
9681,9681,68,5,30,1,0,23,0.0,0.0,0.0,0.0
9682,9682,68,5,40,1,0,23,0.0,0.0,0.0,0.0
9683,9683,68,5,50,1,0,23,6.0,0.0,0.0,6.0
9684,9684,68,6,0,1,0,23,15.0,0.0,0.0,15.0
9685,9685,68,6,10,1,0,23,48.0,5.0,5.0,43.0
9686,9686,68,6,20,1,0,23,83.0,14.0,14.0,69.0
9687,9687,68,6,30,1,0,23,101.0,14.0,14.0,87.0
9688,9688,68,6,40,1,0,23,129.0,25.0,25.0,104.0
9689,9689,68,6,50,1,0,23,131.0,25.0,25.0,106.0
9690,9690,68,7,0,1,0,23,208.0,33.0,33.0,175.0
9691,9691,68,7,10,1,0,23,295.0,39.0,39.0,256.0
9692,9692,68,7,20,1,0,23,359.0,92.0,92.0,267.0
9693,9693,68,7,30,1,0,23,403.0,78.0,78.0,325.0
9694,9694,68,7,40,1,0,23,516.0,113.0,113.0,403.0
9695,9695,68,7,50,1,0,23,540.0,90.0,90.0,450.0
9696,9696,68,8,0,1,0,23,711.0,233.0,233.0,478.0
9697,9697,68,8,10,1,0,23,631.0,173.0,173.0,458.0
9698,9698,68,8,20,1,0,23,574.0,203.0,203.0,371.0
9699,9699,68,8,30,1,0,23,519.0,172.0,172.0,347.0
9700,9700,68,8,40,1,0,23,644.0,400.0,400.0,244.0
9701,9701,68,8,50,1,0,23,458.0,238.0,238.0,220.0
9702,9702,68,9,0,1,0,23,395.0,246.0,246.0,149.0
9703,9703,68,9,10,1,0,23,355.0,226.0,226.0,129.0
9704,9704,68,9,20,1,0,23,308.0,221.0,221.0,87.0
9705,9705,68,9,30,1,0,23,211.0,128.0,128.0,83.0
9706,9706,68,9,40,1,0,23,172.0,112.0,112.0,60.0
9707,9707,68,9,50,1,0,23,152.0,101.0,101.0,51.0
9708,9708,68,10,0,1,0,23,117.0,62.0,62.0,55.0
9709,9709,68,10,10,1,0,23,123.0,82.0,82.0,41.0
9710,9710,68,10,20,1,0,23,103.0,55.0,55.0,48.0
9711,9711,68,10,30,1,0,23,110.0,59.0,59.0,51.0
9712,9712,68,10,40,1,0,23,82.0,44.0,44.0,38.0
9713,9713,68,10,50,1,0,23,89.0,43.0,43.0,46.0
9714,9714,68,11,0,1,0,23,85.0,38.0,38.0,47.0
9715,9715,68,11,10,1,0,23,73.0,37.0,37.0,36.0
9716,9716,68,11,20,1,0,23,97.0,41.0,41.0,56.0
9717,9717,68,11,30,1,0,23,77.0,32.0,32.0,45.0
9718,9718,68,11,40,1,0,23,87.0,48.0,48.0,39.0
9719,9719,68,11,50,1,0,23,109.0,50.0,50.0,59.0
9720,9720,68,12,0,1,0,23,123.0,54.0,54.0,69.0
9721,9721,68,12,10,1,0,23,114.0,44.0,44.0,70.0
9722,9722,68,12,20,1,0,23,106.0,46.0,46.0,60.0
9723,9723,68,12,30,1,0,23,111.0,48.0,48.0,63.0
9724,9724,68,12,40,1,0,23,103.0,52.0,52.0,51.0
9725,9725,68,12,50,1,0,23,123.0,61.0,61.0,62.0
9726,9726,68,13,0,1,0,23,90.0,42.0,42.0,48.0
9727,9727,68,13,10,1,0,23,112.0,45.0,45.0,67.0
9728,9728,68,13,20,1,0,23,107.0,59.0,59.0,48.0
9729,9729,68,13,30,1,0,23,105.0,67.0,67.0,38.0
9730,9730,68,13,40,1,0,23,112.0,42.0,42.0,70.0
9731,9731,68,13,50,1,0,23,108.0,50.0,50.0,58.0
9732,9732,68,14,0,1,0,23,103.0,47.0,47.0,56.0
9733,9733,68,14,10,1,0,23,94.0,46.0,46.0,48.0
9734,9734,68,14,20,1,0,23,94.0,50.0,50.0,44.0
9735,9735,68,14,30,1,0,23,104.0,52.0,52.0,52.0
9736,9736,68,14,40,1,0,23,87.0,44.0,44.0,43.0
9737,9737,68,14,50,1,0,23,87.0,42.0,42.0,45.0
9738,9738,68,15,0,1,0,23,106.0,53.0,53.0,53.0
9739,9739,68,15,10,1,0,23,105.0,50.0,50.0,55.0
9740,9740,68,15,20,1,0,23,117.0,71.0,71.0,46.0
9741,9741,68,15,30,1,0,23,93.0,55.0,55.0,38.0
9742,9742,68,15,40,1,0,23,103.0,55.0,55.0,48.0
9743,9743,68,15,50,1,0,23,95.0,36.0,36.0,59.0
9744,9744,68,16,0,1,0,23,117.0,49.0,49.0,68.0
9745,9745,68,16,10,1,0,23,155.0,75.0,75.0,80.0
9746,9746,68,16,20,1,0,23,139.0,80.0,80.0,59.0
9747,9747,68,16,30,1,0,23,148.0,75.0,75.0,73.0
9748,9748,68,16,40,1,0,23,190.0,83.0,83.0,107.0
9749,9749,68,16,50,1,0,23,172.0,111.0,111.0,61.0
9750,9750,68,17,0,1,0,23,328.0,150.0,150.0,178.0
9751,9751,68,17,10,1,0,23,304.0,136.0,136.0,168.0
9752,9752,68,17,20,1,0,23,300.0,189.0,189.0,111.0
9753,9753,68,17,30,1,0,23,357.0,215.0,215.0,142.0
9754,9754,68,17,40,1,0,23,479.0,222.0,222.0,257.0
9755,9755,68,17,50,1,0,23,410.0,227.0,227.0,183.0
9756,9756,68,18,0,1,0,23,376.0,237.0,237.0,139.0
9757,9757,68,18,10,1,0,23,511.0,303.0,303.0,208.0
9758,9758,68,18,20,1,0,23,412.0,264.0,264.0,148.0
9759,9759,68,18,30,1,0,23,442.0,298.0,298.0,144.0
9760,9760,68,18,40,1,0,23,386.0,258.0,258.0,128.0
9761,9761,68,18,50,1,0,23,330.0,225.0,225.0,105.0
9762,9762,68,19,0,1,0,23,311.0,241.0,241.0,70.0
9763,9763,68,19,10,1,0,23,245.0,171.0,171.0,74.0
9764,9764,68,19,20,1,0,23,232.0,146.0,146.0,86.0
9765,9765,68,19,30,1,0,23,173.0,118.0,118.0,55.0
9766,9766,68,19,40,1,0,23,197.0,123.0,123.0,74.0
9767,9767,68,19,50,1,0,23,133.0,85.0,85.0,48.0
9768,9768,68,20,0,1,0,23,131.0,70.0,70.0,61.0
9769,9769,68,20,10,1,0,23,138.0,88.0,88.0,50.0
9770,9770,68,20,20,1,0,23,122.0,67.0,67.0,55.0
9771,9771,68,20,30,1,0,23,88.0,43.0,43.0,45.0
9772,9772,68,20,40,1,0,23,137.0,101.0,101.0,36.0
9773,9773,68,20,50,1,0,23,129.0,70.0,70.0,59.0
9774,9774,68,21,0,1,0,23,123.0,85.0,85.0,38.0
9775,9775,68,21,10,1,0,23,135.0,66.0,66.0,69.0
9776,9776,68,21,20,1,0,23,118.0,79.0,79.0,39.0
9777,9777,68,21,30,1,0,23,103.0,69.0,69.0,34.0
9778,9778,68,21,40,1,0,23,94.0,64.0,64.0,30.0
9779,9779,68,21,50,1,0,23,107.0,73.0,73.0,34.0
9780,9780,68,22,0,1,0,23,77.0,55.0,55.0,22.0
9781,9781,68,22,10,1,0,23,64.0,41.0,41.0,23.0
9782,9782,68,22,20,1,0,23,57.0,55.0,55.0,2.0
9783,9783,68,22,30,1,0,23,42.0,42.0,42.0,0.0
9784,9784,68,22,40,1,0,23,0.0,0.0,0.0,0.0
9785,9785,68,22,50,1,0,23,0.0,0.0,0.0,0.0
9822,9822,69,5,0,1,0,23,0.0,0.0,0.0,0.0
9823,9823,69,5,10,1,0,23,0.0,0.0,0.0,0.0
9824,9824,69,5,20,1,0,23,0.0,0.0,0.0,0.0
9825,9825,69,5,30,1,0,23,0.0,0.0,0.0,0.0
9826,9826,69,5,40,1,0,23,7.0,1.0,1.0,6.0
9827,9827,69,5,50,1,0,23,17.0,1.0,1.0,16.0
9828,9828,69,6,0,1,0,23,14.0,0.0,0.0,14.0
9829,9829,69,6,10,1,0,23,37.0,4.0,4.0,33.0
9830,9830,69,6,20,1,0,23,63.0,24.0,24.0,39.0
9831,9831,69,6,30,1,0,23,80.0,25.0,25.0,55.0
9832,9832,69,6,40,1,0,23,118.0,40.0,40.0,78.0
9833,9833,69,6,50,1,0,23,130.0,34.0,34.0,96.0
9834,9834,69,7,0,1,0,23,159.0,55.0,55.0,104.0
9835,9835,69,7,10,1,0,23,197.0,54.0,54.0,143.0
9836,9836,69,7,20,1,0,23,337.0,105.0,105.0,232.0
9837,9837,69,7,30,1,0,23,387.0,98.0,98.0,289.0
9838,9838,69,7,40,1,0,23,408.0,117.0,117.0,291.0
9839,9839,69,7,50,1,0,23,589.0,184.0,184.0,405.0
9840,9840,69,8,0,1,0,23,512.0,137.0,137.0,375.0
9841,9841,69,8,10,1,0,23,711.0,336.0,336.0,375.0
9842,9842,69,8,20,1,0,23,578.0,225.0,225.0,353.0
9843,9843,69,8,30,1,0,23,538.0,291.0,291.0,247.0
9844,9844,69,8,40,1,0,23,565.0,358.0,358.0,207.0
9845,9845,69,8,50,1,0,23,599.0,428.0,428.0,171.0
9846,9846,69,9,0,1,0,23,378.0,225.0,225.0,153.0
9847,9847,69,9,10,1,0,23,294.0,167.0,167.0,127.0
9848,9848,69,9,20,1,0,23,230.0,131.0,131.0,99.0
9849,9849,69,9,30,1,0,23,215.0,116.0,116.0,99.0
9850,9850,69,9,40,1,0,23,207.0,127.0,127.0,80.0
9851,9851,69,9,50,1,0,23,143.0,58.0,58.0,85.0
9852,9852,69,10,0,1,0,23,141.0,62.0,62.0,79.0
9853,9853,69,10,10,1,0,23,172.0,115.0,115.0,57.0
9854,9854,69,10,20,1,0,23,119.0,52.0,52.0,67.0
9855,9855,69,10,30,1,0,23,134.0,81.0,81.0,53.0
9856,9856,69,10,40,1,0,23,130.0,69.0,69.0,61.0
9857,9857,69,10,50,1,0,23,103.0,57.0,57.0,46.0
9858,9858,69,11,0,1,0,23,98.0,42.0,42.0,56.0
9859,9859,69,11,10,1,0,23,100.0,51.0,51.0,49.0
9860,9860,69,11,20,1,0,23,96.0,42.0,42.0,54.0
9861,9861,69,11,30,1,0,23,113.0,54.0,54.0,59.0
9862,9862,69,11,40,1,0,23,98.0,55.0,55.0,43.0
9863,9863,69,11,50,1,0,23,117.0,59.0,59.0,58.0
9864,9864,69,12,0,1,0,23,138.0,58.0,58.0,80.0
9865,9865,69,12,10,1,0,23,106.0,49.0,49.0,57.0
9866,9866,69,12,20,1,0,23,123.0,51.0,51.0,72.0
9867,9867,69,12,30,1,0,23,126.0,70.0,70.0,56.0
9868,9868,69,12,40,1,0,23,122.0,62.0,62.0,60.0
9869,9869,69,12,50,1,0,23,132.0,68.0,68.0,64.0
9870,9870,69,13,0,1,0,23,126.0,56.0,56.0,70.0
9871,9871,69,13,10,1,0,23,135.0,71.0,71.0,64.0
9872,9872,69,13,20,1,0,23,114.0,57.0,57.0,57.0
9873,9873,69,13,30,1,0,23,137.0,69.0,69.0,68.0
9874,9874,69,13,40,1,0,23,123.0,63.0,63.0,60.0
9875,9875,69,13,50,1,0,23,126.0,60.0,60.0,66.0
9876,9876,69,14,0,1,0,23,140.0,68.0,68.0,72.0
9877,9877,69,14,10,1,0,23,97.0,48.0,48.0,49.0
9878,9878,69,14,20,1,0,23,120.0,57.0,57.0,63.0
9879,9879,69,14,30,1,0,23,108.0,57.0,57.0,51.0
9880,9880,69,14,40,1,0,23,131.0,67.0,67.0,64.0
9881,9881,69,14,50,1,0,23,117.0,62.0,62.0,55.0
9882,9882,69,15,0,1,0,23,132.0,56.0,56.0,76.0
9883,9883,69,15,10,1,0,23,152.0,82.0,82.0,70.0
9884,9884,69,15,20,1,0,23,164.0,74.0,74.0,90.0
9885,9885,69,15,30,1,0,23,140.0,59.0,59.0,81.0
9886,9886,69,15,40,1,0,23,133.0,73.0,73.0,60.0
9887,9887,69,15,50,1,0,23,123.0,57.0,57.0,66.0
9888,9888,69,16,0,1,0,23,151.0,73.0,73.0,78.0
9889,9889,69,16,10,1,0,23,146.0,62.0,62.0,84.0
9890,9890,69,16,20,1,0,23,199.0,67.0,67.0,132.0
9891,9891,69,16,30,1,0,23,178.0,67.0,67.0,111.0
9892,9892,69,16,40,1,0,23,189.0,103.0,103.0,86.0
9893,9893,69,16,50,1,0,23,196.0,98.0,98.0,98.0
9894,9894,69,17,0,1,0,23,334.0,101.0,101.0,233.0
9895,9895,69,17,10,1,0,23,395.0,151.0,151.0,244.0
9896,9896,69,17,20,1,0,23,285.0,123.0,123.0,162.0
9897,9897,69,17,30,1,0,23,428.0,229.0,229.0,199.0
9898,9898,69,17,40,1,0,23,450.0,223.0,223.0,227.0
9899,9899,69,17,50,1,0,23,432.0,248.0,248.0,184.0
9900,9900,69,18,0,1,0,23,423.0,261.0,261.0,162.0
9901,9901,69,18,10,1,0,23,496.0,255.0,255.0,241.0
9902,9902,69,18,20,1,0,23,418.0,233.0,233.0,185.0
9903,9903,69,18,30,1,0,23,375.0,254.0,254.0,121.0
9904,9904,69,18,40,1,0,23,350.0,248.0,248.0,102.0
9905,9905,69,18,50,1,0,23,291.0,212.0,212.0,79.0
9906,9906,69,19,0,1,0,23,271.0,187.0,187.0,84.0
9907,9907,69,19,10,1,0,23,214.0,137.0,137.0,77.0
9908,9908,69,19,20,1,0,23,198.0,135.0,135.0,63.0
9909,9909,69,19,30,1,0,23,148.0,99.0,99.0,49.0
9910,9910,69,19,40,1,0,23,163.0,114.0,114.0,49.0
9911,9911,69,19,50,1,0,23,155.0,97.0,97.0,58.0
9912,9912,69,20,0,1,0,23,145.0,90.0,90.0,55.0
9913,9913,69,20,10,1,0,23,143.0,84.0,84.0,59.0
9914,9914,69,20,20,1,0,23,111.0,56.0,56.0,55.0
9915,9915,69,20,30,1,0,23,158.0,109.0,109.0,49.0
9916,9916,69,20,40,1,0,23,117.0,53.0,53.0,64.0
9917,9917,69,20,50,1,0,23,139.0,79.0,79.0,60.0
9918,9918,69,21,0,1,0,23,97.0,55.0,55.0,42.0
9919,9919,69,21,10,1,0,23,130.0,75.0,75.0,55.0
9920,9920,69,21,20,1,0,23,111.0,67.0,67.0,44.0
9921,9921,69,21,30,1,0,23,83.0,49.0,49.0,34.0
9922,9922,69,21,40,1,0,23,112.0,56.0,56.0,56.0
9923,9923,69,21,50,1,0,23,95.0,54.0,54.0,41.0
9924,9924,69,22,0,1,0,23,84.0,55.0,55.0,29.0
9925,9925,69,22,10,1,0,23,68.0,48.0,48.0,20.0
9926,9926,69,22,20,1,0,23,59.0,48.0,48.0,11.0
9927,9927,69,22,30,1,0,23,25.0,25.0,25.0,0.0
9928,9928,69,22,40,1,0,23,0.0,0.0,0.0,0.0
9929,9929,69,22,50,1,0,23,0.0,0.0,0.0,0.0
9966,9966,70,5,0,1,0,23,0.0,0.0,0.0,0.0
9967,9967,70,5,10,1,0,23,0.0,0.0,0.0,0.0
9968,9968,70,5,20,1,0,23,0.0,0.0,0.0,0.0
9969,9969,70,5,30,1,0,23,0.0,0.0,0.0,0.0
9970,9970,70,5,40,1,0,23,4.0,0.0,0.0,4.0
9971,9971,70,5,50,1,0,23,9.0,0.0,0.0,9.0
9972,9972,70,6,0,1,0,23,14.0,1.0,1.0,13.0
9973,9973,70,6,10,1,0,23,19.0,0.0,0.0,19.0
9974,9974,70,6,20,1,0,23,37.0,0.0,0.0,37.0
9975,9975,70,6,30,1,0,23,46.0,11.0,11.0,35.0
9976,9976,70,6,40,1,0,23,64.0,12.0,12.0,52.0
9977,9977,70,6,50,1,0,23,76.0,0.0,0.0,76.0
9978,9978,70,7,0,1,0,23,49.0,18.0,18.0,31.0
9979,9979,70,7,10,1,0,23,147.0,21.0,21.0,126.0
9980,9980,70,7,20,1,0,23,151.0,61.0,61.0,90.0
9981,9981,70,7,30,1,0,23,152.0,58.0,58.0,94.0
9982,9982,70,7,40,1,0,23,187.0,78.0,78.0,109.0
9983,9983,70,7,50,1,0,23,212.0,106.0,106.0,106.0
9984,9984,70,8,0,1,0,23,407.0,252.0,252.0,155.0
9985,9985,70,8,10,1,0,23,323.0,202.0,202.0,121.0
9986,9986,70,8,20,1,0,23,131.0,62.0,62.0,69.0
9987,9987,70,8,30,1,0,23,142.0,60.0,60.0,82.0
9988,9988,70,8,40,1,0,23,111.0,45.0,45.0,66.0
9989,9989,70,8,50,1,0,23,133.0,95.0,95.0,38.0
9990,9990,70,9,0,1,0,23,65.0,44.0,44.0,21.0
9991,9991,70,9,10,1,0,23,72.0,53.0,53.0,19.0
9992,9992,70,9,20,1,0,23,45.0,26.0,26.0,19.0
9993,9993,70,9,30,1,0,23,48.0,23.0,23.0,25.0
9994,9994,70,9,40,1,0,23,32.0,12.0,12.0,20.0
9995,9995,70,9,50,1,0,23,35.0,18.0,18.0,17.0
9996,9996,70,10,0,1,0,23,38.0,13.0,13.0,25.0
9997,9997,70,10,10,1,0,23,28.0,11.0,11.0,17.0
9998,9998,70,10,20,1,0,23,19.0,8.0,8.0,11.0
9999,9999,70,10,30,1,0,23,38.0,12.0,12.0,26.0
10000,10000,70,10,40,1,0,23,34.0,9.0,9.0,25.0
10001,10001,70,10,50,1,0,23,15.0,8.0,8.0,7.0
10002,10002,70,11,0,1,0,23,31.0,12.0,12.0,19.0
10003,10003,70,11,10,1,0,23,30.0,7.0,7.0,23.0
10004,10004,70,11,20,1,0,23,39.0,17.0,17.0,22.0
10005,10005,70,11,30,1,0,23,30.0,7.0,7.0,23.0
10006,10006,70,11,40,1,0,23,20.0,9.0,9.0,11.0
10007,10007,70,11,50,1,0,23,30.0,8.0,8.0,22.0
10008,10008,70,12,0,1,0,23,27.0,4.0,4.0,23.0
10009,10009,70,12,10,1,0,23,32.0,8.0,8.0,24.0
10010,10010,70,12,20,1,0,23,25.0,7.0,7.0,18.0
10011,10011,70,12,30,1,0,23,28.0,7.0,7.0,21.0
10012,10012,70,12,40,1,0,23,23.0,4.0,4.0,19.0
10013,10013,70,12,50,1,0,23,22.0,9.0,9.0,13.0
10014,10014,70,13,0,1,0,23,22.0,7.0,7.0,15.0
10015,10015,70,13,10,1,0,23,37.0,10.0,10.0,27.0
10016,10016,70,13,20,1,0,23,29.0,11.0,11.0,18.0
10017,10017,70,13,30,1,0,23,33.0,21.0,21.0,12.0
10018,10018,70,13,40,1,0,23,24.0,11.0,11.0,13.0
10019,10019,70,13,50,1,0,23,24.0,8.0,8.0,16.0
10020,10020,70,14,0,1,0,23,27.0,10.0,10.0,17.0
10021,10021,70,14,10,1,0,23,22.0,12.0,12.0,10.0
10022,10022,70,14,20,1,0,23,23.0,8.0,8.0,15.0
10023,10023,70,14,30,1,0,23,35.0,14.0,14.0,21.0
10024,10024,70,14,40,1,0,23,21.0,10.0,10.0,11.0
10025,10025,70,14,50,1,0,23,32.0,8.0,8.0,24.0
10026,10026,70,15,0,1,0,23,28.0,7.0,7.0,21.0
10027,10027,70,15,10,1,0,23,29.0,12.0,12.0,17.0
10028,10028,70,15,20,1,0,23,32.0,3.0,3.0,29.0
10029,10029,70,15,30,1,0,23,21.0,11.0,11.0,10.0
10030,10030,70,15,40,1,0,23,35.0,9.0,9.0,26.0
10031,10031,70,15,50,1,0,23,27.0,4.0,4.0,23.0
10032,10032,70,16,0,1,0,23,31.0,12.0,12.0,19.0
10033,10033,70,16,10,1,0,23,47.0,11.0,11.0,36.0
10034,10034,70,16,20,1,0,23,65.0,15.0,15.0,50.0
10035,10035,70,16,30,1,0,23,118.0,15.0,15.0,103.0
10036,10036,70,16,40,1,0,23,95.0,6.0,6.0,89.0
10037,10037,70,16,50,1,0,23,81.0,16.0,16.0,65.0
10038,10038,70,17,0,1,0,23,119.0,14.0,14.0,105.0
10039,10039,70,17,10,1,0,23,203.0,12.0,12.0,191.0
10040,10040,70,17,20,1,0,23,138.0,22.0,22.0,116.0
10041,10041,70,17,30,1,0,23,132.0,39.0,39.0,93.0
10042,10042,70,17,40,1,0,23,90.0,11.0,11.0,79.0
10043,10043,70,17,50,1,0,23,77.0,17.0,17.0,60.0
10044,10044,70,18,0,1,0,23,78.0,22.0,22.0,56.0
10045,10045,70,18,10,1,0,23,104.0,58.0,58.0,46.0
10046,10046,70,18,20,1,0,23,60.0,23.0,23.0,37.0
10047,10047,70,18,30,1,0,23,79.0,42.0,42.0,37.0
10048,10048,70,18,40,1,0,23,44.0,18.0,18.0,26.0
10049,10049,70,18,50,1,0,23,39.0,23.0,23.0,16.0
10050,10050,70,19,0,1,0,23,65.0,44.0,44.0,21.0
10051,10051,70,19,10,1,0,23,33.0,10.0,10.0,23.0
10052,10052,70,19,20,1,0,23,45.0,27.0,27.0,18.0
10053,10053,70,19,30,1,0,23,62.0,38.0,38.0,24.0
10054,10054,70,19,40,1,0,23,28.0,10.0,10.0,18.0
10055,10055,70,19,50,1,0,23,27.0,18.0,18.0,9.0
10056,10056,70,20,0,1,0,23,38.0,23.0,23.0,15.0
10057,10057,70,20,10,1,0,23,28.0,13.0,13.0,15.0
10058,10058,70,20,20,1,0,23,28.0,17.0,17.0,11.0
10059,10059,70,20,30,1,0,23,17.0,7.0,7.0,10.0
10060,10060,70,20,40,1,0,23,30.0,20.0,20.0,10.0
10061,10061,70,20,50,1,0,23,24.0,14.0,14.0,10.0
10062,10062,70,21,0,1,0,23,16.0,7.0,7.0,9.0
10063,10063,70,21,10,1,0,23,21.0,12.0,12.0,9.0
10064,10064,70,21,20,1,0,23,14.0,7.0,7.0,7.0
10065,10065,70,21,30,1,0,23,15.0,9.0,9.0,6.0
10066,10066,70,21,40,1,0,23,10.0,4.0,4.0,6.0
10067,10067,70,21,50,1,0,23,6.0,4.0,4.0,2.0
10068,10068,70,22,0,1,0,23,16.0,15.0,15.0,1.0
10069,10069,70,22,10,1,0,23,11.0,10.0,10.0,1.0
10070,10070,70,22,20,1,0,23,13.0,12.0,12.0,1.0
10071,10071,70,22,30,1,0,23,9.0,9.0,9.0,0.0
10072,10072,70,22,40,1,0,23,11.0,11.0,11.0,0.0
10073,10073,70,22,50,1,0,23,2.0,2.0,2.0,0.0
10110,10110,71,5,0,1,0,23,0.0,0.0,0.0,0.0
10111,10111,71,5,10,1,0,23,0.0,0.0,0.0,0.0
10112,10112,71,5,20,1,0,23,0.0,0.0,0.0,0.0
10113,10113,71,5,30,1,0,23,0.0,0.0,0.0,0.0
10114,10114,71,5,40,1,0,23,3.0,0.0,0.0,3.0
10115,10115,71,5,50,1,0,23,3.0,0.0,0.0,3.0
10116,10116,71,6,0,1,0,23,5.0,0.0,0.0,5.0
10117,10117,71,6,10,1,0,23,18.0,1.0,1.0,17.0
10118,10118,71,6,20,1,0,23,33.0,10.0,10.0,23.0
10119,10119,71,6,30,1,0,23,32.0,13.0,13.0,19.0
10120,10120,71,6,40,1,0,23,42.0,16.0,16.0,26.0
10121,10121,71,6,50,1,0,23,37.0,16.0,16.0,21.0
10122,10122,71,7,0,1,0,23,46.0,20.0,20.0,26.0
10123,10123,71,7,10,1,0,23,76.0,42.0,42.0,34.0
10124,10124,71,7,20,1,0,23,101.0,72.0,72.0,29.0
10125,10125,71,7,30,1,0,23,134.0,76.0,76.0,58.0
10126,10126,71,7,40,1,0,23,161.0,86.0,86.0,75.0
10127,10127,71,7,50,1,0,23,266.0,181.0,181.0,85.0
10128,10128,71,8,0,1,0,23,358.0,260.0,260.0,98.0
10129,10129,71,8,10,1,0,23,395.0,326.0,326.0,69.0
10130,10130,71,8,20,1,0,23,369.0,299.0,299.0,70.0
10131,10131,71,8,30,1,0,23,465.0,413.0,413.0,52.0
10132,10132,71,8,40,1,0,23,432.0,376.0,376.0,56.0
10133,10133,71,8,50,1,0,23,540.0,476.0,476.0,64.0
10134,10134,71,9,0,1,0,23,203.0,164.0,164.0,39.0
10135,10135,71,9,10,1,0,23,224.0,185.0,185.0,39.0
10136,10136,71,9,20,1,0,23,190.0,171.0,171.0,19.0
10137,10137,71,9,30,1,0,23,92.0,69.0,69.0,23.0
10138,10138,71,9,40,1,0,23,80.0,58.0,58.0,22.0
10139,10139,71,9,50,1,0,23,63.0,42.0,42.0,21.0
10140,10140,71,10,0,1,0,23,76.0,51.0,51.0,25.0
10141,10141,71,10,10,1,0,23,53.0,31.0,31.0,22.0
10142,10142,71,10,20,1,0,23,73.0,36.0,36.0,37.0
10143,10143,71,10,30,1,0,23,54.0,32.0,32.0,22.0
10144,10144,71,10,40,1,0,23,52.0,24.0,24.0,28.0
10145,10145,71,10,50,1,0,23,62.0,34.0,34.0,28.0
10146,10146,71,11,0,1,0,23,39.0,14.0,14.0,25.0
10147,10147,71,11,10,1,0,23,41.0,19.0,19.0,22.0
10148,10148,71,11,20,1,0,23,52.0,22.0,22.0,30.0
10149,10149,71,11,30,1,0,23,48.0,20.0,20.0,28.0
10150,10150,71,11,40,1,0,23,54.0,20.0,20.0,34.0
10151,10151,71,11,50,1,0,23,62.0,14.0,14.0,48.0
10152,10152,71,12,0,1,0,23,48.0,20.0,20.0,28.0
10153,10153,71,12,10,1,0,23,52.0,24.0,24.0,28.0
10154,10154,71,12,20,1,0,23,50.0,22.0,22.0,28.0
10155,10155,71,12,30,1,0,23,52.0,22.0,22.0,30.0
10156,10156,71,12,40,1,0,23,46.0,25.0,25.0,21.0
10157,10157,71,12,50,1,0,23,47.0,31.0,31.0,16.0
10158,10158,71,13,0,1,0,23,46.0,19.0,19.0,27.0
10159,10159,71,13,10,1,0,23,58.0,31.0,31.0,27.0
10160,10160,71,13,20,1,0,23,49.0,20.0,20.0,29.0
10161,10161,71,13,30,1,0,23,53.0,26.0,26.0,27.0
10162,10162,71,13,40,1,0,23,72.0,38.0,38.0,34.0
10163,10163,71,13,50,1,0,23,49.0,22.0,22.0,27.0
10164,10164,71,14,0,1,0,23,63.0,35.0,35.0,28.0
10165,10165,71,14,10,1,0,23,61.0,28.0,28.0,33.0
10166,10166,71,14,20,1,0,23,41.0,17.0,17.0,24.0
10167,10167,71,14,30,1,0,23,71.0,29.0,29.0,42.0
10168,10168,71,14,40,1,0,23,56.0,28.0,28.0,28.0
10169,10169,71,14,50,1,0,23,52.0,24.0,24.0,28.0
10170,10170,71,15,0,1,0,23,51.0,29.0,29.0,22.0
10171,10171,71,15,10,1,0,23,72.0,31.0,31.0,41.0
10172,10172,71,15,20,1,0,23,51.0,17.0,17.0,34.0
10173,10173,71,15,30,1,0,23,56.0,24.0,24.0,32.0
10174,10174,71,15,40,1,0,23,52.0,20.0,20.0,32.0
10175,10175,71,15,50,1,0,23,66.0,25.0,25.0,41.0
10176,10176,71,16,0,1,0,23,65.0,22.0,22.0,43.0
10177,10177,71,16,10,1,0,23,58.0,16.0,16.0,42.0
10178,10178,71,16,20,1,0,23,63.0,23.0,23.0,40.0
10179,10179,71,16,30,1,0,23,87.0,23.0,23.0,64.0
10180,10180,71,16,40,1,0,23,87.0,22.0,22.0,65.0
10181,10181,71,16,50,1,0,23,112.0,29.0,29.0,83.0
10182,10182,71,17,0,1,0,23,192.0,38.0,38.0,154.0
10183,10183,71,17,10,1,0,23,225.0,42.0,42.0,183.0
10184,10184,71,17,20,1,0,23,180.0,48.0,48.0,132.0
10185,10185,71,17,30,1,0,23,290.0,35.0,35.0,255.0
10186,10186,71,17,40,1,0,23,434.0,27.0,27.0,407.0
10187,10187,71,17,50,1,0,23,270.0,55.0,55.0,215.0
10188,10188,71,18,0,1,0,23,257.0,55.0,55.0,202.0
10189,10189,71,18,10,1,0,23,320.0,50.0,50.0,270.0
10190,10190,71,18,20,1,0,23,230.0,59.0,59.0,171.0
10191,10191,71,18,30,1,0,23,206.0,55.0,55.0,151.0
10192,10192,71,18,40,1,0,23,130.0,47.0,47.0,83.0
10193,10193,71,18,50,1,0,23,117.0,45.0,45.0,72.0
10194,10194,71,19,0,1,0,23,103.0,42.0,42.0,61.0
10195,10195,71,19,10,1,0,23,71.0,36.0,36.0,35.0
10196,10196,71,19,20,1,0,23,73.0,17.0,17.0,56.0
10197,10197,71,19,30,1,0,23,71.0,32.0,32.0,39.0
10198,10198,71,19,40,1,0,23,76.0,39.0,39.0,37.0
10199,10199,71,19,50,1,0,23,93.0,53.0,53.0,40.0
10200,10200,71,20,0,1,0,23,48.0,18.0,18.0,30.0
10201,10201,71,20,10,1,0,23,83.0,39.0,39.0,44.0
10202,10202,71,20,20,1,0,23,36.0,15.0,15.0,21.0
10203,10203,71,20,30,1,0,23,42.0,18.0,18.0,24.0
10204,10204,71,20,40,1,0,23,36.0,16.0,16.0,20.0
10205,10205,71,20,50,1,0,23,37.0,19.0,19.0,18.0
10206,10206,71,21,0,1,0,23,47.0,26.0,26.0,21.0
10207,10207,71,21,10,1,0,23,44.0,19.0,19.0,25.0
10208,10208,71,21,20,1,0,23,44.0,18.0,18.0,26.0
10209,10209,71,21,30,1,0,23,53.0,36.0,36.0,17.0
10210,10210,71,21,40,1,0,23,51.0,39.0,39.0,12.0
10211,10211,71,21,50,1,0,23,37.0,25.0,25.0,12.0
10212,10212,71,22,0,1,0,23,25.0,17.0,17.0,8.0
10213,10213,71,22,10,1,0,23,44.0,31.0,31.0,13.0
10214,10214,71,22,20,1,0,23,20.0,15.0,15.0,5.0
10215,10215,71,22,30,1,0,23,2.0,2.0,2.0,0.0
10216,10216,71,22,40,1,0,23,0.0,0.0,0.0,0.0
10217,10217,71,22,50,1,0,23,0.0,0.0,0.0,0.0
10254,10254,72,5,0,1,0,23,0.0,0.0,0.0,0.0
10255,10255,72,5,10,1,0,23,0.0,0.0,0.0,0.0
10256,10256,72,5,20,1,0,23,0.0,0.0,0.0,0.0
10257,10257,72,5,30,1,0,23,0.0,0.0,0.0,0.0
10258,10258,72,5,40,1,0,23,6.0,0.0,0.0,6.0
10259,10259,72,5,50,1,0,23,5.0,0.0,0.0,5.0
10260,10260,72,6,0,1,0,23,35.0,0.0,0.0,35.0
10261,10261,72,6,10,1,0,23,35.0,0.0,0.0,35.0
10262,10262,72,6,20,1,0,23,53.0,7.0,7.0,46.0
10263,10263,72,6,30,1,0,23,79.0,10.0,10.0,69.0
10264,10264,72,6,40,1,0,23,108.0,16.0,16.0,92.0
10265,10265,72,6,50,1,0,23,130.0,21.0,21.0,109.0
10266,10266,72,7,0,1,0,23,164.0,24.0,24.0,140.0
10267,10267,72,7,10,1,0,23,177.0,17.0,17.0,160.0
10268,10268,72,7,20,1,0,23,251.0,30.0,30.0,221.0
10269,10269,72,7,30,1,0,23,306.0,19.0,19.0,287.0
10270,10270,72,7,40,1,0,23,355.0,47.0,47.0,308.0
10271,10271,72,7,50,1,0,23,362.0,24.0,24.0,338.0
10272,10272,72,8,0,1,0,23,366.0,19.0,19.0,347.0
10273,10273,72,8,10,1,0,23,370.0,39.0,39.0,331.0
10274,10274,72,8,20,1,0,23,307.0,54.0,54.0,253.0
10275,10275,72,8,30,1,0,23,222.0,33.0,33.0,189.0
10276,10276,72,8,40,1,0,23,138.0,18.0,18.0,120.0
10277,10277,72,8,50,1,0,23,139.0,19.0,19.0,120.0
10278,10278,72,9,0,1,0,23,142.0,41.0,41.0,101.0
10279,10279,72,9,10,1,0,23,101.0,27.0,27.0,74.0
10280,10280,72,9,20,1,0,23,110.0,20.0,20.0,90.0
10281,10281,72,9,30,1,0,23,73.0,22.0,22.0,51.0
10282,10282,72,9,40,1,0,23,66.0,20.0,20.0,46.0
10283,10283,72,9,50,1,0,23,53.0,17.0,17.0,36.0
10284,10284,72,10,0,1,0,23,51.0,10.0,10.0,41.0
10285,10285,72,10,10,1,0,23,59.0,24.0,24.0,35.0
10286,10286,72,10,20,1,0,23,46.0,13.0,13.0,33.0
10287,10287,72,10,30,1,0,23,43.0,19.0,19.0,24.0
10288,10288,72,10,40,1,0,23,30.0,19.0,19.0,11.0
10289,10289,72,10,50,1,0,23,54.0,25.0,25.0,29.0
10290,10290,72,11,0,1,0,23,35.0,11.0,11.0,24.0
10291,10291,72,11,10,1,0,23,42.0,23.0,23.0,19.0
10292,10292,72,11,20,1,0,23,53.0,31.0,31.0,22.0
10293,10293,72,11,30,1,0,23,38.0,18.0,18.0,20.0
10294,10294,72,11,40,1,0,23,44.0,16.0,16.0,28.0
10295,10295,72,11,50,1,0,23,50.0,17.0,17.0,33.0
10296,10296,72,12,0,1,0,23,45.0,13.0,13.0,32.0
10297,10297,72,12,10,1,0,23,50.0,16.0,16.0,34.0
10298,10298,72,12,20,1,0,23,64.0,33.0,33.0,31.0
10299,10299,72,12,30,1,0,23,35.0,15.0,15.0,20.0
10300,10300,72,12,40,1,0,23,35.0,16.0,16.0,19.0
10301,10301,72,12,50,1,0,23,45.0,26.0,26.0,19.0
10302,10302,72,13,0,1,0,23,49.0,27.0,27.0,22.0
10303,10303,72,13,10,1,0,23,55.0,26.0,26.0,29.0
10304,10304,72,13,20,1,0,23,38.0,22.0,22.0,16.0
10305,10305,72,13,30,1,0,23,47.0,23.0,23.0,24.0
10306,10306,72,13,40,1,0,23,48.0,26.0,26.0,22.0
10307,10307,72,13,50,1,0,23,55.0,29.0,29.0,26.0
10308,10308,72,14,0,1,0,23,41.0,24.0,24.0,17.0
10309,10309,72,14,10,1,0,23,39.0,26.0,26.0,13.0
10310,10310,72,14,20,1,0,23,39.0,21.0,21.0,18.0
10311,10311,72,14,30,1,0,23,61.0,40.0,40.0,21.0
10312,10312,72,14,40,1,0,23,37.0,21.0,21.0,16.0
10313,10313,72,14,50,1,0,23,76.0,46.0,46.0,30.0
10314,10314,72,15,0,1,0,23,51.0,34.0,34.0,17.0
10315,10315,72,15,10,1,0,23,49.0,29.0,29.0,20.0
10316,10316,72,15,20,1,0,23,41.0,24.0,24.0,17.0
10317,10317,72,15,30,1,0,23,55.0,38.0,38.0,17.0
10318,10318,72,15,40,1,0,23,48.0,32.0,32.0,16.0
10319,10319,72,15,50,1,0,23,49.0,35.0,35.0,14.0
10320,10320,72,16,0,1,0,23,63.0,44.0,44.0,19.0
10321,10321,72,16,10,1,0,23,73.0,46.0,46.0,27.0
10322,10322,72,16,20,1,0,23,68.0,49.0,49.0,19.0
10323,10323,72,16,30,1,0,23,79.0,42.0,42.0,37.0
10324,10324,72,16,40,1,0,23,103.0,54.0,54.0,49.0
10325,10325,72,16,50,1,0,23,126.0,74.0,74.0,52.0
10326,10326,72,17,0,1,0,23,119.0,72.0,72.0,47.0
10327,10327,72,17,10,1,0,23,130.0,56.0,56.0,74.0
10328,10328,72,17,20,1,0,23,128.0,74.0,74.0,54.0
10329,10329,72,17,30,1,0,23,186.0,125.0,125.0,61.0
10330,10330,72,17,40,1,0,23,169.0,123.0,123.0,46.0
10331,10331,72,17,50,1,0,23,172.0,130.0,130.0,42.0
10332,10332,72,18,0,1,0,23,221.0,147.0,147.0,74.0
10333,10333,72,18,10,1,0,23,211.0,172.0,172.0,39.0
10334,10334,72,18,20,1,0,23,196.0,149.0,149.0,47.0
10335,10335,72,18,30,1,0,23,167.0,141.0,141.0,26.0
10336,10336,72,18,40,1,0,23,183.0,163.0,163.0,20.0
10337,10337,72,18,50,1,0,23,196.0,174.0,174.0,22.0
10338,10338,72,19,0,1,0,23,157.0,142.0,142.0,15.0
10339,10339,72,19,10,1,0,23,177.0,156.0,156.0,21.0
10340,10340,72,19,20,1,0,23,160.0,134.0,134.0,26.0
10341,10341,72,19,30,1,0,23,119.0,97.0,97.0,22.0
10342,10342,72,19,40,1,0,23,111.0,88.0,88.0,23.0
10343,10343,72,19,50,1,0,23,112.0,91.0,91.0,21.0
10344,10344,72,20,0,1,0,23,86.0,61.0,61.0,25.0
10345,10345,72,20,10,1,0,23,93.0,74.0,74.0,19.0
10346,10346,72,20,20,1,0,23,74.0,57.0,57.0,17.0
10347,10347,72,20,30,1,0,23,80.0,58.0,58.0,22.0
10348,10348,72,20,40,1,0,23,77.0,54.0,54.0,23.0
10349,10349,72,20,50,1,0,23,94.0,77.0,77.0,17.0
10350,10350,72,21,0,1,0,23,73.0,64.0,64.0,9.0
10351,10351,72,21,10,1,0,23,81.0,63.0,63.0,18.0
10352,10352,72,21,20,1,0,23,79.0,69.0,69.0,10.0
10353,10353,72,21,30,1,0,23,77.0,65.0,65.0,12.0
10354,10354,72,21,40,1,0,23,71.0,58.0,58.0,13.0
10355,10355,72,21,50,1,0,23,69.0,58.0,58.0,11.0
10356,10356,72,22,0,1,0,23,54.0,51.0,51.0,3.0
10357,10357,72,22,10,1,0,23,39.0,38.0,38.0,1.0
10358,10358,72,22,20,1,0,23,40.0,38.0,38.0,2.0
10359,10359,72,22,30,1,0,23,38.0,38.0,38.0,0.0
10360,10360,72,22,40,1,0,23,18.0,17.0,17.0,1.0
10361,10361,72,22,50,1,0,23,0.0,0.0,0.0,0.0
10398,10398,73,5,0,1,0,23,0.0,0.0,0.0,0.0
10399,10399,73,5,10,1,0,23,0.0,0.0,0.0,0.0
10400,10400,73,5,20,1,0,23,0.0,0.0,0.0,0.0
10401,10401,73,5,30,1,0,23,0.0,0.0,0.0,0.0
10402,10402,73,5,40,1,0,23,0.0,0.0,0.0,0.0
10403,10403,73,5,50,1,0,23,5.0,0.0,0.0,5.0
10404,10404,73,6,0,1,0,23,20.0,0.0,0.0,20.0
10405,10405,73,6,10,1,0,23,35.0,2.0,2.0,33.0
10406,10406,73,6,20,1,0,23,41.0,9.0,9.0,32.0
10407,10407,73,6,30,1,0,23,54.0,9.0,9.0,45.0
10408,10408,73,6,40,1,0,23,95.0,30.0,30.0,65.0
10409,10409,73,6,50,1,0,23,110.0,18.0,18.0,92.0
10410,10410,73,7,0,1,0,23,136.0,20.0,20.0,116.0
10411,10411,73,7,10,1,0,23,182.0,77.0,77.0,105.0
10412,10412,73,7,20,1,0,23,232.0,76.0,76.0,156.0
10413,10413,73,7,30,1,0,23,268.0,85.0,85.0,183.0
10414,10414,73,7,40,1,0,23,333.0,125.0,125.0,208.0
10415,10415,73,7,50,1,0,23,471.0,232.0,232.0,239.0
10416,10416,73,8,0,1,0,23,417.0,193.0,193.0,224.0
10417,10417,73,8,10,1,0,23,726.0,438.0,438.0,288.0
10418,10418,73,8,20,1,0,23,762.0,498.0,498.0,264.0
10419,10419,73,8,30,1,0,23,600.0,381.0,381.0,219.0
10420,10420,73,8,40,1,0,23,892.0,666.0,666.0,226.0
10421,10421,73,8,50,1,0,23,667.0,481.0,481.0,186.0
10422,10422,73,9,0,1,0,23,406.0,280.0,280.0,126.0
10423,10423,73,9,10,1,0,23,437.0,314.0,314.0,123.0
10424,10424,73,9,20,1,0,23,252.0,152.0,152.0,100.0
10425,10425,73,9,30,1,0,23,268.0,188.0,188.0,80.0
10426,10426,73,9,40,1,0,23,231.0,150.0,150.0,81.0
10427,10427,73,9,50,1,0,23,131.0,69.0,69.0,62.0
10428,10428,73,10,0,1,0,23,131.0,62.0,62.0,69.0
10429,10429,73,10,10,1,0,23,138.0,86.0,86.0,52.0
10430,10430,73,10,20,1,0,23,104.0,60.0,60.0,44.0
10431,10431,73,10,30,1,0,23,85.0,45.0,45.0,40.0
10432,10432,73,10,40,1,0,23,89.0,36.0,36.0,53.0
10433,10433,73,10,50,1,0,23,126.0,90.0,90.0,36.0
10434,10434,73,11,0,1,0,23,80.0,46.0,46.0,34.0
10435,10435,73,11,10,1,0,23,88.0,41.0,41.0,47.0
10436,10436,73,11,20,1,0,23,87.0,29.0,29.0,58.0
10437,10437,73,11,30,1,0,23,112.0,62.0,62.0,50.0
10438,10438,73,11,40,1,0,23,109.0,46.0,46.0,63.0
10439,10439,73,11,50,1,0,23,83.0,37.0,37.0,46.0
10440,10440,73,12,0,1,0,23,103.0,37.0,37.0,66.0
10441,10441,73,12,10,1,0,23,118.0,60.0,60.0,58.0
10442,10442,73,12,20,1,0,23,116.0,51.0,51.0,65.0
10443,10443,73,12,30,1,0,23,106.0,48.0,48.0,58.0
10444,10444,73,12,40,1,0,23,105.0,43.0,43.0,62.0
10445,10445,73,12,50,1,0,23,131.0,67.0,67.0,64.0
10446,10446,73,13,0,1,0,23,82.0,41.0,41.0,41.0
10447,10447,73,13,10,1,0,23,115.0,54.0,54.0,61.0
10448,10448,73,13,20,1,0,23,94.0,53.0,53.0,41.0
10449,10449,73,13,30,1,0,23,116.0,61.0,61.0,55.0
10450,10450,73,13,40,1,0,23,116.0,60.0,60.0,56.0
10451,10451,73,13,50,1,0,23,84.0,44.0,44.0,40.0
10452,10452,73,14,0,1,0,23,95.0,47.0,47.0,48.0
10453,10453,73,14,10,1,0,23,100.0,61.0,61.0,39.0
10454,10454,73,14,20,1,0,23,93.0,44.0,44.0,49.0
10455,10455,73,14,30,1,0,23,91.0,38.0,38.0,53.0
10456,10456,73,14,40,1,0,23,103.0,42.0,42.0,61.0
10457,10457,73,14,50,1,0,23,133.0,69.0,69.0,64.0
10458,10458,73,15,0,1,0,23,96.0,50.0,50.0,46.0
10459,10459,73,15,10,1,0,23,90.0,34.0,34.0,56.0
10460,10460,73,15,20,1,0,23,109.0,39.0,39.0,70.0
10461,10461,73,15,30,1,0,23,122.0,57.0,57.0,65.0
10462,10462,73,15,40,1,0,23,115.0,48.0,48.0,67.0
10463,10463,73,15,50,1,0,23,122.0,43.0,43.0,79.0
10464,10464,73,16,0,1,0,23,109.0,44.0,44.0,65.0
10465,10465,73,16,10,1,0,23,146.0,66.0,66.0,80.0
10466,10466,73,16,20,1,0,23,152.0,63.0,63.0,89.0
10467,10467,73,16,30,1,0,23,151.0,60.0,60.0,91.0
10468,10468,73,16,40,1,0,23,127.0,37.0,37.0,90.0
10469,10469,73,16,50,1,0,23,193.0,96.0,96.0,97.0
10470,10470,73,17,0,1,0,23,210.0,74.0,74.0,136.0
10471,10471,73,17,10,1,0,23,303.0,103.0,103.0,200.0
10472,10472,73,17,20,1,0,23,294.0,141.0,141.0,153.0
10473,10473,73,17,30,1,0,23,295.0,85.0,85.0,210.0
10474,10474,73,17,40,1,0,23,541.0,172.0,172.0,369.0
10475,10475,73,17,50,1,0,23,556.0,221.0,221.0,335.0
10476,10476,73,18,0,1,0,23,379.0,124.0,124.0,255.0
10477,10477,73,18,10,1,0,23,569.0,198.0,198.0,371.0
10478,10478,73,18,20,1,0,23,542.0,189.0,189.0,353.0
10479,10479,73,18,30,1,0,23,353.0,173.0,173.0,180.0
10480,10480,73,18,40,1,0,23,361.0,202.0,202.0,159.0
10481,10481,73,18,50,1,0,23,370.0,193.0,193.0,177.0
10482,10482,73,19,0,1,0,23,230.0,106.0,106.0,124.0
10483,10483,73,19,10,1,0,23,273.0,162.0,162.0,111.0
10484,10484,73,19,20,1,0,23,250.0,121.0,121.0,129.0
10485,10485,73,19,30,1,0,23,161.0,58.0,58.0,103.0
10486,10486,73,19,40,1,0,23,185.0,101.0,101.0,84.0
10487,10487,73,19,50,1,0,23,176.0,90.0,90.0,86.0
10488,10488,73,20,0,1,0,23,107.0,41.0,41.0,66.0
10489,10489,73,20,10,1,0,23,143.0,69.0,69.0,74.0
10490,10490,73,20,20,1,0,23,105.0,43.0,43.0,62.0
10491,10491,73,20,30,1,0,23,132.0,71.0,71.0,61.0
10492,10492,73,20,40,1,0,23,135.0,91.0,91.0,44.0
10493,10493,73,20,50,1,0,23,123.0,54.0,54.0,69.0
10494,10494,73,21,0,1,0,23,94.0,46.0,46.0,48.0
10495,10495,73,21,10,1,0,23,110.0,51.0,51.0,59.0
10496,10496,73,21,20,1,0,23,144.0,95.0,95.0,49.0
10497,10497,73,21,30,1,0,23,84.0,49.0,49.0,35.0
10498,10498,73,21,40,1,0,23,109.0,57.0,57.0,52.0
10499,10499,73,21,50,1,0,23,97.0,56.0,56.0,41.0
10500,10500,73,22,0,1,0,23,105.0,70.0,70.0,35.0
10501,10501,73,22,10,1,0,23,56.0,35.0,35.0,21.0
10502,10502,73,22,20,1,0,23,48.0,38.0,38.0,10.0
10503,10503,73,22,30,1,0,23,40.0,34.0,34.0,6.0
10504,10504,73,22,40,1,0,23,16.0,16.0,16.0,0.0
10505,10505,73,22,50,1,0,23,0.0,0.0,0.0,0.0
10542,10542,74,5,0,1,0,23,0.0,0.0,0.0,0.0
10543,10543,74,5,10,1,0,23,0.0,0.0,0.0,0.0
10544,10544,74,5,20,1,0,23,0.0,0.0,0.0,0.0
10545,10545,74,5,30,1,0,23,1.0,0.0,0.0,1.0
10546,10546,74,5,40,1,0,23,3.0,0.0,0.0,3.0
10547,10547,74,5,50,1,0,23,20.0,1.0,1.0,19.0
10548,10548,74,6,0,1,0,23,40.0,0.0,0.0,40.0
10549,10549,74,6,10,1,0,23,45.0,0.0,0.0,45.0
10550,10550,74,6,20,1,0,23,61.0,2.0,2.0,59.0
10551,10551,74,6,30,1,0,23,117.0,11.0,11.0,106.0
10552,10552,74,6,40,1,0,23,133.0,7.0,7.0,126.0
10553,10553,74,6,50,1,0,23,140.0,14.0,14.0,126.0
10554,10554,74,7,0,1,0,23,184.0,14.0,14.0,170.0
10555,10555,74,7,10,1,0,23,207.0,19.0,19.0,188.0
10556,10556,74,7,20,1,0,23,286.0,26.0,26.0,260.0
10557,10557,74,7,30,1,0,23,366.0,28.0,28.0,338.0
10558,10558,74,7,40,1,0,23,477.0,45.0,45.0,432.0
10559,10559,74,7,50,1,0,23,488.0,45.0,45.0,443.0
10560,10560,74,8,0,1,0,23,535.0,43.0,43.0,492.0
10561,10561,74,8,10,1,0,23,554.0,106.0,106.0,448.0
10562,10562,74,8,20,1,0,23,505.0,59.0,59.0,446.0
10563,10563,74,8,30,1,0,23,402.0,89.0,89.0,313.0
10564,10564,74,8,40,1,0,23,449.0,174.0,174.0,275.0
10565,10565,74,8,50,1,0,23,340.0,126.0,126.0,214.0
10566,10566,74,9,0,1,0,23,259.0,84.0,84.0,175.0
10567,10567,74,9,10,1,0,23,219.0,57.0,57.0,162.0
10568,10568,74,9,20,1,0,23,171.0,43.0,43.0,128.0
10569,10569,74,9,30,1,0,23,117.0,34.0,34.0,83.0
10570,10570,74,9,40,1,0,23,119.0,27.0,27.0,92.0
10571,10571,74,9,50,1,0,23,103.0,36.0,36.0,67.0
10572,10572,74,10,0,1,0,23,70.0,16.0,16.0,54.0
10573,10573,74,10,10,1,0,23,102.0,47.0,47.0,55.0
10574,10574,74,10,20,1,0,23,73.0,22.0,22.0,51.0
10575,10575,74,10,30,1,0,23,79.0,30.0,30.0,49.0
10576,10576,74,10,40,1,0,23,76.0,29.0,29.0,47.0
10577,10577,74,10,50,1,0,23,82.0,44.0,44.0,38.0
10578,10578,74,11,0,1,0,23,76.0,30.0,30.0,46.0
10579,10579,74,11,10,1,0,23,83.0,33.0,33.0,50.0
10580,10580,74,11,20,1,0,23,79.0,43.0,43.0,36.0
10581,10581,74,11,30,1,0,23,67.0,30.0,30.0,37.0
10582,10582,74,11,40,1,0,23,57.0,20.0,20.0,37.0
10583,10583,74,11,50,1,0,23,80.0,30.0,30.0,50.0
10584,10584,74,12,0,1,0,23,73.0,27.0,27.0,46.0
10585,10585,74,12,10,1,0,23,105.0,57.0,57.0,48.0
10586,10586,74,12,20,1,0,23,77.0,38.0,38.0,39.0
10587,10587,74,12,30,1,0,23,75.0,20.0,20.0,55.0
10588,10588,74,12,40,1,0,23,108.0,59.0,59.0,49.0
10589,10589,74,12,50,1,0,23,66.0,35.0,35.0,31.0
10590,10590,74,13,0,1,0,23,65.0,24.0,24.0,41.0
10591,10591,74,13,10,1,0,23,70.0,31.0,31.0,39.0
10592,10592,74,13,20,1,0,23,68.0,34.0,34.0,34.0
10593,10593,74,13,30,1,0,23,104.0,64.0,64.0,40.0
10594,10594,74,13,40,1,0,23,60.0,30.0,30.0,30.0
10595,10595,74,13,50,1,0,23,70.0,37.0,37.0,33.0
10596,10596,74,14,0,1,0,23,69.0,32.0,32.0,37.0
10597,10597,74,14,10,1,0,23,95.0,53.0,53.0,42.0
10598,10598,74,14,20,1,0,23,65.0,40.0,40.0,25.0
10599,10599,74,14,30,1,0,23,60.0,33.0,33.0,27.0
10600,10600,74,14,40,1,0,23,55.0,29.0,29.0,26.0
10601,10601,74,14,50,1,0,23,127.0,85.0,85.0,42.0
10602,10602,74,15,0,1,0,23,59.0,33.0,33.0,26.0
10603,10603,74,15,10,1,0,23,63.0,35.0,35.0,28.0
10604,10604,74,15,20,1,0,23,88.0,55.0,55.0,33.0
10605,10605,74,15,30,1,0,23,127.0,78.0,78.0,49.0
10606,10606,74,15,40,1,0,23,92.0,55.0,55.0,37.0
10607,10607,74,15,50,1,0,23,98.0,59.0,59.0,39.0
10608,10608,74,16,0,1,0,23,88.0,61.0,61.0,27.0
10609,10609,74,16,10,1,0,23,148.0,100.0,100.0,48.0
10610,10610,74,16,20,1,0,23,93.0,52.0,52.0,41.0
10611,10611,74,16,30,1,0,23,98.0,62.0,62.0,36.0
10612,10612,74,16,40,1,0,23,139.0,89.0,89.0,50.0
10613,10613,74,16,50,1,0,23,180.0,130.0,130.0,50.0
10614,10614,74,17,0,1,0,23,134.0,86.0,86.0,48.0
10615,10615,74,17,10,1,0,23,206.0,143.0,143.0,63.0
10616,10616,74,17,20,1,0,23,148.0,93.0,93.0,55.0
10617,10617,74,17,30,1,0,23,255.0,186.0,186.0,69.0
10618,10618,74,17,40,1,0,23,289.0,212.0,212.0,77.0
10619,10619,74,17,50,1,0,23,226.0,164.0,164.0,62.0
10620,10620,74,18,0,1,0,23,367.0,257.0,257.0,110.0
10621,10621,74,18,10,1,0,23,482.0,351.0,351.0,131.0
10622,10622,74,18,20,1,0,23,212.0,135.0,135.0,77.0
10623,10623,74,18,30,1,0,23,426.0,339.0,339.0,87.0
10624,10624,74,18,40,1,0,23,449.0,371.0,371.0,78.0
10625,10625,74,18,50,1,0,23,236.0,179.0,179.0,57.0
10626,10626,74,19,0,1,0,23,335.0,299.0,299.0,36.0
10627,10627,74,19,10,1,0,23,257.0,214.0,214.0,43.0
10628,10628,74,19,20,1,0,23,220.0,188.0,188.0,32.0
10629,10629,74,19,30,1,0,23,119.0,87.0,87.0,32.0
10630,10630,74,19,40,1,0,23,195.0,159.0,159.0,36.0
10631,10631,74,19,50,1,0,23,110.0,70.0,70.0,40.0
10632,10632,74,20,0,1,0,23,134.0,110.0,110.0,24.0
10633,10633,74,20,10,1,0,23,136.0,109.0,109.0,27.0
10634,10634,74,20,20,1,0,23,86.0,61.0,61.0,25.0
10635,10635,74,20,30,1,0,23,133.0,102.0,102.0,31.0
10636,10636,74,20,40,1,0,23,103.0,77.0,77.0,26.0
10637,10637,74,20,50,1,0,23,97.0,71.0,71.0,26.0
10638,10638,74,21,0,1,0,23,108.0,75.0,75.0,33.0
10639,10639,74,21,10,1,0,23,179.0,144.0,144.0,35.0
10640,10640,74,21,20,1,0,23,96.0,78.0,78.0,18.0
10641,10641,74,21,30,1,0,23,86.0,69.0,69.0,17.0
10642,10642,74,21,40,1,0,23,68.0,52.0,52.0,16.0
10643,10643,74,21,50,1,0,23,157.0,140.0,140.0,17.0
10644,10644,74,22,0,1,0,23,72.0,53.0,53.0,19.0
10645,10645,74,22,10,1,0,23,88.0,73.0,73.0,15.0
10646,10646,74,22,20,1,0,23,74.0,64.0,64.0,10.0
10647,10647,74,22,30,1,0,23,86.0,83.0,83.0,3.0
10648,10648,74,22,40,1,0,23,45.0,44.0,44.0,1.0
10649,10649,74,22,50,1,0,23,0.0,0.0,0.0,0.0
10686,10686,75,5,0,1,0,23,0.0,0.0,0.0,0.0
10687,10687,75,5,10,1,0,23,0.0,0.0,0.0,0.0
10688,10688,75,5,20,1,0,23,0.0,0.0,0.0,0.0
10689,10689,75,5,30,1,0,23,0.0,0.0,0.0,0.0
10690,10690,75,5,40,1,0,23,0.0,0.0,0.0,0.0
10691,10691,75,5,50,1,0,23,0.0,0.0,0.0,0.0
10692,10692,75,6,0,1,0,23,12.0,1.0,1.0,11.0
10693,10693,75,6,10,1,0,23,28.0,11.0,11.0,17.0
10694,10694,75,6,20,1,0,23,26.0,5.0,5.0,21.0
10695,10695,75,6,30,1,0,23,50.0,14.0,14.0,36.0
10696,10696,75,6,40,1,0,23,79.0,31.0,31.0,48.0
10697,10697,75,6,50,1,0,23,87.0,24.0,24.0,63.0
10698,10698,75,7,0,1,0,23,99.0,36.0,36.0,63.0
10699,10699,75,7,10,1,0,23,153.0,59.0,59.0,94.0
10700,10700,75,7,20,1,0,23,154.0,70.0,70.0,84.0
10701,10701,75,7,30,1,0,23,185.0,80.0,80.0,105.0
10702,10702,75,7,40,1,0,23,281.0,150.0,150.0,131.0
10703,10703,75,7,50,1,0,23,281.0,118.0,118.0,163.0
10704,10704,75,8,0,1,0,23,312.0,149.0,149.0,163.0
10705,10705,75,8,10,1,0,23,413.0,227.0,227.0,186.0
10706,10706,75,8,20,1,0,23,419.0,240.0,240.0,179.0
10707,10707,75,8,30,1,0,23,512.0,317.0,317.0,195.0
10708,10708,75,8,40,1,0,23,502.0,337.0,337.0,165.0
10709,10709,75,8,50,1,0,23,377.0,223.0,223.0,154.0
10710,10710,75,9,0,1,0,23,352.0,228.0,228.0,124.0
10711,10711,75,9,10,1,0,23,272.0,158.0,158.0,114.0
10712,10712,75,9,20,1,0,23,243.0,150.0,150.0,93.0
10713,10713,75,9,30,1,0,23,218.0,122.0,122.0,96.0
10714,10714,75,9,40,1,0,23,209.0,133.0,133.0,76.0
10715,10715,75,9,50,1,0,23,171.0,114.0,114.0,57.0
10716,10716,75,10,0,1,0,23,177.0,115.0,115.0,62.0
10717,10717,75,10,10,1,0,23,199.0,113.0,113.0,86.0
10718,10718,75,10,20,1,0,23,161.0,105.0,105.0,56.0
10719,10719,75,10,30,1,0,23,169.0,100.0,100.0,69.0
10720,10720,75,10,40,1,0,23,127.0,88.0,88.0,39.0
10721,10721,75,10,50,1,0,23,161.0,102.0,102.0,59.0
10722,10722,75,11,0,1,0,23,123.0,72.0,72.0,51.0
10723,10723,75,11,10,1,0,23,160.0,95.0,95.0,65.0
10724,10724,75,11,20,1,0,23,156.0,91.0,91.0,65.0
10725,10725,75,11,30,1,0,23,155.0,100.0,100.0,55.0
10726,10726,75,11,40,1,0,23,154.0,94.0,94.0,60.0
10727,10727,75,11,50,1,0,23,185.0,111.0,111.0,74.0
10728,10728,75,12,0,1,0,23,155.0,72.0,72.0,83.0
10729,10729,75,12,10,1,0,23,210.0,105.0,105.0,105.0
10730,10730,75,12,20,1,0,23,214.0,103.0,103.0,111.0
10731,10731,75,12,30,1,0,23,222.0,107.0,107.0,115.0
10732,10732,75,12,40,1,0,23,205.0,111.0,111.0,94.0
10733,10733,75,12,50,1,0,23,204.0,111.0,111.0,93.0
10734,10734,75,13,0,1,0,23,218.0,84.0,84.0,134.0
10735,10735,75,13,10,1,0,23,195.0,86.0,86.0,109.0
10736,10736,75,13,20,1,0,23,205.0,100.0,100.0,105.0
10737,10737,75,13,30,1,0,23,183.0,82.0,82.0,101.0
10738,10738,75,13,40,1,0,23,199.0,93.0,93.0,106.0
10739,10739,75,13,50,1,0,23,168.0,75.0,75.0,93.0
10740,10740,75,14,0,1,0,23,190.0,81.0,81.0,109.0
10741,10741,75,14,10,1,0,23,156.0,62.0,62.0,94.0
10742,10742,75,14,20,1,0,23,182.0,90.0,90.0,92.0
10743,10743,75,14,30,1,0,23,181.0,90.0,90.0,91.0
10744,10744,75,14,40,1,0,23,208.0,93.0,93.0,115.0
10745,10745,75,14,50,1,0,23,218.0,95.0,95.0,123.0
10746,10746,75,15,0,1,0,23,183.0,84.0,84.0,99.0
10747,10747,75,15,10,1,0,23,200.0,98.0,98.0,102.0
10748,10748,75,15,20,1,0,23,219.0,111.0,111.0,108.0
10749,10749,75,15,30,1,0,23,230.0,106.0,106.0,124.0
10750,10750,75,15,40,1,0,23,225.0,105.0,105.0,120.0
10751,10751,75,15,50,1,0,23,213.0,90.0,90.0,123.0
10752,10752,75,16,0,1,0,23,201.0,91.0,91.0,110.0
10753,10753,75,16,10,1,0,23,234.0,109.0,109.0,125.0
10754,10754,75,16,20,1,0,23,238.0,106.0,106.0,132.0
10755,10755,75,16,30,1,0,23,273.0,97.0,97.0,176.0
10756,10756,75,16,40,1,0,23,346.0,162.0,162.0,184.0
10757,10757,75,16,50,1,0,23,321.0,132.0,132.0,189.0
10758,10758,75,17,0,1,0,23,382.0,175.0,175.0,207.0
10759,10759,75,17,10,1,0,23,412.0,149.0,149.0,263.0
10760,10760,75,17,20,1,0,23,387.0,199.0,199.0,188.0
10761,10761,75,17,30,1,0,23,494.0,272.0,272.0,222.0
10762,10762,75,17,40,1,0,23,547.0,291.0,291.0,256.0
10763,10763,75,17,50,1,0,23,608.0,333.0,333.0,275.0
10764,10764,75,18,0,1,0,23,542.0,327.0,327.0,215.0
10765,10765,75,18,10,1,0,23,593.0,311.0,311.0,282.0
10766,10766,75,18,20,1,0,23,523.0,325.0,325.0,198.0
10767,10767,75,18,30,1,0,23,568.0,346.0,346.0,222.0
10768,10768,75,18,40,1,0,23,479.0,302.0,302.0,177.0
10769,10769,75,18,50,1,0,23,505.0,331.0,331.0,174.0
10770,10770,75,19,0,1,0,23,393.0,253.0,253.0,140.0
10771,10771,75,19,10,1,0,23,368.0,213.0,213.0,155.0
10772,10772,75,19,20,1,0,23,336.0,175.0,175.0,161.0
10773,10773,75,19,30,1,0,23,296.0,149.0,149.0,147.0
10774,10774,75,19,40,1,0,23,278.0,130.0,130.0,148.0
10775,10775,75,19,50,1,0,23,297.0,141.0,141.0,156.0
10776,10776,75,20,0,1,0,23,281.0,116.0,116.0,165.0
10777,10777,75,20,10,1,0,23,271.0,100.0,100.0,171.0
10778,10778,75,20,20,1,0,23,273.0,84.0,84.0,189.0
10779,10779,75,20,30,1,0,23,315.0,72.0,72.0,243.0
10780,10780,75,20,40,1,0,23,306.0,89.0,89.0,217.0
10781,10781,75,20,50,1,0,23,301.0,71.0,71.0,230.0
10782,10782,75,21,0,1,0,23,288.0,83.0,83.0,205.0
10783,10783,75,21,10,1,0,23,253.0,66.0,66.0,187.0
10784,10784,75,21,20,1,0,23,251.0,64.0,64.0,187.0
10785,10785,75,21,30,1,0,23,222.0,52.0,52.0,170.0
10786,10786,75,21,40,1,0,23,265.0,71.0,71.0,194.0
10787,10787,75,21,50,1,0,23,201.0,45.0,45.0,156.0
10788,10788,75,22,0,1,0,23,324.0,53.0,53.0,271.0
10789,10789,75,22,10,1,0,23,191.0,52.0,52.0,139.0
10790,10790,75,22,20,1,0,23,106.0,47.0,47.0,59.0
10791,10791,75,22,30,1,0,23,66.0,53.0,53.0,13.0
10792,10792,75,22,40,1,0,23,5.0,5.0,5.0,0.0
10793,10793,75,22,50,1,0,23,0.0,0.0,0.0,0.0
10830,10830,76,5,0,1,0,23,0.0,0.0,0.0,0.0
10831,10831,76,5,10,1,0,23,0.0,0.0,0.0,0.0
10832,10832,76,5,20,1,0,23,0.0,0.0,0.0,0.0
10833,10833,76,5,30,1,0,23,3.0,0.0,0.0,3.0
10834,10834,76,5,40,1,0,23,8.0,0.0,0.0,8.0
10835,10835,76,5,50,1,0,23,21.0,0.0,0.0,21.0
10836,10836,76,6,0,1,0,23,21.0,0.0,0.0,21.0
10837,10837,76,6,10,1,0,23,24.0,0.0,0.0,24.0
10838,10838,76,6,20,1,0,23,37.0,0.0,0.0,37.0
10839,10839,76,6,30,1,0,23,30.0,6.0,6.0,24.0
10840,10840,76,6,40,1,0,23,62.0,6.0,6.0,56.0
10841,10841,76,6,50,1,0,23,76.0,10.0,10.0,66.0
10842,10842,76,7,0,1,0,23,55.0,7.0,7.0,48.0
10843,10843,76,7,10,1,0,23,49.0,4.0,4.0,45.0
10844,10844,76,7,20,1,0,23,65.0,17.0,17.0,48.0
10845,10845,76,7,30,1,0,23,110.0,29.0,29.0,81.0
10846,10846,76,7,40,1,0,23,143.0,14.0,14.0,129.0
10847,10847,76,7,50,1,0,23,144.0,44.0,44.0,100.0
10848,10848,76,8,0,1,0,23,226.0,111.0,111.0,115.0
10849,10849,76,8,10,1,0,23,180.0,64.0,64.0,116.0
10850,10850,76,8,20,1,0,23,259.0,158.0,158.0,101.0
10851,10851,76,8,30,1,0,23,300.0,202.0,202.0,98.0
10852,10852,76,8,40,1,0,23,204.0,142.0,142.0,62.0
10853,10853,76,8,50,1,0,23,248.0,179.0,179.0,69.0
10854,10854,76,9,0,1,0,23,137.0,68.0,68.0,69.0
10855,10855,76,9,10,1,0,23,106.0,58.0,58.0,48.0
10856,10856,76,9,20,1,0,23,110.0,80.0,80.0,30.0
10857,10857,76,9,30,1,0,23,77.0,30.0,30.0,47.0
10858,10858,76,9,40,1,0,23,62.0,43.0,43.0,19.0
10859,10859,76,9,50,1,0,23,61.0,34.0,34.0,27.0
10860,10860,76,10,0,1,0,23,41.0,17.0,17.0,24.0
10861,10861,76,10,10,1,0,23,45.0,20.0,20.0,25.0
10862,10862,76,10,20,1,0,23,42.0,25.0,25.0,17.0
10863,10863,76,10,30,1,0,23,43.0,31.0,31.0,12.0
10864,10864,76,10,40,1,0,23,43.0,15.0,15.0,28.0
10865,10865,76,10,50,1,0,23,31.0,14.0,14.0,17.0
10866,10866,76,11,0,1,0,23,60.0,28.0,28.0,32.0
10867,10867,76,11,10,1,0,23,18.0,5.0,5.0,13.0
10868,10868,76,11,20,1,0,23,24.0,10.0,10.0,14.0
10869,10869,76,11,30,1,0,23,54.0,19.0,19.0,35.0
10870,10870,76,11,40,1,0,23,55.0,31.0,31.0,24.0
10871,10871,76,11,50,1,0,23,30.0,10.0,10.0,20.0
10872,10872,76,12,0,1,0,23,33.0,9.0,9.0,24.0
10873,10873,76,12,10,1,0,23,40.0,15.0,15.0,25.0
10874,10874,76,12,20,1,0,23,29.0,11.0,11.0,18.0
10875,10875,76,12,30,1,0,23,50.0,27.0,27.0,23.0
10876,10876,76,12,40,1,0,23,49.0,13.0,13.0,36.0
10877,10877,76,12,50,1,0,23,41.0,21.0,21.0,20.0
10878,10878,76,13,0,1,0,23,41.0,26.0,26.0,15.0
10879,10879,76,13,10,1,0,23,40.0,21.0,21.0,19.0
10880,10880,76,13,20,1,0,23,46.0,24.0,24.0,22.0
10881,10881,76,13,30,1,0,23,44.0,25.0,25.0,19.0
10882,10882,76,13,40,1,0,23,66.0,32.0,32.0,34.0
10883,10883,76,13,50,1,0,23,48.0,21.0,21.0,27.0
10884,10884,76,14,0,1,0,23,44.0,17.0,17.0,27.0
10885,10885,76,14,10,1,0,23,35.0,14.0,14.0,21.0
10886,10886,76,14,20,1,0,23,35.0,17.0,17.0,18.0
10887,10887,76,14,30,1,0,23,38.0,23.0,23.0,15.0
10888,10888,76,14,40,1,0,23,28.0,14.0,14.0,14.0
10889,10889,76,14,50,1,0,23,41.0,18.0,18.0,23.0
10890,10890,76,15,0,1,0,23,58.0,34.0,34.0,24.0
10891,10891,76,15,10,1,0,23,37.0,21.0,21.0,16.0
10892,10892,76,15,20,1,0,23,30.0,10.0,10.0,20.0
10893,10893,76,15,30,1,0,23,58.0,26.0,26.0,32.0
10894,10894,76,15,40,1,0,23,51.0,29.0,29.0,22.0
10895,10895,76,15,50,1,0,23,47.0,26.0,26.0,21.0
10896,10896,76,16,0,1,0,23,47.0,17.0,17.0,30.0
10897,10897,76,16,10,1,0,23,38.0,21.0,21.0,17.0
10898,10898,76,16,20,1,0,23,69.0,44.0,44.0,25.0
10899,10899,76,16,30,1,0,23,55.0,26.0,26.0,29.0
10900,10900,76,16,40,1,0,23,52.0,20.0,20.0,32.0
10901,10901,76,16,50,1,0,23,46.0,23.0,23.0,23.0
10902,10902,76,17,0,1,0,23,92.0,43.0,43.0,49.0
10903,10903,76,17,10,1,0,23,92.0,27.0,27.0,65.0
10904,10904,76,17,20,1,0,23,91.0,43.0,43.0,48.0
10905,10905,76,17,30,1,0,23,104.0,52.0,52.0,52.0
10906,10906,76,17,40,1,0,23,154.0,36.0,36.0,118.0
10907,10907,76,17,50,1,0,23,137.0,57.0,57.0,80.0
10908,10908,76,18,0,1,0,23,121.0,80.0,80.0,41.0
10909,10909,76,18,10,1,0,23,149.0,32.0,32.0,117.0
10910,10910,76,18,20,1,0,23,181.0,73.0,73.0,108.0
10911,10911,76,18,30,1,0,23,161.0,84.0,84.0,77.0
10912,10912,76,18,40,1,0,23,86.0,42.0,42.0,44.0
10913,10913,76,18,50,1,0,23,145.0,101.0,101.0,44.0
10914,10914,76,19,0,1,0,23,100.0,66.0,66.0,34.0
10915,10915,76,19,10,1,0,23,66.0,32.0,32.0,34.0
10916,10916,76,19,20,1,0,23,92.0,72.0,72.0,20.0
10917,10917,76,19,30,1,0,23,68.0,42.0,42.0,26.0
10918,10918,76,19,40,1,0,23,52.0,29.0,29.0,23.0
10919,10919,76,19,50,1,0,23,63.0,43.0,43.0,20.0
10920,10920,76,20,0,1,0,23,48.0,34.0,34.0,14.0
10921,10921,76,20,10,1,0,23,31.0,10.0,10.0,21.0
10922,10922,76,20,20,1,0,23,55.0,40.0,40.0,15.0
10923,10923,76,20,30,1,0,23,26.0,16.0,16.0,10.0
10924,10924,76,20,40,1,0,23,35.0,16.0,16.0,19.0
10925,10925,76,20,50,1,0,23,58.0,37.0,37.0,21.0
10926,10926,76,21,0,1,0,23,38.0,25.0,25.0,13.0
10927,10927,76,21,10,1,0,23,26.0,12.0,12.0,14.0
10928,10928,76,21,20,1,0,23,23.0,15.0,15.0,8.0
10929,10929,76,21,30,1,0,23,35.0,27.0,27.0,8.0
10930,10930,76,21,40,1,0,23,33.0,22.0,22.0,11.0
10931,10931,76,21,50,1,0,23,31.0,20.0,20.0,11.0
10932,10932,76,22,0,1,0,23,43.0,26.0,26.0,17.0
10933,10933,76,22,10,1,0,23,14.0,14.0,14.0,0.0
10934,10934,76,22,20,1,0,23,14.0,14.0,14.0,0.0
10935,10935,76,22,30,1,0,23,15.0,14.0,14.0,1.0
10936,10936,76,22,40,1,0,23,10.0,9.0,9.0,1.0
10937,10937,76,22,50,1,0,23,6.0,6.0,6.0,0.0
10974,10974,77,5,0,1,0,23,0.0,0.0,0.0,0.0
10975,10975,77,5,10,1,0,23,0.0,0.0,0.0,0.0
10976,10976,77,5,20,1,0,23,1.0,0.0,0.0,1.0
10977,10977,77,5,30,1,0,23,9.0,0.0,0.0,9.0
10978,10978,77,5,40,1,0,23,39.0,0.0,0.0,39.0
10979,10979,77,5,50,1,0,23,99.0,0.0,0.0,99.0
10980,10980,77,6,0,1,0,23,83.0,0.0,0.0,83.0
10981,10981,77,6,10,1,0,23,137.0,1.0,1.0,136.0
10982,10982,77,6,20,1,0,23,227.0,0.0,0.0,227.0
10983,10983,77,6,30,1,0,23,261.0,30.0,30.0,231.0
10984,10984,77,6,40,1,0,23,273.0,17.0,17.0,256.0
10985,10985,77,6,50,1,0,23,337.0,10.0,10.0,327.0
10986,10986,77,7,0,1,0,23,453.0,44.0,44.0,409.0
10987,10987,77,7,10,1,0,23,605.0,44.0,44.0,561.0
10988,10988,77,7,20,1,0,23,731.0,69.0,69.0,662.0
10989,10989,77,7,30,1,0,23,850.0,49.0,49.0,801.0
10990,10990,77,7,40,1,0,23,1045.0,87.0,87.0,958.0
10991,10991,77,7,50,1,0,23,1272.0,75.0,75.0,1197.0
10992,10992,77,8,0,1,0,23,1205.0,62.0,62.0,1143.0
10993,10993,77,8,10,1,0,23,1199.0,105.0,105.0,1094.0
10994,10994,77,8,20,1,0,23,1127.0,112.0,112.0,1015.0
10995,10995,77,8,30,1,0,23,939.0,126.0,126.0,813.0
10996,10996,77,8,40,1,0,23,847.0,201.0,201.0,646.0
10997,10997,77,8,50,1,0,23,611.0,163.0,163.0,448.0
10998,10998,77,9,0,1,0,23,497.0,101.0,101.0,396.0
10999,10999,77,9,10,1,0,23,495.0,116.0,116.0,379.0
11000,11000,77,9,20,1,0,23,348.0,92.0,92.0,256.0
11001,11001,77,9,30,1,0,23,325.0,105.0,105.0,220.0
11002,11002,77,9,40,1,0,23,263.0,69.0,69.0,194.0
11003,11003,77,9,50,1,0,23,261.0,74.0,74.0,187.0
11004,11004,77,10,0,1,0,23,279.0,149.0,149.0,130.0
11005,11005,77,10,10,1,0,23,229.0,74.0,74.0,155.0
11006,11006,77,10,20,1,0,23,184.0,68.0,68.0,116.0
11007,11007,77,10,30,1,0,23,222.0,111.0,111.0,111.0
11008,11008,77,10,40,1,0,23,194.0,109.0,109.0,85.0
11009,11009,77,10,50,1,0,23,172.0,65.0,65.0,107.0
11010,11010,77,11,0,1,0,23,160.0,67.0,67.0,93.0
11011,11011,77,11,10,1,0,23,201.0,111.0,111.0,90.0
11012,11012,77,11,20,1,0,23,172.0,69.0,69.0,103.0
11013,11013,77,11,30,1,0,23,155.0,68.0,68.0,87.0
11014,11014,77,11,40,1,0,23,208.0,91.0,91.0,117.0
11015,11015,77,11,50,1,0,23,190.0,86.0,86.0,104.0
11016,11016,77,12,0,1,0,23,250.0,107.0,107.0,143.0
11017,11017,77,12,10,1,0,23,183.0,77.0,77.0,106.0
11018,11018,77,12,20,1,0,23,182.0,63.0,63.0,119.0
11019,11019,77,12,30,1,0,23,203.0,89.0,89.0,114.0
11020,11020,77,12,40,1,0,23,212.0,106.0,106.0,106.0
11021,11021,77,12,50,1,0,23,166.0,61.0,61.0,105.0
11022,11022,77,13,0,1,0,23,165.0,65.0,65.0,100.0
11023,11023,77,13,10,1,0,23,165.0,72.0,72.0,93.0
11024,11024,77,13,20,1,0,23,214.0,111.0,111.0,103.0
11025,11025,77,13,30,1,0,23,163.0,53.0,53.0,110.0
11026,11026,77,13,40,1,0,23,170.0,63.0,63.0,107.0
11027,11027,77,13,50,1,0,23,163.0,71.0,71.0,92.0
11028,11028,77,14,0,1,0,23,212.0,126.0,126.0,86.0
11029,11029,77,14,10,1,0,23,168.0,64.0,64.0,104.0
11030,11030,77,14,20,1,0,23,139.0,56.0,56.0,83.0
11031,11031,77,14,30,1,0,23,174.0,86.0,86.0,88.0
11032,11032,77,14,40,1,0,23,212.0,129.0,129.0,83.0
11033,11033,77,14,50,1,0,23,176.0,89.0,89.0,87.0
11034,11034,77,15,0,1,0,23,155.0,82.0,82.0,73.0
11035,11035,77,15,10,1,0,23,206.0,138.0,138.0,68.0
11036,11036,77,15,20,1,0,23,228.0,146.0,146.0,82.0
11037,11037,77,15,30,1,0,23,238.0,112.0,112.0,126.0
11038,11038,77,15,40,1,0,23,234.0,109.0,109.0,125.0
11039,11039,77,15,50,1,0,23,220.0,117.0,117.0,103.0
11040,11040,77,16,0,1,0,23,340.0,250.0,250.0,90.0
11041,11041,77,16,10,1,0,23,222.0,154.0,154.0,68.0
11042,11042,77,16,20,1,0,23,230.0,104.0,104.0,126.0
11043,11043,77,16,30,1,0,23,286.0,196.0,196.0,90.0
11044,11044,77,16,40,1,0,23,359.0,250.0,250.0,109.0
11045,11045,77,16,50,1,0,23,252.0,153.0,153.0,99.0
11046,11046,77,17,0,1,0,23,280.0,178.0,178.0,102.0
11047,11047,77,17,10,1,0,23,451.0,315.0,315.0,136.0
11048,11048,77,17,20,1,0,23,380.0,252.0,252.0,128.0
11049,11049,77,17,30,1,0,23,447.0,351.0,351.0,96.0
11050,11050,77,17,40,1,0,23,592.0,414.0,414.0,178.0
11051,11051,77,17,50,1,0,23,494.0,340.0,340.0,154.0
11052,11052,77,18,0,1,0,23,644.0,513.0,513.0,131.0
11053,11053,77,18,10,1,0,23,829.0,690.0,690.0,139.0
11054,11054,77,18,20,1,0,23,771.0,633.0,633.0,138.0
11055,11055,77,18,30,1,0,23,674.0,555.0,555.0,119.0
11056,11056,77,18,40,1,0,23,893.0,786.0,786.0,107.0
11057,11057,77,18,50,1,0,23,514.0,420.0,420.0,94.0
11058,11058,77,19,0,1,0,23,1002.0,925.0,925.0,77.0
11059,11059,77,19,10,1,0,23,766.0,710.0,710.0,56.0
11060,11060,77,19,20,1,0,23,378.0,300.0,300.0,78.0
11061,11061,77,19,30,1,0,23,554.0,477.0,477.0,77.0
11062,11062,77,19,40,1,0,23,543.0,481.0,481.0,62.0
11063,11063,77,19,50,1,0,23,282.0,213.0,213.0,69.0
11064,11064,77,20,0,1,0,23,405.0,353.0,353.0,52.0
11065,11065,77,20,10,1,0,23,362.0,294.0,294.0,68.0
11066,11066,77,20,20,1,0,23,208.0,156.0,156.0,52.0
11067,11067,77,20,30,1,0,23,359.0,310.0,310.0,49.0
11068,11068,77,20,40,1,0,23,206.0,147.0,147.0,59.0
11069,11069,77,20,50,1,0,23,264.0,219.0,219.0,45.0
11070,11070,77,21,0,1,0,23,391.0,335.0,335.0,56.0
11071,11071,77,21,10,1,0,23,204.0,160.0,160.0,44.0
11072,11072,77,21,20,1,0,23,218.0,180.0,180.0,38.0
11073,11073,77,21,30,1,0,23,226.0,176.0,176.0,50.0
11074,11074,77,21,40,1,0,23,411.0,341.0,341.0,70.0
11075,11075,77,21,50,1,0,23,270.0,233.0,233.0,37.0
11076,11076,77,22,0,1,0,23,189.0,166.0,166.0,23.0
11077,11077,77,22,10,1,0,23,162.0,161.0,161.0,1.0
11078,11078,77,22,20,1,0,23,274.0,270.0,270.0,4.0
11079,11079,77,22,30,1,0,23,238.0,233.0,233.0,5.0
11080,11080,77,22,40,1,0,23,133.0,132.0,132.0,1.0
11081,11081,77,22,50,1,0,23,87.0,86.0,86.0,1.0
11118,11118,78,5,0,1,0,23,0.0,0.0,0.0,0.0
11119,11119,78,5,10,1,0,23,0.0,0.0,0.0,0.0
11120,11120,78,5,20,1,0,23,0.0,0.0,0.0,0.0
11121,11121,78,5,30,1,0,23,0.0,0.0,0.0,0.0
11122,11122,78,5,40,1,0,23,1.0,0.0,0.0,1.0
11123,11123,78,5,50,1,0,23,4.0,0.0,0.0,4.0
11124,11124,78,6,0,1,0,23,49.0,0.0,0.0,49.0
11125,11125,78,6,10,1,0,23,46.0,0.0,0.0,46.0
11126,11126,78,6,20,1,0,23,79.0,18.0,18.0,61.0
11127,11127,78,6,30,1,0,23,85.0,16.0,16.0,69.0
11128,11128,78,6,40,1,0,23,141.0,18.0,18.0,123.0
11129,11129,78,6,50,1,0,23,195.0,18.0,18.0,177.0
11130,11130,78,7,0,1,0,23,262.0,37.0,37.0,225.0
11131,11131,78,7,10,1,0,23,326.0,24.0,24.0,302.0
11132,11132,78,7,20,1,0,23,346.0,40.0,40.0,306.0
11133,11133,78,7,30,1,0,23,439.0,46.0,46.0,393.0
11134,11134,78,7,40,1,0,23,515.0,53.0,53.0,462.0
11135,11135,78,7,50,1,0,23,588.0,134.0,134.0,454.0
11136,11136,78,8,0,1,0,23,701.0,193.0,193.0,508.0
11137,11137,78,8,10,1,0,23,681.0,134.0,134.0,547.0
11138,11138,78,8,20,1,0,23,648.0,196.0,196.0,452.0
11139,11139,78,8,30,1,0,23,534.0,163.0,163.0,371.0
11140,11140,78,8,40,1,0,23,570.0,270.0,270.0,300.0
11141,11141,78,8,50,1,0,23,489.0,227.0,227.0,262.0
11142,11142,78,9,0,1,0,23,375.0,155.0,155.0,220.0
11143,11143,78,9,10,1,0,23,263.0,102.0,102.0,161.0
11144,11144,78,9,20,1,0,23,257.0,107.0,107.0,150.0
11145,11145,78,9,30,1,0,23,171.0,58.0,58.0,113.0
11146,11146,78,9,40,1,0,23,132.0,44.0,44.0,88.0
11147,11147,78,9,50,1,0,23,169.0,68.0,68.0,101.0
11148,11148,78,10,0,1,0,23,151.0,66.0,66.0,85.0
11149,11149,78,10,10,1,0,23,78.0,18.0,18.0,60.0
11150,11150,78,10,20,1,0,23,104.0,47.0,47.0,57.0
11151,11151,78,10,30,1,0,23,78.0,23.0,23.0,55.0
11152,11152,78,10,40,1,0,23,100.0,52.0,52.0,48.0
11153,11153,78,10,50,1,0,23,81.0,30.0,30.0,51.0
11154,11154,78,11,0,1,0,23,88.0,31.0,31.0,57.0
11155,11155,78,11,10,1,0,23,71.0,29.0,29.0,42.0
11156,11156,78,11,20,1,0,23,113.0,57.0,57.0,56.0
11157,11157,78,11,30,1,0,23,73.0,38.0,38.0,35.0
11158,11158,78,11,40,1,0,23,73.0,27.0,27.0,46.0
11159,11159,78,11,50,1,0,23,121.0,65.0,65.0,56.0
11160,11160,78,12,0,1,0,23,85.0,34.0,34.0,51.0
11161,11161,78,12,10,1,0,23,80.0,36.0,36.0,44.0
11162,11162,78,12,20,1,0,23,95.0,35.0,35.0,60.0
11163,11163,78,12,30,1,0,23,116.0,56.0,56.0,60.0
11164,11164,78,12,40,1,0,23,94.0,34.0,34.0,60.0
11165,11165,78,12,50,1,0,23,50.0,21.0,21.0,29.0
11166,11166,78,13,0,1,0,23,97.0,43.0,43.0,54.0
11167,11167,78,13,10,1,0,23,92.0,47.0,47.0,45.0
11168,11168,78,13,20,1,0,23,86.0,45.0,45.0,41.0
11169,11169,78,13,30,1,0,23,65.0,31.0,31.0,34.0
11170,11170,78,13,40,1,0,23,79.0,47.0,47.0,32.0
11171,11171,78,13,50,1,0,23,98.0,50.0,50.0,48.0
11172,11172,78,14,0,1,0,23,114.0,69.0,69.0,45.0
11173,11173,78,14,10,1,0,23,64.0,37.0,37.0,27.0
11174,11174,78,14,20,1,0,23,68.0,35.0,35.0,33.0
11175,11175,78,14,30,1,0,23,134.0,99.0,99.0,35.0
11176,11176,78,14,40,1,0,23,111.0,58.0,58.0,53.0
11177,11177,78,14,50,1,0,23,80.0,38.0,38.0,42.0
11178,11178,78,15,0,1,0,23,97.0,53.0,53.0,44.0
11179,11179,78,15,10,1,0,23,118.0,73.0,73.0,45.0
11180,11180,78,15,20,1,0,23,96.0,57.0,57.0,39.0
11181,11181,78,15,30,1,0,23,98.0,50.0,50.0,48.0
11182,11182,78,15,40,1,0,23,89.0,49.0,49.0,40.0
11183,11183,78,15,50,1,0,23,122.0,79.0,79.0,43.0
11184,11184,78,16,0,1,0,23,145.0,92.0,92.0,53.0
11185,11185,78,16,10,1,0,23,112.0,55.0,55.0,57.0
11186,11186,78,16,20,1,0,23,120.0,77.0,77.0,43.0
11187,11187,78,16,30,1,0,23,193.0,125.0,125.0,68.0
11188,11188,78,16,40,1,0,23,180.0,102.0,102.0,78.0
11189,11189,78,16,50,1,0,23,153.0,91.0,91.0,62.0
11190,11190,78,17,0,1,0,23,287.0,180.0,180.0,107.0
11191,11191,78,17,10,1,0,23,212.0,95.0,95.0,117.0
11192,11192,78,17,20,1,0,23,293.0,178.0,178.0,115.0
11193,11193,78,17,30,1,0,23,262.0,136.0,136.0,126.0
11194,11194,78,17,40,1,0,23,457.0,236.0,236.0,221.0
11195,11195,78,17,50,1,0,23,494.0,344.0,344.0,150.0
11196,11196,78,18,0,1,0,23,363.0,211.0,211.0,152.0
11197,11197,78,18,10,1,0,23,510.0,323.0,323.0,187.0
11198,11198,78,18,20,1,0,23,548.0,395.0,395.0,153.0
11199,11199,78,18,30,1,0,23,397.0,289.0,289.0,108.0
11200,11200,78,18,40,1,0,23,389.0,293.0,293.0,96.0
11201,11201,78,18,50,1,0,23,466.0,371.0,371.0,95.0
11202,11202,78,19,0,1,0,23,321.0,241.0,241.0,80.0
11203,11203,78,19,10,1,0,23,243.0,175.0,175.0,68.0
11204,11204,78,19,20,1,0,23,273.0,210.0,210.0,63.0
11205,11205,78,19,30,1,0,23,231.0,185.0,185.0,46.0
11206,11206,78,19,40,1,0,23,150.0,98.0,98.0,52.0
11207,11207,78,19,50,1,0,23,198.0,161.0,161.0,37.0
11208,11208,78,20,0,1,0,23,158.0,107.0,107.0,51.0
11209,11209,78,20,10,1,0,23,134.0,83.0,83.0,51.0
11210,11210,78,20,20,1,0,23,182.0,144.0,144.0,38.0
11211,11211,78,20,30,1,0,23,104.0,75.0,75.0,29.0
11212,11212,78,20,40,1,0,23,145.0,105.0,105.0,40.0
11213,11213,78,20,50,1,0,23,118.0,95.0,95.0,23.0
11214,11214,78,21,0,1,0,23,143.0,123.0,123.0,20.0
11215,11215,78,21,10,1,0,23,116.0,87.0,87.0,29.0
11216,11216,78,21,20,1,0,23,98.0,68.0,68.0,30.0
11217,11217,78,21,30,1,0,23,107.0,84.0,84.0,23.0
11218,11218,78,21,40,1,0,23,143.0,118.0,118.0,25.0
11219,11219,78,21,50,1,0,23,89.0,72.0,72.0,17.0
11220,11220,78,22,0,1,0,23,74.0,55.0,55.0,19.0
11221,11221,78,22,10,1,0,23,74.0,61.0,61.0,13.0
11222,11222,78,22,20,1,0,23,90.0,84.0,84.0,6.0
11223,11223,78,22,30,1,0,23,39.0,38.0,38.0,1.0
11224,11224,78,22,40,1,0,23,26.0,26.0,26.0,0.0
11225,11225,78,22,50,1,0,23,0.0,0.0,0.0,0.0
11262,11262,79,5,0,1,0,23,0.0,0.0,0.0,0.0
11263,11263,79,5,10,1,0,23,0.0,0.0,0.0,0.0
11264,11264,79,5,20,1,0,23,1.0,0.0,0.0,1.0
11265,11265,79,5,30,1,0,23,0.0,0.0,0.0,0.0
11266,11266,79,5,40,1,0,23,0.0,0.0,0.0,0.0
11267,11267,79,5,50,1,0,23,5.0,0.0,0.0,5.0
11268,11268,79,6,0,1,0,23,10.0,0.0,0.0,10.0
11269,11269,79,6,10,1,0,23,10.0,1.0,1.0,9.0
11270,11270,79,6,20,1,0,23,26.0,10.0,10.0,16.0
11271,11271,79,6,30,1,0,23,34.0,9.0,9.0,25.0
11272,11272,79,6,40,1,0,23,51.0,24.0,24.0,27.0
11273,11273,79,6,50,1,0,23,58.0,24.0,24.0,34.0
11274,11274,79,7,0,1,0,23,67.0,26.0,26.0,41.0
11275,11275,79,7,10,1,0,23,103.0,47.0,47.0,56.0
11276,11276,79,7,20,1,0,23,135.0,71.0,71.0,64.0
11277,11277,79,7,30,1,0,23,114.0,45.0,45.0,69.0
11278,11278,79,7,40,1,0,23,176.0,75.0,75.0,101.0
11279,11279,79,7,50,1,0,23,209.0,108.0,108.0,101.0
11280,11280,79,8,0,1,0,23,222.0,131.0,131.0,91.0
11281,11281,79,8,10,1,0,23,352.0,233.0,233.0,119.0
11282,11282,79,8,20,1,0,23,373.0,271.0,271.0,102.0
11283,11283,79,8,30,1,0,23,373.0,264.0,264.0,109.0
11284,11284,79,8,40,1,0,23,537.0,437.0,437.0,100.0
11285,11285,79,8,50,1,0,23,460.0,384.0,384.0,76.0
11286,11286,79,9,0,1,0,23,274.0,204.0,204.0,70.0
11287,11287,79,9,10,1,0,23,254.0,176.0,176.0,78.0
11288,11288,79,9,20,1,0,23,241.0,194.0,194.0,47.0
11289,11289,79,9,30,1,0,23,276.0,227.0,227.0,49.0
11290,11290,79,9,40,1,0,23,178.0,134.0,134.0,44.0
11291,11291,79,9,50,1,0,23,153.0,90.0,90.0,63.0
11292,11292,79,10,0,1,0,23,122.0,72.0,72.0,50.0
11293,11293,79,10,10,1,0,23,141.0,100.0,100.0,41.0
11294,11294,79,10,20,1,0,23,90.0,48.0,48.0,42.0
11295,11295,79,10,30,1,0,23,87.0,35.0,35.0,52.0
11296,11296,79,10,40,1,0,23,91.0,47.0,47.0,44.0
11297,11297,79,10,50,1,0,23,110.0,72.0,72.0,38.0
11298,11298,79,11,0,1,0,23,83.0,43.0,43.0,40.0
11299,11299,79,11,10,1,0,23,77.0,24.0,24.0,53.0
11300,11300,79,11,20,1,0,23,81.0,31.0,31.0,50.0
11301,11301,79,11,30,1,0,23,85.0,49.0,49.0,36.0
11302,11302,79,11,40,1,0,23,105.0,56.0,56.0,49.0
11303,11303,79,11,50,1,0,23,77.0,39.0,39.0,38.0
11304,11304,79,12,0,1,0,23,85.0,29.0,29.0,56.0
11305,11305,79,12,10,1,0,23,85.0,55.0,55.0,30.0
11306,11306,79,12,20,1,0,23,69.0,30.0,30.0,39.0
11307,11307,79,12,30,1,0,23,72.0,30.0,30.0,42.0
11308,11308,79,12,40,1,0,23,67.0,20.0,20.0,47.0
11309,11309,79,12,50,1,0,23,114.0,73.0,73.0,41.0
11310,11310,79,13,0,1,0,23,106.0,53.0,53.0,53.0
11311,11311,79,13,10,1,0,23,91.0,40.0,40.0,51.0
11312,11312,79,13,20,1,0,23,74.0,41.0,41.0,33.0
11313,11313,79,13,30,1,0,23,100.0,57.0,57.0,43.0
11314,11314,79,13,40,1,0,23,88.0,40.0,40.0,48.0
11315,11315,79,13,50,1,0,23,88.0,35.0,35.0,53.0
11316,11316,79,14,0,1,0,23,83.0,27.0,27.0,56.0
11317,11317,79,14,10,1,0,23,90.0,50.0,50.0,40.0
11318,11318,79,14,20,1,0,23,73.0,29.0,29.0,44.0
11319,11319,79,14,30,1,0,23,101.0,51.0,51.0,50.0
11320,11320,79,14,40,1,0,23,74.0,30.0,30.0,44.0
11321,11321,79,14,50,1,0,23,129.0,69.0,69.0,60.0
11322,11322,79,15,0,1,0,23,110.0,51.0,51.0,59.0
11323,11323,79,15,10,1,0,23,83.0,35.0,35.0,48.0
11324,11324,79,15,20,1,0,23,101.0,51.0,51.0,50.0
11325,11325,79,15,30,1,0,23,144.0,68.0,68.0,76.0
11326,11326,79,15,40,1,0,23,108.0,48.0,48.0,60.0
11327,11327,79,15,50,1,0,23,99.0,45.0,45.0,54.0
11328,11328,79,16,0,1,0,23,73.0,21.0,21.0,52.0
11329,11329,79,16,10,1,0,23,138.0,66.0,66.0,72.0
11330,11330,79,16,20,1,0,23,117.0,62.0,62.0,55.0
11331,11331,79,16,30,1,0,23,145.0,73.0,73.0,72.0
11332,11332,79,16,40,1,0,23,144.0,54.0,54.0,90.0
11333,11333,79,16,50,1,0,23,150.0,72.0,72.0,78.0
11334,11334,79,17,0,1,0,23,207.0,49.0,49.0,158.0
11335,11335,79,17,10,1,0,23,201.0,67.0,67.0,134.0
11336,11336,79,17,20,1,0,23,197.0,75.0,75.0,122.0
11337,11337,79,17,30,1,0,23,288.0,77.0,77.0,211.0
11338,11338,79,17,40,1,0,23,323.0,82.0,82.0,241.0
11339,11339,79,17,50,1,0,23,305.0,132.0,132.0,173.0
11340,11340,79,18,0,1,0,23,349.0,87.0,87.0,262.0
11341,11341,79,18,10,1,0,23,402.0,98.0,98.0,304.0
11342,11342,79,18,20,1,0,23,336.0,118.0,118.0,218.0
11343,11343,79,18,30,1,0,23,213.0,71.0,71.0,142.0
11344,11344,79,18,40,1,0,23,249.0,95.0,95.0,154.0
11345,11345,79,18,50,1,0,23,212.0,97.0,97.0,115.0
11346,11346,79,19,0,1,0,23,174.0,66.0,66.0,108.0
11347,11347,79,19,10,1,0,23,174.0,65.0,65.0,109.0
11348,11348,79,19,20,1,0,23,146.0,62.0,62.0,84.0
11349,11349,79,19,30,1,0,23,88.0,38.0,38.0,50.0
11350,11350,79,19,40,1,0,23,102.0,38.0,38.0,64.0
11351,11351,79,19,50,1,0,23,97.0,42.0,42.0,55.0
11352,11352,79,20,0,1,0,23,79.0,25.0,25.0,54.0
11353,11353,79,20,10,1,0,23,108.0,43.0,43.0,65.0
11354,11354,79,20,20,1,0,23,92.0,22.0,22.0,70.0
11355,11355,79,20,30,1,0,23,72.0,18.0,18.0,54.0
11356,11356,79,20,40,1,0,23,83.0,32.0,32.0,51.0
11357,11357,79,20,50,1,0,23,87.0,32.0,32.0,55.0
11358,11358,79,21,0,1,0,23,97.0,42.0,42.0,55.0
11359,11359,79,21,10,1,0,23,67.0,23.0,23.0,44.0
11360,11360,79,21,20,1,0,23,76.0,30.0,30.0,46.0
11361,11361,79,21,30,1,0,23,79.0,34.0,34.0,45.0
11362,11362,79,21,40,1,0,23,87.0,27.0,27.0,60.0
11363,11363,79,21,50,1,0,23,45.0,19.0,19.0,26.0
11364,11364,79,22,0,1,0,23,78.0,39.0,39.0,39.0
11365,11365,79,22,10,1,0,23,83.0,40.0,40.0,43.0
11366,11366,79,22,20,1,0,23,39.0,23.0,23.0,16.0
11367,11367,79,22,30,1,0,23,23.0,21.0,21.0,2.0
11368,11368,79,22,40,1,0,23,0.0,0.0,0.0,0.0
11369,11369,79,22,50,1,0,23,0.0,0.0,0.0,0.0
11406,11406,80,5,0,1,0,23,0.0,0.0,0.0,0.0
11407,11407,80,5,10,1,0,23,0.0,0.0,0.0,0.0
11408,11408,80,5,20,1,0,23,0.0,0.0,0.0,0.0
11409,11409,80,5,30,1,0,23,0.0,0.0,0.0,0.0
11410,11410,80,5,40,1,0,23,2.0,0.0,0.0,2.0
11411,11411,80,5,50,1,0,23,2.0,0.0,0.0,2.0
11412,11412,80,6,0,1,0,23,11.0,0.0,0.0,11.0
11413,11413,80,6,10,1,0,23,15.0,5.0,5.0,10.0
11414,11414,80,6,20,1,0,23,37.0,18.0,18.0,19.0
11415,11415,80,6,30,1,0,23,37.0,19.0,19.0,18.0
11416,11416,80,6,40,1,0,23,67.0,36.0,36.0,31.0
11417,11417,80,6,50,1,0,23,105.0,55.0,55.0,50.0
11418,11418,80,7,0,1,0,23,88.0,31.0,31.0,57.0
11419,11419,80,7,10,1,0,23,144.0,92.0,92.0,52.0
11420,11420,80,7,20,1,0,23,148.0,68.0,68.0,80.0
11421,11421,80,7,30,1,0,23,259.0,158.0,158.0,101.0
11422,11422,80,7,40,1,0,23,348.0,215.0,215.0,133.0
11423,11423,80,7,50,1,0,23,336.0,184.0,184.0,152.0
11424,11424,80,8,0,1,0,23,527.0,345.0,345.0,182.0
11425,11425,80,8,10,1,0,23,726.0,558.0,558.0,168.0
11426,11426,80,8,20,1,0,23,601.0,432.0,432.0,169.0
11427,11427,80,8,30,1,0,23,1076.0,889.0,889.0,187.0
11428,11428,80,8,40,1,0,23,1254.0,1101.0,1101.0,153.0
11429,11429,80,8,50,1,0,23,550.0,453.0,453.0,97.0
11430,11430,80,9,0,1,0,23,607.0,504.0,504.0,103.0
11431,11431,80,9,10,1,0,23,602.0,517.0,517.0,85.0
11432,11432,80,9,20,1,0,23,338.0,263.0,263.0,75.0
11433,11433,80,9,30,1,0,23,304.0,243.0,243.0,61.0
11434,11434,80,9,40,1,0,23,470.0,397.0,397.0,73.0
11435,11435,80,9,50,1,0,23,246.0,185.0,185.0,61.0
11436,11436,80,10,0,1,0,23,257.0,186.0,186.0,71.0
11437,11437,80,10,10,1,0,23,155.0,101.0,101.0,54.0
11438,11438,80,10,20,1,0,23,221.0,166.0,166.0,55.0
11439,11439,80,10,30,1,0,23,120.0,76.0,76.0,44.0
11440,11440,80,10,40,1,0,23,132.0,78.0,78.0,54.0
11441,11441,80,10,50,1,0,23,123.0,69.0,69.0,54.0
11442,11442,80,11,0,1,0,23,179.0,113.0,113.0,66.0
11443,11443,80,11,10,1,0,23,117.0,61.0,61.0,56.0
11444,11444,80,11,20,1,0,23,102.0,52.0,52.0,50.0
11445,11445,80,11,30,1,0,23,101.0,51.0,51.0,50.0
11446,11446,80,11,40,1,0,23,179.0,123.0,123.0,56.0
11447,11447,80,11,50,1,0,23,134.0,71.0,71.0,63.0
11448,11448,80,12,0,1,0,23,136.0,52.0,52.0,84.0
11449,11449,80,12,10,1,0,23,105.0,42.0,42.0,63.0
11450,11450,80,12,20,1,0,23,189.0,102.0,102.0,87.0
11451,11451,80,12,30,1,0,23,145.0,77.0,77.0,68.0
11452,11452,80,12,40,1,0,23,134.0,63.0,63.0,71.0
11453,11453,80,12,50,1,0,23,140.0,54.0,54.0,86.0
11454,11454,80,13,0,1,0,23,188.0,100.0,100.0,88.0
11455,11455,80,13,10,1,0,23,128.0,52.0,52.0,76.0
11456,11456,80,13,20,1,0,23,160.0,78.0,78.0,82.0
11457,11457,80,13,30,1,0,23,123.0,52.0,52.0,71.0
11458,11458,80,13,40,1,0,23,166.0,100.0,100.0,66.0
11459,11459,80,13,50,1,0,23,135.0,57.0,57.0,78.0
11460,11460,80,14,0,1,0,23,151.0,66.0,66.0,85.0
11461,11461,80,14,10,1,0,23,131.0,50.0,50.0,81.0
11462,11462,80,14,20,1,0,23,181.0,95.0,95.0,86.0
11463,11463,80,14,30,1,0,23,169.0,91.0,91.0,78.0
11464,11464,80,14,40,1,0,23,123.0,54.0,54.0,69.0
11465,11465,80,14,50,1,0,23,98.0,43.0,43.0,55.0
11466,11466,80,15,0,1,0,23,170.0,91.0,91.0,79.0
11467,11467,80,15,10,1,0,23,146.0,55.0,55.0,91.0
11468,11468,80,15,20,1,0,23,128.0,57.0,57.0,71.0
11469,11469,80,15,30,1,0,23,127.0,46.0,46.0,81.0
11470,11470,80,15,40,1,0,23,175.0,94.0,94.0,81.0
11471,11471,80,15,50,1,0,23,131.0,50.0,50.0,81.0
11472,11472,80,16,0,1,0,23,124.0,64.0,64.0,60.0
11473,11473,80,16,10,1,0,23,120.0,47.0,47.0,73.0
11474,11474,80,16,20,1,0,23,184.0,84.0,84.0,100.0
11475,11475,80,16,30,1,0,23,151.0,40.0,40.0,111.0
11476,11476,80,16,40,1,0,23,170.0,35.0,35.0,135.0
11477,11477,80,16,50,1,0,23,184.0,69.0,69.0,115.0
11478,11478,80,17,0,1,0,23,305.0,111.0,111.0,194.0
11479,11479,80,17,10,1,0,23,419.0,108.0,108.0,311.0
11480,11480,80,17,20,1,0,23,410.0,79.0,79.0,331.0
11481,11481,80,17,30,1,0,23,438.0,153.0,153.0,285.0
11482,11482,80,17,40,1,0,23,740.0,153.0,153.0,587.0
11483,11483,80,17,50,1,0,23,464.0,101.0,101.0,363.0
11484,11484,80,18,0,1,0,23,630.0,182.0,182.0,448.0
11485,11485,80,18,10,1,0,23,803.0,197.0,197.0,606.0
11486,11486,80,18,20,1,0,23,625.0,146.0,146.0,479.0
11487,11487,80,18,30,1,0,23,544.0,165.0,165.0,379.0
11488,11488,80,18,40,1,0,23,623.0,185.0,185.0,438.0
11489,11489,80,18,50,1,0,23,402.0,100.0,100.0,302.0
11490,11490,80,19,0,1,0,23,337.0,141.0,141.0,196.0
11491,11491,80,19,10,1,0,23,346.0,114.0,114.0,232.0
11492,11492,80,19,20,1,0,23,256.0,63.0,63.0,193.0
11493,11493,80,19,30,1,0,23,260.0,85.0,85.0,175.0
11494,11494,80,19,40,1,0,23,240.0,83.0,83.0,157.0
11495,11495,80,19,50,1,0,23,153.0,34.0,34.0,119.0
11496,11496,80,20,0,1,0,23,161.0,52.0,52.0,109.0
11497,11497,80,20,10,1,0,23,153.0,39.0,39.0,114.0
11498,11498,80,20,20,1,0,23,196.0,50.0,50.0,146.0
11499,11499,80,20,30,1,0,23,148.0,23.0,23.0,125.0
11500,11500,80,20,40,1,0,23,176.0,53.0,53.0,123.0
11501,11501,80,20,50,1,0,23,153.0,50.0,50.0,103.0
11502,11502,80,21,0,1,0,23,140.0,27.0,27.0,113.0
11503,11503,80,21,10,1,0,23,174.0,33.0,33.0,141.0
11504,11504,80,21,20,1,0,23,158.0,38.0,38.0,120.0
11505,11505,80,21,30,1,0,23,175.0,62.0,62.0,113.0
11506,11506,80,21,40,1,0,23,122.0,27.0,27.0,95.0
11507,11507,80,21,50,1,0,23,122.0,31.0,31.0,91.0
11508,11508,80,22,0,1,0,23,126.0,40.0,40.0,86.0
11509,11509,80,22,10,1,0,23,119.0,34.0,34.0,85.0
11510,11510,80,22,20,1,0,23,39.0,24.0,24.0,15.0
11511,11511,80,22,30,1,0,23,19.0,13.0,13.0,6.0
11512,11512,80,22,40,1,0,23,17.0,16.0,16.0,1.0
11513,11513,80,22,50,1,0,23,0.0,0.0,0.0,0.0
11550,11550,81,5,0,1,0,23,0.0,0.0,0.0,0.0
11551,11551,81,5,10,1,0,23,0.0,0.0,0.0,0.0
11552,11552,81,5,20,1,0,23,0.0,0.0,0.0,0.0
11553,11553,81,5,30,1,0,23,0.0,0.0,0.0,0.0
11554,11554,81,5,40,1,0,23,6.0,1.0,1.0,5.0
11555,11555,81,5,50,1,0,23,4.0,0.0,0.0,4.0
11556,11556,81,6,0,1,0,23,10.0,0.0,0.0,10.0
11557,11557,81,6,10,1,0,23,17.0,0.0,0.0,17.0
11558,11558,81,6,20,1,0,23,15.0,0.0,0.0,15.0
11559,11559,81,6,30,1,0,23,25.0,0.0,0.0,25.0
11560,11560,81,6,40,1,0,23,43.0,1.0,1.0,42.0
11561,11561,81,6,50,1,0,23,74.0,30.0,30.0,44.0
11562,11562,81,7,0,1,0,23,69.0,16.0,16.0,53.0
11563,11563,81,7,10,1,0,23,48.0,26.0,26.0,22.0
11564,11564,81,7,20,1,0,23,107.0,58.0,58.0,49.0
11565,11565,81,7,30,1,0,23,69.0,35.0,35.0,34.0
11566,11566,81,7,40,1,0,23,49.0,19.0,19.0,30.0
11567,11567,81,7,50,1,0,23,67.0,39.0,39.0,28.0
11568,11568,81,8,0,1,0,23,98.0,71.0,71.0,27.0
11569,11569,81,8,10,1,0,23,75.0,57.0,57.0,18.0
11570,11570,81,8,20,1,0,23,86.0,60.0,60.0,26.0
11571,11571,81,8,30,1,0,23,90.0,72.0,72.0,18.0
11572,11572,81,8,40,1,0,23,72.0,56.0,56.0,16.0
11573,11573,81,8,50,1,0,23,79.0,58.0,58.0,21.0
11574,11574,81,9,0,1,0,23,68.0,45.0,45.0,23.0
11575,11575,81,9,10,1,0,23,55.0,40.0,40.0,15.0
11576,11576,81,9,20,1,0,23,62.0,48.0,48.0,14.0
11577,11577,81,9,30,1,0,23,35.0,8.0,8.0,27.0
11578,11578,81,9,40,1,0,23,78.0,71.0,71.0,7.0
11579,11579,81,9,50,1,0,23,40.0,19.0,19.0,21.0
11580,11580,81,10,0,1,0,23,47.0,29.0,29.0,18.0
11581,11581,81,10,10,1,0,23,75.0,25.0,25.0,50.0
11582,11582,81,10,20,1,0,23,67.0,49.0,49.0,18.0
11583,11583,81,10,30,1,0,23,63.0,37.0,37.0,26.0
11584,11584,81,10,40,1,0,23,62.0,43.0,43.0,19.0
11585,11585,81,10,50,1,0,23,66.0,29.0,29.0,37.0
11586,11586,81,11,0,1,0,23,47.0,27.0,27.0,20.0
11587,11587,81,11,10,1,0,23,96.0,41.0,41.0,55.0
11588,11588,81,11,20,1,0,23,63.0,47.0,47.0,16.0
11589,11589,81,11,30,1,0,23,62.0,22.0,22.0,40.0
11590,11590,81,11,40,1,0,23,53.0,25.0,25.0,28.0
11591,11591,81,11,50,1,0,23,47.0,19.0,19.0,28.0
11592,11592,81,12,0,1,0,23,89.0,69.0,69.0,20.0
11593,11593,81,12,10,1,0,23,68.0,19.0,19.0,49.0
11594,11594,81,12,20,1,0,23,56.0,22.0,22.0,34.0
11595,11595,81,12,30,1,0,23,37.0,11.0,11.0,26.0
11596,11596,81,12,40,1,0,23,102.0,61.0,61.0,41.0
11597,11597,81,12,50,1,0,23,56.0,24.0,24.0,32.0
11598,11598,81,13,0,1,0,23,64.0,25.0,25.0,39.0
11599,11599,81,13,10,1,0,23,70.0,31.0,31.0,39.0
11600,11600,81,13,20,1,0,23,71.0,39.0,39.0,32.0
11601,11601,81,13,30,1,0,23,83.0,25.0,25.0,58.0
11602,11602,81,13,40,1,0,23,71.0,38.0,38.0,33.0
11603,11603,81,13,50,1,0,23,49.0,11.0,11.0,38.0
11604,11604,81,14,0,1,0,23,81.0,43.0,43.0,38.0
11605,11605,81,14,10,1,0,23,55.0,12.0,12.0,43.0
11606,11606,81,14,20,1,0,23,71.0,26.0,26.0,45.0
11607,11607,81,14,30,1,0,23,50.0,23.0,23.0,27.0
11608,11608,81,14,40,1,0,23,76.0,27.0,27.0,49.0
11609,11609,81,14,50,1,0,23,84.0,22.0,22.0,62.0
11610,11610,81,15,0,1,0,23,76.0,19.0,19.0,57.0
11611,11611,81,15,10,1,0,23,74.0,24.0,24.0,50.0
11612,11612,81,15,20,1,0,23,62.0,27.0,27.0,35.0
11613,11613,81,15,30,1,0,23,77.0,16.0,16.0,61.0
11614,11614,81,15,40,1,0,23,129.0,17.0,17.0,112.0
11615,11615,81,15,50,1,0,23,77.0,19.0,19.0,58.0
11616,11616,81,16,0,1,0,23,89.0,32.0,32.0,57.0
11617,11617,81,16,10,1,0,23,85.0,12.0,12.0,73.0
11618,11618,81,16,20,1,0,23,49.0,13.0,13.0,36.0
11619,11619,81,16,30,1,0,23,110.0,16.0,16.0,94.0
11620,11620,81,16,40,1,0,23,81.0,26.0,26.0,55.0
11621,11621,81,16,50,1,0,23,70.0,24.0,24.0,46.0
11622,11622,81,17,0,1,0,23,78.0,13.0,13.0,65.0
11623,11623,81,17,10,1,0,23,42.0,24.0,24.0,18.0
11624,11624,81,17,20,1,0,23,49.0,13.0,13.0,36.0
11625,11625,81,17,30,1,0,23,69.0,27.0,27.0,42.0
11626,11626,81,17,40,1,0,23,49.0,16.0,16.0,33.0
11627,11627,81,17,50,1,0,23,33.0,22.0,22.0,11.0
11628,11628,81,18,0,1,0,23,53.0,25.0,25.0,28.0
11629,11629,81,18,10,1,0,23,53.0,23.0,23.0,30.0
11630,11630,81,18,20,1,0,23,40.0,27.0,27.0,13.0
11631,11631,81,18,30,1,0,23,26.0,16.0,16.0,10.0
11632,11632,81,18,40,1,0,23,67.0,39.0,39.0,28.0
11633,11633,81,18,50,1,0,23,39.0,14.0,14.0,25.0
11634,11634,81,19,0,1,0,23,27.0,16.0,16.0,11.0
11635,11635,81,19,10,1,0,23,46.0,40.0,40.0,6.0
11636,11636,81,19,20,1,0,23,29.0,17.0,17.0,12.0
11637,11637,81,19,30,1,0,23,42.0,35.0,35.0,7.0
11638,11638,81,19,40,1,0,23,16.0,9.0,9.0,7.0
11639,11639,81,19,50,1,0,23,25.0,16.0,16.0,9.0
11640,11640,81,20,0,1,0,23,31.0,22.0,22.0,9.0
11641,11641,81,20,10,1,0,23,17.0,11.0,11.0,6.0
11642,11642,81,20,20,1,0,23,24.0,19.0,19.0,5.0
11643,11643,81,20,30,1,0,23,18.0,6.0,6.0,12.0
11644,11644,81,20,40,1,0,23,30.0,24.0,24.0,6.0
11645,11645,81,20,50,1,0,23,15.0,10.0,10.0,5.0
11646,11646,81,21,0,1,0,23,15.0,11.0,11.0,4.0
11647,11647,81,21,10,1,0,23,15.0,12.0,12.0,3.0
11648,11648,81,21,20,1,0,23,11.0,10.0,10.0,1.0
11649,11649,81,21,30,1,0,23,11.0,9.0,9.0,2.0
11650,11650,81,21,40,1,0,23,11.0,10.0,10.0,1.0
11651,11651,81,21,50,1,0,23,13.0,10.0,10.0,3.0
11652,11652,81,22,0,1,0,23,0.0,0.0,0.0,0.0
11653,11653,81,22,10,1,0,23,12.0,12.0,12.0,0.0
11654,11654,81,22,20,1,0,23,13.0,13.0,13.0,0.0
11655,11655,81,22,30,1,0,23,0.0,0.0,0.0,0.0
11656,11656,81,22,40,1,0,23,12.0,12.0,12.0,0.0
11657,11657,81,22,50,1,0,23,1.0,1.0,1.0,0.0
11694,11694,82,5,0,1,0,23,0.0,0.0,0.0,0.0
11695,11695,82,5,10,1,0,23,0.0,0.0,0.0,0.0
11696,11696,82,5,20,1,0,23,1.0,1.0,1.0,0.0
11697,11697,82,5,30,1,0,23,0.0,0.0,0.0,0.0
11698,11698,82,5,40,1,0,23,1.0,0.0,0.0,1.0
11699,11699,82,5,50,1,0,23,8.0,0.0,0.0,8.0
11700,11700,82,6,0,1,0,23,29.0,0.0,0.0,29.0
11701,11701,82,6,10,1,0,23,23.0,1.0,1.0,22.0
11702,11702,82,6,20,1,0,23,29.0,0.0,0.0,29.0
11703,11703,82,6,30,1,0,23,11.0,0.0,0.0,11.0
11704,11704,82,6,40,1,0,23,59.0,5.0,5.0,54.0
11705,11705,82,6,50,1,0,23,30.0,3.0,3.0,27.0
11706,11706,82,7,0,1,0,23,71.0,9.0,9.0,62.0
11707,11707,82,7,10,1,0,23,96.0,5.0,5.0,91.0
11708,11708,82,7,20,1,0,23,118.0,14.0,14.0,104.0
11709,11709,82,7,30,1,0,23,132.0,9.0,9.0,123.0
11710,11710,82,7,40,1,0,23,192.0,14.0,14.0,178.0
11711,11711,82,7,50,1,0,23,62.0,4.0,4.0,58.0
11712,11712,82,8,0,1,0,23,98.0,10.0,10.0,88.0
11713,11713,82,8,10,1,0,23,74.0,5.0,5.0,69.0
11714,11714,82,8,20,1,0,23,67.0,3.0,3.0,64.0
11715,11715,82,8,30,1,0,23,71.0,7.0,7.0,64.0
11716,11716,82,8,40,1,0,23,37.0,14.0,14.0,23.0
11717,11717,82,8,50,1,0,23,52.0,5.0,5.0,47.0
11718,11718,82,9,0,1,0,23,15.0,6.0,6.0,9.0
11719,11719,82,9,10,1,0,23,30.0,7.0,7.0,23.0
11720,11720,82,9,20,1,0,23,46.0,10.0,10.0,36.0
11721,11721,82,9,30,1,0,23,9.0,6.0,6.0,3.0
11722,11722,82,9,40,1,0,23,25.0,7.0,7.0,18.0
11723,11723,82,9,50,1,0,23,11.0,3.0,3.0,8.0
11724,11724,82,10,0,1,0,23,11.0,6.0,6.0,5.0
11725,11725,82,10,10,1,0,23,22.0,11.0,11.0,11.0
11726,11726,82,10,20,1,0,23,10.0,5.0,5.0,5.0
11727,11727,82,10,30,1,0,23,10.0,3.0,3.0,7.0
11728,11728,82,10,40,1,0,23,16.0,11.0,11.0,5.0
11729,11729,82,10,50,1,0,23,13.0,8.0,8.0,5.0
11730,11730,82,11,0,1,0,23,17.0,4.0,4.0,13.0
11731,11731,82,11,10,1,0,23,7.0,6.0,6.0,1.0
11732,11732,82,11,20,1,0,23,19.0,11.0,11.0,8.0
11733,11733,82,11,30,1,0,23,17.0,12.0,12.0,5.0
11734,11734,82,11,40,1,0,23,26.0,13.0,13.0,13.0
11735,11735,82,11,50,1,0,23,22.0,15.0,15.0,7.0
11736,11736,82,12,0,1,0,23,31.0,12.0,12.0,19.0
11737,11737,82,12,10,1,0,23,23.0,14.0,14.0,9.0
11738,11738,82,12,20,1,0,23,13.0,6.0,6.0,7.0
11739,11739,82,12,30,1,0,23,10.0,5.0,5.0,5.0
11740,11740,82,12,40,1,0,23,11.0,5.0,5.0,6.0
11741,11741,82,12,50,1,0,23,14.0,6.0,6.0,8.0
11742,11742,82,13,0,1,0,23,12.0,7.0,7.0,5.0
11743,11743,82,13,10,1,0,23,14.0,4.0,4.0,10.0
11744,11744,82,13,20,1,0,23,24.0,10.0,10.0,14.0
11745,11745,82,13,30,1,0,23,10.0,8.0,8.0,2.0
11746,11746,82,13,40,1,0,23,8.0,2.0,2.0,6.0
11747,11747,82,13,50,1,0,23,18.0,11.0,11.0,7.0
11748,11748,82,14,0,1,0,23,9.0,3.0,3.0,6.0
11749,11749,82,14,10,1,0,23,22.0,14.0,14.0,8.0
11750,11750,82,14,20,1,0,23,7.0,3.0,3.0,4.0
11751,11751,82,14,30,1,0,23,14.0,10.0,10.0,4.0
11752,11752,82,14,40,1,0,23,11.0,6.0,6.0,5.0
11753,11753,82,14,50,1,0,23,26.0,10.0,10.0,16.0
11754,11754,82,15,0,1,0,23,30.0,23.0,23.0,7.0
11755,11755,82,15,10,1,0,23,6.0,5.0,5.0,1.0
11756,11756,82,15,20,1,0,23,25.0,17.0,17.0,8.0
11757,11757,82,15,30,1,0,23,18.0,17.0,17.0,1.0
11758,11758,82,15,40,1,0,23,22.0,12.0,12.0,10.0
11759,11759,82,15,50,1,0,23,23.0,13.0,13.0,10.0
11760,11760,82,16,0,1,0,23,19.0,13.0,13.0,6.0
11761,11761,82,16,10,1,0,23,35.0,24.0,24.0,11.0
11762,11762,82,16,20,1,0,23,17.0,13.0,13.0,4.0
11763,11763,82,16,30,1,0,23,41.0,32.0,32.0,9.0
11764,11764,82,16,40,1,0,23,30.0,25.0,25.0,5.0
11765,11765,82,16,50,1,0,23,33.0,19.0,19.0,14.0
11766,11766,82,17,0,1,0,23,41.0,33.0,33.0,8.0
11767,11767,82,17,10,1,0,23,23.0,15.0,15.0,8.0
11768,11768,82,17,20,1,0,23,49.0,35.0,35.0,14.0
11769,11769,82,17,30,1,0,23,29.0,20.0,20.0,9.0
11770,11770,82,17,40,1,0,23,41.0,40.0,40.0,1.0
11771,11771,82,17,50,1,0,23,56.0,42.0,42.0,14.0
11772,11772,82,18,0,1,0,23,48.0,37.0,37.0,11.0
11773,11773,82,18,10,1,0,23,86.0,81.0,81.0,5.0
11774,11774,82,18,20,1,0,23,47.0,42.0,42.0,5.0
11775,11775,82,18,30,1,0,23,55.0,48.0,48.0,7.0
11776,11776,82,18,40,1,0,23,71.0,68.0,68.0,3.0
11777,11777,82,18,50,1,0,23,52.0,46.0,46.0,6.0
11778,11778,82,19,0,1,0,23,88.0,81.0,81.0,7.0
11779,11779,82,19,10,1,0,23,61.0,55.0,55.0,6.0
11780,11780,82,19,20,1,0,23,82.0,79.0,79.0,3.0
11781,11781,82,19,30,1,0,23,33.0,30.0,30.0,3.0
11782,11782,82,19,40,1,0,23,47.0,46.0,46.0,1.0
11783,11783,82,19,50,1,0,23,31.0,29.0,29.0,2.0
11784,11784,82,20,0,1,0,23,21.0,16.0,16.0,5.0
11785,11785,82,20,10,1,0,23,41.0,41.0,41.0,0.0
11786,11786,82,20,20,1,0,23,36.0,35.0,35.0,1.0
11787,11787,82,20,30,1,0,23,21.0,19.0,19.0,2.0
11788,11788,82,20,40,1,0,23,17.0,16.0,16.0,1.0
11789,11789,82,20,50,1,0,23,29.0,28.0,28.0,1.0
11790,11790,82,21,0,1,0,23,16.0,15.0,15.0,1.0
11791,11791,82,21,10,1,0,23,26.0,22.0,22.0,4.0
11792,11792,82,21,20,1,0,23,5.0,3.0,3.0,2.0
11793,11793,82,21,30,1,0,23,30.0,27.0,27.0,3.0
11794,11794,82,21,40,1,0,23,21.0,21.0,21.0,0.0
11795,11795,82,21,50,1,0,23,24.0,23.0,23.0,1.0
11796,11796,82,22,0,1,0,23,4.0,3.0,3.0,1.0
11797,11797,82,22,10,1,0,23,23.0,23.0,23.0,0.0
11798,11798,82,22,20,1,0,23,10.0,10.0,10.0,0.0
11799,11799,82,22,30,1,0,23,2.0,2.0,2.0,0.0
11800,11800,82,22,40,1,0,23,0.0,0.0,0.0,0.0
11801,11801,82,22,50,1,0,23,0.0,0.0,0.0,0.0
11838,11838,83,5,0,1,0,23,0.0,0.0,0.0,0.0
11839,11839,83,5,10,1,0,23,0.0,0.0,0.0,0.0
11840,11840,83,5,20,1,0,23,0.0,0.0,0.0,0.0
11841,11841,83,5,30,1,0,23,0.0,0.0,0.0,0.0
11842,11842,83,5,40,1,0,23,0.0,0.0,0.0,0.0
11843,11843,83,5,50,1,0,23,14.0,0.0,0.0,14.0
11844,11844,83,6,0,1,0,23,43.0,1.0,1.0,42.0
11845,11845,83,6,10,1,0,23,129.0,0.0,0.0,129.0
11846,11846,83,6,20,1,0,23,60.0,1.0,1.0,59.0
11847,11847,83,6,30,1,0,23,131.0,1.0,1.0,130.0
11848,11848,83,6,40,1,0,23,231.0,16.0,16.0,215.0
11849,11849,83,6,50,1,0,23,212.0,10.0,10.0,202.0
11850,11850,83,7,0,1,0,23,204.0,7.0,7.0,197.0
11851,11851,83,7,10,1,0,23,243.0,15.0,15.0,228.0
11852,11852,83,7,20,1,0,23,309.0,22.0,22.0,287.0
11853,11853,83,7,30,1,0,23,323.0,16.0,16.0,307.0
11854,11854,83,7,40,1,0,23,413.0,21.0,21.0,392.0
11855,11855,83,7,50,1,0,23,438.0,22.0,22.0,416.0
11856,11856,83,8,0,1,0,23,347.0,24.0,24.0,323.0
11857,11857,83,8,10,1,0,23,296.0,17.0,17.0,279.0
11858,11858,83,8,20,1,0,23,270.0,26.0,26.0,244.0
11859,11859,83,8,30,1,0,23,238.0,24.0,24.0,214.0
11860,11860,83,8,40,1,0,23,212.0,20.0,20.0,192.0
11861,11861,83,8,50,1,0,23,148.0,22.0,22.0,126.0
11862,11862,83,9,0,1,0,23,158.0,14.0,14.0,144.0
11863,11863,83,9,10,1,0,23,104.0,15.0,15.0,89.0
11864,11864,83,9,20,1,0,23,123.0,25.0,25.0,98.0
11865,11865,83,9,30,1,0,23,89.0,25.0,25.0,64.0
11866,11866,83,9,40,1,0,23,64.0,21.0,21.0,43.0
11867,11867,83,9,50,1,0,23,148.0,46.0,46.0,102.0
11868,11868,83,10,0,1,0,23,67.0,14.0,14.0,53.0
11869,11869,83,10,10,1,0,23,76.0,24.0,24.0,52.0
11870,11870,83,10,20,1,0,23,63.0,27.0,27.0,36.0
11871,11871,83,10,30,1,0,23,121.0,75.0,75.0,46.0
11872,11872,83,10,40,1,0,23,41.0,9.0,9.0,32.0
11873,11873,83,10,50,1,0,23,68.0,29.0,29.0,39.0
11874,11874,83,11,0,1,0,23,77.0,27.0,27.0,50.0
11875,11875,83,11,10,1,0,23,61.0,32.0,32.0,29.0
11876,11876,83,11,20,1,0,23,76.0,20.0,20.0,56.0
11877,11877,83,11,30,1,0,23,56.0,26.0,26.0,30.0
11878,11878,83,11,40,1,0,23,64.0,15.0,15.0,49.0
11879,11879,83,11,50,1,0,23,64.0,37.0,37.0,27.0
11880,11880,83,12,0,1,0,23,86.0,17.0,17.0,69.0
11881,11881,83,12,10,1,0,23,38.0,16.0,16.0,22.0
11882,11882,83,12,20,1,0,23,75.0,21.0,21.0,54.0
11883,11883,83,12,30,1,0,23,84.0,48.0,48.0,36.0
11884,11884,83,12,40,1,0,23,74.0,24.0,24.0,50.0
11885,11885,83,12,50,1,0,23,49.0,19.0,19.0,30.0
11886,11886,83,13,0,1,0,23,66.0,30.0,30.0,36.0
11887,11887,83,13,10,1,0,23,60.0,37.0,37.0,23.0
11888,11888,83,13,20,1,0,23,80.0,34.0,34.0,46.0
11889,11889,83,13,30,1,0,23,28.0,11.0,11.0,17.0
11890,11890,83,13,40,1,0,23,72.0,32.0,32.0,40.0
11891,11891,83,13,50,1,0,23,65.0,39.0,39.0,26.0
11892,11892,83,14,0,1,0,23,57.0,27.0,27.0,30.0
11893,11893,83,14,10,1,0,23,65.0,29.0,29.0,36.0
11894,11894,83,14,20,1,0,23,57.0,25.0,25.0,32.0
11895,11895,83,14,30,1,0,23,84.0,53.0,53.0,31.0
11896,11896,83,14,40,1,0,23,52.0,28.0,28.0,24.0
11897,11897,83,14,50,1,0,23,59.0,41.0,41.0,18.0
11898,11898,83,15,0,1,0,23,73.0,45.0,45.0,28.0
11899,11899,83,15,10,1,0,23,82.0,53.0,53.0,29.0
11900,11900,83,15,20,1,0,23,72.0,50.0,50.0,22.0
11901,11901,83,15,30,1,0,23,65.0,33.0,33.0,32.0
11902,11902,83,15,40,1,0,23,71.0,51.0,51.0,20.0
11903,11903,83,15,50,1,0,23,78.0,56.0,56.0,22.0
11904,11904,83,16,0,1,0,23,80.0,67.0,67.0,13.0
11905,11905,83,16,10,1,0,23,77.0,58.0,58.0,19.0
11906,11906,83,16,20,1,0,23,88.0,52.0,52.0,36.0
11907,11907,83,16,30,1,0,23,87.0,75.0,75.0,12.0
11908,11908,83,16,40,1,0,23,87.0,65.0,65.0,22.0
11909,11909,83,16,50,1,0,23,162.0,122.0,122.0,40.0
11910,11910,83,17,0,1,0,23,75.0,50.0,50.0,25.0
11911,11911,83,17,10,1,0,23,167.0,130.0,130.0,37.0
11912,11912,83,17,20,1,0,23,100.0,82.0,82.0,18.0
11913,11913,83,17,30,1,0,23,115.0,98.0,98.0,17.0
11914,11914,83,17,40,1,0,23,153.0,135.0,135.0,18.0
11915,11915,83,17,50,1,0,23,119.0,93.0,93.0,26.0
11916,11916,83,18,0,1,0,23,213.0,198.0,198.0,15.0
11917,11917,83,18,10,1,0,23,152.0,134.0,134.0,18.0
11918,11918,83,18,20,1,0,23,231.0,211.0,211.0,20.0
11919,11919,83,18,30,1,0,23,241.0,216.0,216.0,25.0
11920,11920,83,18,40,1,0,23,139.0,126.0,126.0,13.0
11921,11921,83,18,50,1,0,23,323.0,303.0,303.0,20.0
11922,11922,83,19,0,1,0,23,193.0,177.0,177.0,16.0
11923,11923,83,19,10,1,0,23,309.0,296.0,296.0,13.0
11924,11924,83,19,20,1,0,23,246.0,228.0,228.0,18.0
11925,11925,83,19,30,1,0,23,250.0,230.0,230.0,20.0
11926,11926,83,19,40,1,0,23,200.0,177.0,177.0,23.0
11927,11927,83,19,50,1,0,23,97.0,83.0,83.0,14.0
11928,11928,83,20,0,1,0,23,181.0,172.0,172.0,9.0
11929,11929,83,20,10,1,0,23,94.0,81.0,81.0,13.0
11930,11930,83,20,20,1,0,23,100.0,93.0,93.0,7.0
11931,11931,83,20,30,1,0,23,100.0,85.0,85.0,15.0
11932,11932,83,20,40,1,0,23,152.0,149.0,149.0,3.0
11933,11933,83,20,50,1,0,23,74.0,65.0,65.0,9.0
11934,11934,83,21,0,1,0,23,95.0,78.0,78.0,17.0
11935,11935,83,21,10,1,0,23,115.0,109.0,109.0,6.0
11936,11936,83,21,20,1,0,23,63.0,48.0,48.0,15.0
11937,11937,83,21,30,1,0,23,92.0,86.0,86.0,6.0
11938,11938,83,21,40,1,0,23,134.0,129.0,129.0,5.0
11939,11939,83,21,50,1,0,23,93.0,90.0,90.0,3.0
11940,11940,83,22,0,1,0,23,120.0,117.0,117.0,3.0
11941,11941,83,22,10,1,0,23,0.0,0.0,0.0,0.0
11942,11942,83,22,20,1,0,23,117.0,115.0,115.0,2.0
11943,11943,83,22,30,1,0,23,1.0,0.0,0.0,1.0
11944,11944,83,22,40,1,0,23,0.0,0.0,0.0,0.0
11945,11945,83,22,50,1,0,23,0.0,0.0,0.0,0.0
11982,11982,84,5,0,1,0,23,0.0,0.0,0.0,0.0
11983,11983,84,5,10,1,0,23,0.0,0.0,0.0,0.0
11984,11984,84,5,20,1,0,23,0.0,0.0,0.0,0.0
11985,11985,84,5,30,1,0,23,1.0,1.0,1.0,0.0
11986,11986,84,5,40,1,0,23,1.0,0.0,0.0,1.0
11987,11987,84,5,50,1,0,23,3.0,2.0,2.0,1.0
11988,11988,84,6,0,1,0,23,1.0,0.0,0.0,1.0
11989,11989,84,6,10,1,0,23,1.0,0.0,0.0,1.0
11990,11990,84,6,20,1,0,23,3.0,0.0,0.0,3.0
11991,11991,84,6,30,1,0,23,4.0,2.0,2.0,2.0
11992,11992,84,6,40,1,0,23,8.0,1.0,1.0,7.0
11993,11993,84,6,50,1,0,23,11.0,6.0,6.0,5.0
11994,11994,84,7,0,1,0,23,8.0,5.0,5.0,3.0
11995,11995,84,7,10,1,0,23,16.0,13.0,13.0,3.0
11996,11996,84,7,20,1,0,23,10.0,4.0,4.0,6.0
11997,11997,84,7,30,1,0,23,14.0,4.0,4.0,10.0
11998,11998,84,7,40,1,0,23,30.0,8.0,8.0,22.0
11999,11999,84,7,50,1,0,23,15.0,7.0,7.0,8.0
12000,12000,84,8,0,1,0,23,9.0,5.0,5.0,4.0
12001,12001,84,8,10,1,0,23,18.0,10.0,10.0,8.0
12002,12002,84,8,20,1,0,23,24.0,17.0,17.0,7.0
12003,12003,84,8,30,1,0,23,32.0,28.0,28.0,4.0
12004,12004,84,8,40,1,0,23,7.0,4.0,4.0,3.0
12005,12005,84,8,50,1,0,23,14.0,11.0,11.0,3.0
12006,12006,84,9,0,1,0,23,7.0,5.0,5.0,2.0
12007,12007,84,9,10,1,0,23,10.0,9.0,9.0,1.0
12008,12008,84,9,20,1,0,23,6.0,4.0,4.0,2.0
12009,12009,84,9,30,1,0,23,9.0,5.0,5.0,4.0
12010,12010,84,9,40,1,0,23,2.0,2.0,2.0,0.0
12011,12011,84,9,50,1,0,23,7.0,5.0,5.0,2.0
12012,12012,84,10,0,1,0,23,7.0,4.0,4.0,3.0
12013,12013,84,10,10,1,0,23,3.0,3.0,3.0,0.0
12014,12014,84,10,20,1,0,23,3.0,1.0,1.0,2.0
12015,12015,84,10,30,1,0,23,4.0,2.0,2.0,2.0
12016,12016,84,10,40,1,0,23,7.0,4.0,4.0,3.0
12017,12017,84,10,50,1,0,23,2.0,1.0,1.0,1.0
12018,12018,84,11,0,1,0,23,1.0,0.0,0.0,1.0
12019,12019,84,11,10,1,0,23,2.0,2.0,2.0,0.0
12020,12020,84,11,20,1,0,23,5.0,3.0,3.0,2.0
12021,12021,84,11,30,1,0,23,5.0,4.0,4.0,1.0
12022,12022,84,11,40,1,0,23,1.0,0.0,0.0,1.0
12023,12023,84,11,50,1,0,23,3.0,0.0,0.0,3.0
12024,12024,84,12,0,1,0,23,6.0,2.0,2.0,4.0
12025,12025,84,12,10,1,0,23,1.0,0.0,0.0,1.0
12026,12026,84,12,20,1,0,23,7.0,3.0,3.0,4.0
12027,12027,84,12,30,1,0,23,9.0,2.0,2.0,7.0
12028,12028,84,12,40,1,0,23,3.0,1.0,1.0,2.0
12029,12029,84,12,50,1,0,23,4.0,1.0,1.0,3.0
12030,12030,84,13,0,1,0,23,8.0,2.0,2.0,6.0
12031,12031,84,13,10,1,0,23,6.0,0.0,0.0,6.0
12032,12032,84,13,20,1,0,23,2.0,0.0,0.0,2.0
12033,12033,84,13,30,1,0,23,8.0,5.0,5.0,3.0
12034,12034,84,13,40,1,0,23,4.0,2.0,2.0,2.0
12035,12035,84,13,50,1,0,23,6.0,1.0,1.0,5.0
12036,12036,84,14,0,1,0,23,6.0,1.0,1.0,5.0
12037,12037,84,14,10,1,0,23,4.0,1.0,1.0,3.0
12038,12038,84,14,20,1,0,23,3.0,3.0,3.0,0.0
12039,12039,84,14,30,1,0,23,2.0,0.0,0.0,2.0
12040,12040,84,14,40,1,0,23,1.0,1.0,1.0,0.0
12041,12041,84,14,50,1,0,23,6.0,3.0,3.0,3.0
12042,12042,84,15,0,1,0,23,5.0,3.0,3.0,2.0
12043,12043,84,15,10,1,0,23,4.0,0.0,0.0,4.0
12044,12044,84,15,20,1,0,23,1.0,1.0,1.0,0.0
12045,12045,84,15,30,1,0,23,5.0,3.0,3.0,2.0
12046,12046,84,15,40,1,0,23,1.0,1.0,1.0,0.0
12047,12047,84,15,50,1,0,23,6.0,2.0,2.0,4.0
12048,12048,84,16,0,1,0,23,4.0,0.0,0.0,4.0
12049,12049,84,16,10,1,0,23,9.0,4.0,4.0,5.0
12050,12050,84,16,20,1,0,23,9.0,3.0,3.0,6.0
12051,12051,84,16,30,1,0,23,16.0,3.0,3.0,13.0
12052,12052,84,16,40,1,0,23,14.0,1.0,1.0,13.0
12053,12053,84,16,50,1,0,23,7.0,2.0,2.0,5.0
12054,12054,84,17,0,1,0,23,17.0,2.0,2.0,15.0
12055,12055,84,17,10,1,0,23,8.0,2.0,2.0,6.0
12056,12056,84,17,20,1,0,23,35.0,17.0,17.0,18.0
12057,12057,84,17,30,1,0,23,11.0,3.0,3.0,8.0
12058,12058,84,17,40,1,0,23,9.0,1.0,1.0,8.0
12059,12059,84,17,50,1,0,23,20.0,3.0,3.0,17.0
12060,12060,84,18,0,1,0,23,21.0,4.0,4.0,17.0
12061,12061,84,18,10,1,0,23,18.0,5.0,5.0,13.0
12062,12062,84,18,20,1,0,23,10.0,4.0,4.0,6.0
12063,12063,84,18,30,1,0,23,11.0,6.0,6.0,5.0
12064,12064,84,18,40,1,0,23,6.0,3.0,3.0,3.0
12065,12065,84,18,50,1,0,23,7.0,3.0,3.0,4.0
12066,12066,84,19,0,1,0,23,9.0,5.0,5.0,4.0
12067,12067,84,19,10,1,0,23,2.0,1.0,1.0,1.0
12068,12068,84,19,20,1,0,23,7.0,4.0,4.0,3.0
12069,12069,84,19,30,1,0,23,5.0,3.0,3.0,2.0
12070,12070,84,19,40,1,0,23,4.0,1.0,1.0,3.0
12071,12071,84,19,50,1,0,23,7.0,1.0,1.0,6.0
12072,12072,84,20,0,1,0,23,1.0,1.0,1.0,0.0
12073,12073,84,20,10,1,0,23,7.0,2.0,2.0,5.0
12074,12074,84,20,20,1,0,23,1.0,1.0,1.0,0.0
12075,12075,84,20,30,1,0,23,2.0,1.0,1.0,1.0
12076,12076,84,20,40,1,0,23,6.0,1.0,1.0,5.0
12077,12077,84,20,50,1,0,23,1.0,1.0,1.0,0.0
12078,12078,84,21,0,1,0,23,3.0,2.0,2.0,1.0
12079,12079,84,21,10,1,0,23,5.0,2.0,2.0,3.0
12080,12080,84,21,20,1,0,23,5.0,3.0,3.0,2.0
12081,12081,84,21,30,1,0,23,7.0,1.0,1.0,6.0
12082,12082,84,21,40,1,0,23,4.0,3.0,3.0,1.0
12083,12083,84,21,50,1,0,23,6.0,4.0,4.0,2.0
12084,12084,84,22,0,1,0,23,0.0,0.0,0.0,0.0
12085,12085,84,22,10,1,0,23,0.0,0.0,0.0,0.0
12086,12086,84,22,20,1,0,23,0.0,0.0,0.0,0.0
12087,12087,84,22,30,1,0,23,0.0,0.0,0.0,0.0
12088,12088,84,22,40,1,0,23,0.0,0.0,0.0,0.0
12089,12089,84,22,50,1,0,23,0.0,0.0,0.0,0.0
12126,12126,85,5,0,1,0,23,0.0,0.0,0.0,0.0
12127,12127,85,5,10,1,0,23,0.0,0.0,0.0,0.0
12128,12128,85,5,20,1,0,23,4.0,0.0,0.0,4.0
12129,12129,85,5,30,1,0,23,2.0,0.0,0.0,2.0
12130,12130,85,5,40,1,0,23,5.0,1.0,1.0,4.0
12131,12131,85,5,50,1,0,23,113.0,2.0,2.0,111.0
12132,12132,85,6,0,1,0,23,138.0,0.0,0.0,138.0
12133,12133,85,6,10,1,0,23,176.0,0.0,0.0,176.0
12134,12134,85,6,20,1,0,23,250.0,32.0,32.0,218.0
12135,12135,85,6,30,1,0,23,260.0,15.0,15.0,245.0
12136,12136,85,6,40,1,0,23,299.0,12.0,12.0,287.0
12137,12137,85,6,50,1,0,23,381.0,35.0,35.0,346.0
12138,12138,85,7,0,1,0,23,474.0,50.0,50.0,424.0
12139,12139,85,7,10,1,0,23,456.0,82.0,82.0,374.0
12140,12140,85,7,20,1,0,23,538.0,87.0,87.0,451.0
12141,12141,85,7,30,1,0,23,438.0,84.0,84.0,354.0
12142,12142,85,7,40,1,0,23,370.0,72.0,72.0,298.0
12143,12143,85,7,50,1,0,23,344.0,93.0,93.0,251.0
12144,12144,85,8,0,1,0,23,346.0,105.0,105.0,241.0
12145,12145,85,8,10,1,0,23,383.0,108.0,108.0,275.0
12146,12146,85,8,20,1,0,23,302.0,111.0,111.0,191.0
12147,12147,85,8,30,1,0,23,248.0,100.0,100.0,148.0
12148,12148,85,8,40,1,0,23,282.0,113.0,113.0,169.0
12149,12149,85,8,50,1,0,23,212.0,72.0,72.0,140.0
12150,12150,85,9,0,1,0,23,165.0,43.0,43.0,122.0
12151,12151,85,9,10,1,0,23,158.0,40.0,40.0,118.0
12152,12152,85,9,20,1,0,23,173.0,70.0,70.0,103.0
12153,12153,85,9,30,1,0,23,182.0,77.0,77.0,105.0
12154,12154,85,9,40,1,0,23,140.0,67.0,67.0,73.0
12155,12155,85,9,50,1,0,23,252.0,149.0,149.0,103.0
12156,12156,85,10,0,1,0,23,153.0,75.0,75.0,78.0
12157,12157,85,10,10,1,0,23,147.0,69.0,69.0,78.0
12158,12158,85,10,20,1,0,23,118.0,50.0,50.0,68.0
12159,12159,85,10,30,1,0,23,177.0,113.0,113.0,64.0
12160,12160,85,10,40,1,0,23,162.0,75.0,75.0,87.0
12161,12161,85,10,50,1,0,23,132.0,57.0,57.0,75.0
12162,12162,85,11,0,1,0,23,119.0,39.0,39.0,80.0
12163,12163,85,11,10,1,0,23,166.0,77.0,77.0,89.0
12164,12164,85,11,20,1,0,23,196.0,104.0,104.0,92.0
12165,12165,85,11,30,1,0,23,148.0,60.0,60.0,88.0
12166,12166,85,11,40,1,0,23,182.0,83.0,83.0,99.0
12167,12167,85,11,50,1,0,23,144.0,39.0,39.0,105.0
12168,12168,85,12,0,1,0,23,198.0,122.0,122.0,76.0
12169,12169,85,12,10,1,0,23,151.0,55.0,55.0,96.0
12170,12170,85,12,20,1,0,23,180.0,81.0,81.0,99.0
12171,12171,85,12,30,1,0,23,169.0,83.0,83.0,86.0
12172,12172,85,12,40,1,0,23,195.0,125.0,125.0,70.0
12173,12173,85,12,50,1,0,23,152.0,78.0,78.0,74.0
12174,12174,85,13,0,1,0,23,139.0,63.0,63.0,76.0
12175,12175,85,13,10,1,0,23,187.0,84.0,84.0,103.0
12176,12176,85,13,20,1,0,23,199.0,123.0,123.0,76.0
12177,12177,85,13,30,1,0,23,166.0,81.0,81.0,85.0
12178,12178,85,13,40,1,0,23,169.0,86.0,86.0,83.0
12179,12179,85,13,50,1,0,23,127.0,68.0,68.0,59.0
12180,12180,85,14,0,1,0,23,227.0,154.0,154.0,73.0
12181,12181,85,14,10,1,0,23,143.0,54.0,54.0,89.0
12182,12182,85,14,20,1,0,23,190.0,105.0,105.0,85.0
12183,12183,85,14,30,1,0,23,156.0,84.0,84.0,72.0
12184,12184,85,14,40,1,0,23,222.0,140.0,140.0,82.0
12185,12185,85,14,50,1,0,23,161.0,89.0,89.0,72.0
12186,12186,85,15,0,1,0,23,167.0,88.0,88.0,79.0
12187,12187,85,15,10,1,0,23,208.0,95.0,95.0,113.0
12188,12188,85,15,20,1,0,23,212.0,141.0,141.0,71.0
12189,12189,85,15,30,1,0,23,180.0,107.0,107.0,73.0
12190,12190,85,15,40,1,0,23,159.0,96.0,96.0,63.0
12191,12191,85,15,50,1,0,23,179.0,93.0,93.0,86.0
12192,12192,85,16,0,1,0,23,280.0,175.0,175.0,105.0
12193,12193,85,16,10,1,0,23,317.0,215.0,215.0,102.0
12194,12194,85,16,20,1,0,23,220.0,124.0,124.0,96.0
12195,12195,85,16,30,1,0,23,247.0,146.0,146.0,101.0
12196,12196,85,16,40,1,0,23,317.0,231.0,231.0,86.0
12197,12197,85,16,50,1,0,23,189.0,90.0,90.0,99.0
12198,12198,85,17,0,1,0,23,414.0,308.0,308.0,106.0
12199,12199,85,17,10,1,0,23,225.0,127.0,127.0,98.0
12200,12200,85,17,20,1,0,23,324.0,233.0,233.0,91.0
12201,12201,85,17,30,1,0,23,335.0,235.0,235.0,100.0
12202,12202,85,17,40,1,0,23,219.0,144.0,144.0,75.0
12203,12203,85,17,50,1,0,23,367.0,298.0,298.0,69.0
12204,12204,85,18,0,1,0,23,189.0,131.0,131.0,58.0
12205,12205,85,18,10,1,0,23,345.0,285.0,285.0,60.0
12206,12206,85,18,20,1,0,23,238.0,180.0,180.0,58.0
12207,12207,85,18,30,1,0,23,318.0,269.0,269.0,49.0
12208,12208,85,18,40,1,0,23,275.0,231.0,231.0,44.0
12209,12209,85,18,50,1,0,23,273.0,216.0,216.0,57.0
12210,12210,85,19,0,1,0,23,341.0,299.0,299.0,42.0
12211,12211,85,19,10,1,0,23,177.0,138.0,138.0,39.0
12212,12212,85,19,20,1,0,23,375.0,333.0,333.0,42.0
12213,12213,85,19,30,1,0,23,207.0,165.0,165.0,42.0
12214,12214,85,19,40,1,0,23,283.0,244.0,244.0,39.0
12215,12215,85,19,50,1,0,23,176.0,147.0,147.0,29.0
12216,12216,85,20,0,1,0,23,206.0,179.0,179.0,27.0
12217,12217,85,20,10,1,0,23,152.0,115.0,115.0,37.0
12218,12218,85,20,20,1,0,23,118.0,82.0,82.0,36.0
12219,12219,85,20,30,1,0,23,104.0,86.0,86.0,18.0
12220,12220,85,20,40,1,0,23,160.0,136.0,136.0,24.0
12221,12221,85,20,50,1,0,23,124.0,106.0,106.0,18.0
12222,12222,85,21,0,1,0,23,99.0,71.0,71.0,28.0
12223,12223,85,21,10,1,0,23,82.0,47.0,47.0,35.0
12224,12224,85,21,20,1,0,23,86.0,70.0,70.0,16.0
12225,12225,85,21,30,1,0,23,109.0,92.0,92.0,17.0
12226,12226,85,21,40,1,0,23,130.0,114.0,114.0,16.0
12227,12227,85,21,50,1,0,23,16.0,3.0,3.0,13.0
12228,12228,85,22,0,1,0,23,110.0,103.0,103.0,7.0
12229,12229,85,22,10,1,0,23,76.0,74.0,74.0,2.0
12230,12230,85,22,20,1,0,23,6.0,3.0,3.0,3.0
12231,12231,85,22,30,1,0,23,92.0,91.0,91.0,1.0
12232,12232,85,22,40,1,0,23,63.0,63.0,63.0,0.0
12233,12233,85,22,50,1,0,23,0.0,0.0,0.0,0.0
12270,12270,86,5,0,1,0,23,0.0,0.0,0.0,0.0
12271,12271,86,5,10,1,0,23,0.0,0.0,0.0,0.0
12272,12272,86,5,20,1,0,23,0.0,0.0,0.0,0.0
12273,12273,86,5,30,1,0,23,0.0,0.0,0.0,0.0
12274,12274,86,5,40,1,0,23,0.0,0.0,0.0,0.0
12275,12275,86,5,50,1,0,23,0.0,0.0,0.0,0.0
12276,12276,86,6,0,1,0,23,19.0,0.0,0.0,19.0
12277,12277,86,6,10,1,0,23,66.0,1.0,1.0,65.0
12278,12278,86,6,20,1,0,23,27.0,1.0,1.0,26.0
12279,12279,86,6,30,1,0,23,31.0,0.0,0.0,31.0
12280,12280,86,6,40,1,0,23,58.0,0.0,0.0,58.0
12281,12281,86,6,50,1,0,23,58.0,3.0,3.0,55.0
12282,12282,86,7,0,1,0,23,84.0,2.0,2.0,82.0
12283,12283,86,7,10,1,0,23,65.0,5.0,5.0,60.0
12284,12284,86,7,20,1,0,23,62.0,3.0,3.0,59.0
12285,12285,86,7,30,1,0,23,87.0,8.0,8.0,79.0
12286,12286,86,7,40,1,0,23,74.0,17.0,17.0,57.0
12287,12287,86,7,50,1,0,23,39.0,11.0,11.0,28.0
12288,12288,86,8,0,1,0,23,61.0,7.0,7.0,54.0
12289,12289,86,8,10,1,0,23,33.0,7.0,7.0,26.0
12290,12290,86,8,20,1,0,23,40.0,10.0,10.0,30.0
12291,12291,86,8,30,1,0,23,27.0,11.0,11.0,16.0
12292,12292,86,8,40,1,0,23,23.0,2.0,2.0,21.0
12293,12293,86,8,50,1,0,23,16.0,9.0,9.0,7.0
12294,12294,86,9,0,1,0,23,16.0,6.0,6.0,10.0
12295,12295,86,9,10,1,0,23,7.0,1.0,1.0,6.0
12296,12296,86,9,20,1,0,23,9.0,3.0,3.0,6.0
12297,12297,86,9,30,1,0,23,14.0,10.0,10.0,4.0
12298,12298,86,9,40,1,0,23,16.0,6.0,6.0,10.0
12299,12299,86,9,50,1,0,23,18.0,9.0,9.0,9.0
12300,12300,86,10,0,1,0,23,10.0,3.0,3.0,7.0
12301,12301,86,10,10,1,0,23,4.0,2.0,2.0,2.0
12302,12302,86,10,20,1,0,23,11.0,4.0,4.0,7.0
12303,12303,86,10,30,1,0,23,13.0,4.0,4.0,9.0
12304,12304,86,10,40,1,0,23,11.0,3.0,3.0,8.0
12305,12305,86,10,50,1,0,23,5.0,2.0,2.0,3.0
12306,12306,86,11,0,1,0,23,15.0,3.0,3.0,12.0
12307,12307,86,11,10,1,0,23,13.0,7.0,7.0,6.0
12308,12308,86,11,20,1,0,23,23.0,6.0,6.0,17.0
12309,12309,86,11,30,1,0,23,11.0,1.0,1.0,10.0
12310,12310,86,11,40,1,0,23,16.0,4.0,4.0,12.0
12311,12311,86,11,50,1,0,23,15.0,7.0,7.0,8.0
12312,12312,86,12,0,1,0,23,11.0,5.0,5.0,6.0
12313,12313,86,12,10,1,0,23,15.0,4.0,4.0,11.0
12314,12314,86,12,20,1,0,23,15.0,7.0,7.0,8.0
12315,12315,86,12,30,1,0,23,10.0,7.0,7.0,3.0
12316,12316,86,12,40,1,0,23,15.0,7.0,7.0,8.0
12317,12317,86,12,50,1,0,23,11.0,6.0,6.0,5.0
12318,12318,86,13,0,1,0,23,10.0,9.0,9.0,1.0
12319,12319,86,13,10,1,0,23,12.0,4.0,4.0,8.0
12320,12320,86,13,20,1,0,23,18.0,15.0,15.0,3.0
12321,12321,86,13,30,1,0,23,12.0,8.0,8.0,4.0
12322,12322,86,13,40,1,0,23,14.0,11.0,11.0,3.0
12323,12323,86,13,50,1,0,23,14.0,12.0,12.0,2.0
12324,12324,86,14,0,1,0,23,10.0,8.0,8.0,2.0
12325,12325,86,14,10,1,0,23,5.0,3.0,3.0,2.0
12326,12326,86,14,20,1,0,23,18.0,5.0,5.0,13.0
12327,12327,86,14,30,1,0,23,32.0,24.0,24.0,8.0
12328,12328,86,14,40,1,0,23,9.0,3.0,3.0,6.0
12329,12329,86,14,50,1,0,23,10.0,5.0,5.0,5.0
12330,12330,86,15,0,1,0,23,18.0,12.0,12.0,6.0
12331,12331,86,15,10,1,0,23,18.0,13.0,13.0,5.0
12332,12332,86,15,20,1,0,23,16.0,9.0,9.0,7.0
12333,12333,86,15,30,1,0,23,12.0,6.0,6.0,6.0
12334,12334,86,15,40,1,0,23,28.0,9.0,9.0,19.0
12335,12335,86,15,50,1,0,23,32.0,26.0,26.0,6.0
12336,12336,86,16,0,1,0,23,25.0,11.0,11.0,14.0
12337,12337,86,16,10,1,0,23,27.0,16.0,16.0,11.0
12338,12338,86,16,20,1,0,23,19.0,8.0,8.0,11.0
12339,12339,86,16,30,1,0,23,34.0,23.0,23.0,11.0
12340,12340,86,16,40,1,0,23,25.0,7.0,7.0,18.0
12341,12341,86,16,50,1,0,23,25.0,13.0,13.0,12.0
12342,12342,86,17,0,1,0,23,29.0,20.0,20.0,9.0
12343,12343,86,17,10,1,0,23,23.0,18.0,18.0,5.0
12344,12344,86,17,20,1,0,23,41.0,37.0,37.0,4.0
12345,12345,86,17,30,1,0,23,25.0,10.0,10.0,15.0
12346,12346,86,17,40,1,0,23,14.0,13.0,13.0,1.0
12347,12347,86,17,50,1,0,23,24.0,17.0,17.0,7.0
12348,12348,86,18,0,1,0,23,30.0,24.0,24.0,6.0
12349,12349,86,18,10,1,0,23,25.0,15.0,15.0,10.0
12350,12350,86,18,20,1,0,23,16.0,12.0,12.0,4.0
12351,12351,86,18,30,1,0,23,28.0,26.0,26.0,2.0
12352,12352,86,18,40,1,0,23,19.0,14.0,14.0,5.0
12353,12353,86,18,50,1,0,23,30.0,29.0,29.0,1.0
12354,12354,86,19,0,1,0,23,12.0,9.0,9.0,3.0
12355,12355,86,19,10,1,0,23,12.0,9.0,9.0,3.0
12356,12356,86,19,20,1,0,23,23.0,23.0,23.0,0.0
12357,12357,86,19,30,1,0,23,19.0,15.0,15.0,4.0
12358,12358,86,19,40,1,0,23,30.0,26.0,26.0,4.0
12359,12359,86,19,50,1,0,23,11.0,9.0,9.0,2.0
12360,12360,86,20,0,1,0,23,13.0,13.0,13.0,0.0
12361,12361,86,20,10,1,0,23,7.0,5.0,5.0,2.0
12362,12362,86,20,20,1,0,23,4.0,2.0,2.0,2.0
12363,12363,86,20,30,1,0,23,9.0,9.0,9.0,0.0
12364,12364,86,20,40,1,0,23,7.0,6.0,6.0,1.0
12365,12365,86,20,50,1,0,23,8.0,8.0,8.0,0.0
12366,12366,86,21,0,1,0,23,4.0,4.0,4.0,0.0
12367,12367,86,21,10,1,0,23,13.0,10.0,10.0,3.0
12368,12368,86,21,20,1,0,23,5.0,5.0,5.0,0.0
12369,12369,86,21,30,1,0,23,9.0,8.0,8.0,1.0
12370,12370,86,21,40,1,0,23,0.0,0.0,0.0,0.0
12371,12371,86,21,50,1,0,23,3.0,3.0,3.0,0.0
12372,12372,86,22,0,1,0,23,9.0,9.0,9.0,0.0
12373,12373,86,22,10,1,0,23,0.0,0.0,0.0,0.0
12374,12374,86,22,20,1,0,23,3.0,3.0,3.0,0.0
12375,12375,86,22,30,1,0,23,0.0,0.0,0.0,0.0
12376,12376,86,22,40,1,0,23,3.0,3.0,3.0,0.0
12377,12377,86,22,50,1,0,23,1.0,1.0,1.0,0.0
12414,12414,87,5,0,1,0,23,0.0,0.0,0.0,0.0
12415,12415,87,5,10,1,0,23,0.0,0.0,0.0,0.0
12416,12416,87,5,20,1,0,23,0.0,0.0,0.0,0.0
12417,12417,87,5,30,1,0,23,1.0,0.0,0.0,1.0
12418,12418,87,5,40,1,0,23,3.0,0.0,0.0,3.0
12419,12419,87,5,50,1,0,23,16.0,0.0,0.0,16.0
12420,12420,87,6,0,1,0,23,10.0,0.0,0.0,10.0
12421,12421,87,6,10,1,0,23,6.0,0.0,0.0,6.0
12422,12422,87,6,20,1,0,23,40.0,0.0,0.0,40.0
12423,12423,87,6,30,1,0,23,21.0,0.0,0.0,21.0
12424,12424,87,6,40,1,0,23,52.0,1.0,1.0,51.0
12425,12425,87,6,50,1,0,23,30.0,12.0,12.0,18.0
12426,12426,87,7,0,1,0,23,67.0,2.0,2.0,65.0
12427,12427,87,7,10,1,0,23,56.0,7.0,7.0,49.0
12428,12428,87,7,20,1,0,23,97.0,14.0,14.0,83.0
12429,12429,87,7,30,1,0,23,60.0,25.0,25.0,35.0
12430,12430,87,7,40,1,0,23,47.0,25.0,25.0,22.0
12431,12431,87,7,50,1,0,23,75.0,30.0,30.0,45.0
12432,12432,87,8,0,1,0,23,35.0,15.0,15.0,20.0
12433,12433,87,8,10,1,0,23,49.0,26.0,26.0,23.0
12434,12434,87,8,20,1,0,23,48.0,21.0,21.0,27.0
12435,12435,87,8,30,1,0,23,39.0,30.0,30.0,9.0
12436,12436,87,8,40,1,0,23,43.0,20.0,20.0,23.0
12437,12437,87,8,50,1,0,23,44.0,19.0,19.0,25.0
12438,12438,87,9,0,1,0,23,28.0,16.0,16.0,12.0
12439,12439,87,9,10,1,0,23,24.0,3.0,3.0,21.0
12440,12440,87,9,20,1,0,23,42.0,21.0,21.0,21.0
12441,12441,87,9,30,1,0,23,31.0,14.0,14.0,17.0
12442,12442,87,9,40,1,0,23,34.0,19.0,19.0,15.0
12443,12443,87,9,50,1,0,23,41.0,13.0,13.0,28.0
12444,12444,87,10,0,1,0,23,57.0,25.0,25.0,32.0
12445,12445,87,10,10,1,0,23,35.0,22.0,22.0,13.0
12446,12446,87,10,20,1,0,23,66.0,31.0,31.0,35.0
12447,12447,87,10,30,1,0,23,57.0,19.0,19.0,38.0
12448,12448,87,10,40,1,0,23,38.0,9.0,9.0,29.0
12449,12449,87,10,50,1,0,23,32.0,12.0,12.0,20.0
12450,12450,87,11,0,1,0,23,41.0,29.0,29.0,12.0
12451,12451,87,11,10,1,0,23,49.0,23.0,23.0,26.0
12452,12452,87,11,20,1,0,23,14.0,11.0,11.0,3.0
12453,12453,87,11,30,1,0,23,58.0,23.0,23.0,35.0
12454,12454,87,11,40,1,0,23,40.0,13.0,13.0,27.0
12455,12455,87,11,50,1,0,23,12.0,7.0,7.0,5.0
12456,12456,87,12,0,1,0,23,52.0,16.0,16.0,36.0
12457,12457,87,12,10,1,0,23,60.0,12.0,12.0,48.0
12458,12458,87,12,20,1,0,23,71.0,25.0,25.0,46.0
12459,12459,87,12,30,1,0,23,14.0,8.0,8.0,6.0
12460,12460,87,12,40,1,0,23,97.0,15.0,15.0,82.0
12461,12461,87,12,50,1,0,23,20.0,10.0,10.0,10.0
12462,12462,87,13,0,1,0,23,64.0,22.0,22.0,42.0
12463,12463,87,13,10,1,0,23,41.0,7.0,7.0,34.0
12464,12464,87,13,20,1,0,23,56.0,7.0,7.0,49.0
12465,12465,87,13,30,1,0,23,39.0,12.0,12.0,27.0
12466,12466,87,13,40,1,0,23,39.0,28.0,28.0,11.0
12467,12467,87,13,50,1,0,23,32.0,12.0,12.0,20.0
12468,12468,87,14,0,1,0,23,46.0,12.0,12.0,34.0
12469,12469,87,14,10,1,0,23,34.0,7.0,7.0,27.0
12470,12470,87,14,20,1,0,23,67.0,18.0,18.0,49.0
12471,12471,87,14,30,1,0,23,19.0,5.0,5.0,14.0
12472,12472,87,14,40,1,0,23,70.0,17.0,17.0,53.0
12473,12473,87,14,50,1,0,23,62.0,7.0,7.0,55.0
12474,12474,87,15,0,1,0,23,41.0,20.0,20.0,21.0
12475,12475,87,15,10,1,0,23,59.0,9.0,9.0,50.0
12476,12476,87,15,20,1,0,23,71.0,8.0,8.0,63.0
12477,12477,87,15,30,1,0,23,69.0,9.0,9.0,60.0
12478,12478,87,15,40,1,0,23,43.0,20.0,20.0,23.0
12479,12479,87,15,50,1,0,23,48.0,17.0,17.0,31.0
12480,12480,87,16,0,1,0,23,77.0,20.0,20.0,57.0
12481,12481,87,16,10,1,0,23,44.0,11.0,11.0,33.0
12482,12482,87,16,20,1,0,23,60.0,13.0,13.0,47.0
12483,12483,87,16,30,1,0,23,52.0,16.0,16.0,36.0
12484,12484,87,16,40,1,0,23,74.0,12.0,12.0,62.0
12485,12485,87,16,50,1,0,23,66.0,19.0,19.0,47.0
12486,12486,87,17,0,1,0,23,76.0,27.0,27.0,49.0
12487,12487,87,17,10,1,0,23,69.0,12.0,12.0,57.0
12488,12488,87,17,20,1,0,23,87.0,29.0,29.0,58.0
12489,12489,87,17,30,1,0,23,32.0,18.0,18.0,14.0
12490,12490,87,17,40,1,0,23,50.0,21.0,21.0,29.0
12491,12491,87,17,50,1,0,23,57.0,34.0,34.0,23.0
12492,12492,87,18,0,1,0,23,33.0,14.0,14.0,19.0
12493,12493,87,18,10,1,0,23,63.0,37.0,37.0,26.0
12494,12494,87,18,20,1,0,23,59.0,30.0,30.0,29.0
12495,12495,87,18,30,1,0,23,47.0,43.0,43.0,4.0
12496,12496,87,18,40,1,0,23,52.0,24.0,24.0,28.0
12497,12497,87,18,50,1,0,23,55.0,33.0,33.0,22.0
12498,12498,87,19,0,1,0,23,33.0,33.0,33.0,0.0
12499,12499,87,19,10,1,0,23,39.0,22.0,22.0,17.0
12500,12500,87,19,20,1,0,23,44.0,38.0,38.0,6.0
12501,12501,87,19,30,1,0,23,23.0,20.0,20.0,3.0
12502,12502,87,19,40,1,0,23,50.0,37.0,37.0,13.0
12503,12503,87,19,50,1,0,23,58.0,23.0,23.0,35.0
12504,12504,87,20,0,1,0,23,76.0,49.0,49.0,27.0
12505,12505,87,20,10,1,0,23,36.0,32.0,32.0,4.0
12506,12506,87,20,20,1,0,23,31.0,19.0,19.0,12.0
12507,12507,87,20,30,1,0,23,38.0,18.0,18.0,20.0
12508,12508,87,20,40,1,0,23,29.0,9.0,9.0,20.0
12509,12509,87,20,50,1,0,23,21.0,11.0,11.0,10.0
12510,12510,87,21,0,1,0,23,17.0,17.0,17.0,0.0
12511,12511,87,21,10,1,0,23,23.0,11.0,11.0,12.0
12512,12512,87,21,20,1,0,23,18.0,9.0,9.0,9.0
12513,12513,87,21,30,1,0,23,17.0,13.0,13.0,4.0
12514,12514,87,21,40,1,0,23,6.0,5.0,5.0,1.0
12515,12515,87,21,50,1,0,23,16.0,15.0,15.0,1.0
12516,12516,87,22,0,1,0,23,12.0,11.0,11.0,1.0
12517,12517,87,22,10,1,0,23,1.0,1.0,1.0,0.0
12518,12518,87,22,20,1,0,23,12.0,12.0,12.0,0.0
12519,12519,87,22,30,1,0,23,3.0,3.0,3.0,0.0
12520,12520,87,22,40,1,0,23,2.0,2.0,2.0,0.0
12521,12521,87,22,50,1,0,23,9.0,9.0,9.0,0.0
12558,12558,88,5,0,1,0,23,0.0,0.0,0.0,0.0
12559,12559,88,5,10,1,0,23,0.0,0.0,0.0,0.0
12560,12560,88,5,20,1,0,23,1.0,0.0,0.0,1.0
12561,12561,88,5,30,1,0,23,3.0,0.0,0.0,3.0
12562,12562,88,5,40,1,0,23,1.0,0.0,0.0,1.0
12563,12563,88,5,50,1,0,23,15.0,0.0,0.0,15.0
12564,12564,88,6,0,1,0,23,4.0,0.0,0.0,4.0
12565,12565,88,6,10,1,0,23,14.0,0.0,0.0,14.0
12566,12566,88,6,20,1,0,23,8.0,1.0,1.0,7.0
12567,12567,88,6,30,1,0,23,18.0,1.0,1.0,17.0
12568,12568,88,6,40,1,0,23,28.0,10.0,10.0,18.0
12569,12569,88,6,50,1,0,23,25.0,14.0,14.0,11.0
12570,12570,88,7,0,1,0,23,45.0,29.0,29.0,16.0
12571,12571,88,7,10,1,0,23,53.0,32.0,32.0,21.0
12572,12572,88,7,20,1,0,23,45.0,28.0,28.0,17.0
12573,12573,88,7,30,1,0,23,37.0,23.0,23.0,14.0
12574,12574,88,7,40,1,0,23,69.0,41.0,41.0,28.0
12575,12575,88,7,50,1,0,23,43.0,18.0,18.0,25.0
12576,12576,88,8,0,1,0,23,58.0,23.0,23.0,35.0
12577,12577,88,8,10,1,0,23,57.0,45.0,45.0,12.0
12578,12578,88,8,20,1,0,23,56.0,34.0,34.0,22.0
12579,12579,88,8,30,1,0,23,41.0,31.0,31.0,10.0
12580,12580,88,8,40,1,0,23,51.0,32.0,32.0,19.0
12581,12581,88,8,50,1,0,23,29.0,15.0,15.0,14.0
12582,12582,88,9,0,1,0,23,40.0,14.0,14.0,26.0
12583,12583,88,9,10,1,0,23,47.0,9.0,9.0,38.0
12584,12584,88,9,20,1,0,23,35.0,14.0,14.0,21.0
12585,12585,88,9,30,1,0,23,27.0,17.0,17.0,10.0
12586,12586,88,9,40,1,0,23,18.0,5.0,5.0,13.0
12587,12587,88,9,50,1,0,23,25.0,9.0,9.0,16.0
12588,12588,88,10,0,1,0,23,17.0,8.0,8.0,9.0
12589,12589,88,10,10,1,0,23,25.0,11.0,11.0,14.0
12590,12590,88,10,20,1,0,23,31.0,13.0,13.0,18.0
12591,12591,88,10,30,1,0,23,25.0,10.0,10.0,15.0
12592,12592,88,10,40,1,0,23,14.0,6.0,6.0,8.0
12593,12593,88,10,50,1,0,23,17.0,3.0,3.0,14.0
12594,12594,88,11,0,1,0,23,24.0,10.0,10.0,14.0
12595,12595,88,11,10,1,0,23,21.0,4.0,4.0,17.0
12596,12596,88,11,20,1,0,23,15.0,8.0,8.0,7.0
12597,12597,88,11,30,1,0,23,24.0,2.0,2.0,22.0
12598,12598,88,11,40,1,0,23,26.0,9.0,9.0,17.0
12599,12599,88,11,50,1,0,23,16.0,8.0,8.0,8.0
12600,12600,88,12,0,1,0,23,22.0,7.0,7.0,15.0
12601,12601,88,12,10,1,0,23,19.0,3.0,3.0,16.0
12602,12602,88,12,20,1,0,23,30.0,12.0,12.0,18.0
12603,12603,88,12,30,1,0,23,19.0,5.0,5.0,14.0
12604,12604,88,12,40,1,0,23,25.0,15.0,15.0,10.0
12605,12605,88,12,50,1,0,23,19.0,9.0,9.0,10.0
12606,12606,88,13,0,1,0,23,7.0,6.0,6.0,1.0
12607,12607,88,13,10,1,0,23,24.0,9.0,9.0,15.0
12608,12608,88,13,20,1,0,23,15.0,10.0,10.0,5.0
12609,12609,88,13,30,1,0,23,16.0,6.0,6.0,10.0
12610,12610,88,13,40,1,0,23,23.0,8.0,8.0,15.0
12611,12611,88,13,50,1,0,23,19.0,11.0,11.0,8.0
12612,12612,88,14,0,1,0,23,26.0,8.0,8.0,18.0
12613,12613,88,14,10,1,0,23,20.0,10.0,10.0,10.0
12614,12614,88,14,20,1,0,23,23.0,7.0,7.0,16.0
12615,12615,88,14,30,1,0,23,28.0,10.0,10.0,18.0
12616,12616,88,14,40,1,0,23,30.0,7.0,7.0,23.0
12617,12617,88,14,50,1,0,23,8.0,3.0,3.0,5.0
12618,12618,88,15,0,1,0,23,35.0,14.0,14.0,21.0
12619,12619,88,15,10,1,0,23,29.0,11.0,11.0,18.0
12620,12620,88,15,20,1,0,23,31.0,11.0,11.0,20.0
12621,12621,88,15,30,1,0,23,21.0,9.0,9.0,12.0
12622,12622,88,15,40,1,0,23,26.0,12.0,12.0,14.0
12623,12623,88,15,50,1,0,23,18.0,10.0,10.0,8.0
12624,12624,88,16,0,1,0,23,22.0,9.0,9.0,13.0
12625,12625,88,16,10,1,0,23,27.0,7.0,7.0,20.0
12626,12626,88,16,20,1,0,23,28.0,6.0,6.0,22.0
12627,12627,88,16,30,1,0,23,32.0,10.0,10.0,22.0
12628,12628,88,16,40,1,0,23,43.0,10.0,10.0,33.0
12629,12629,88,16,50,1,0,23,25.0,7.0,7.0,18.0
12630,12630,88,17,0,1,0,23,47.0,16.0,16.0,31.0
12631,12631,88,17,10,1,0,23,48.0,15.0,15.0,33.0
12632,12632,88,17,20,1,0,23,33.0,8.0,8.0,25.0
12633,12633,88,17,30,1,0,23,35.0,12.0,12.0,23.0
12634,12634,88,17,40,1,0,23,34.0,9.0,9.0,25.0
12635,12635,88,17,50,1,0,23,62.0,22.0,22.0,40.0
12636,12636,88,18,0,1,0,23,29.0,10.0,10.0,19.0
12637,12637,88,18,10,1,0,23,34.0,11.0,11.0,23.0
12638,12638,88,18,20,1,0,23,40.0,8.0,8.0,32.0
12639,12639,88,18,30,1,0,23,60.0,10.0,10.0,50.0
12640,12640,88,18,40,1,0,23,36.0,11.0,11.0,25.0
12641,12641,88,18,50,1,0,23,25.0,5.0,5.0,20.0
12642,12642,88,19,0,1,0,23,28.0,9.0,9.0,19.0
12643,12643,88,19,10,1,0,23,22.0,4.0,4.0,18.0
12644,12644,88,19,20,1,0,23,20.0,8.0,8.0,12.0
12645,12645,88,19,30,1,0,23,18.0,7.0,7.0,11.0
12646,12646,88,19,40,1,0,23,24.0,15.0,15.0,9.0
12647,12647,88,19,50,1,0,23,14.0,2.0,2.0,12.0
12648,12648,88,20,0,1,0,23,23.0,2.0,2.0,21.0
12649,12649,88,20,10,1,0,23,11.0,3.0,3.0,8.0
12650,12650,88,20,20,1,0,23,18.0,5.0,5.0,13.0
12651,12651,88,20,30,1,0,23,18.0,7.0,7.0,11.0
12652,12652,88,20,40,1,0,23,16.0,2.0,2.0,14.0
12653,12653,88,20,50,1,0,23,14.0,3.0,3.0,11.0
12654,12654,88,21,0,1,0,23,16.0,8.0,8.0,8.0
12655,12655,88,21,10,1,0,23,8.0,1.0,1.0,7.0
12656,12656,88,21,20,1,0,23,22.0,2.0,2.0,20.0
12657,12657,88,21,30,1,0,23,21.0,9.0,9.0,12.0
12658,12658,88,21,40,1,0,23,11.0,5.0,5.0,6.0
12659,12659,88,21,50,1,0,23,4.0,0.0,0.0,4.0
12660,12660,88,22,0,1,0,23,2.0,2.0,2.0,0.0
12661,12661,88,22,10,1,0,23,0.0,0.0,0.0,0.0
12662,12662,88,22,20,1,0,23,1.0,0.0,0.0,1.0
12663,12663,88,22,30,1,0,23,2.0,1.0,1.0,1.0
12664,12664,88,22,40,1,0,23,3.0,3.0,3.0,0.0
12665,12665,88,22,50,1,0,23,0.0,0.0,0.0,0.0
12702,12702,89,5,0,1,0,23,0.0,0.0,0.0,0.0
12703,12703,89,5,10,1,0,23,0.0,0.0,0.0,0.0
12704,12704,89,5,20,1,0,23,0.0,0.0,0.0,0.0
12705,12705,89,5,30,1,0,23,0.0,0.0,0.0,0.0
12706,12706,89,5,40,1,0,23,0.0,0.0,0.0,0.0
12707,12707,89,5,50,1,0,23,2.0,1.0,1.0,1.0
12708,12708,89,6,0,1,0,23,17.0,0.0,0.0,17.0
12709,12709,89,6,10,1,0,23,68.0,0.0,0.0,68.0
12710,12710,89,6,20,1,0,23,55.0,6.0,6.0,49.0
12711,12711,89,6,30,1,0,23,65.0,6.0,6.0,59.0
12712,12712,89,6,40,1,0,23,109.0,2.0,2.0,107.0
12713,12713,89,6,50,1,0,23,109.0,5.0,5.0,104.0
12714,12714,89,7,0,1,0,23,128.0,7.0,7.0,121.0
12715,12715,89,7,10,1,0,23,161.0,14.0,14.0,147.0
12716,12716,89,7,20,1,0,23,204.0,20.0,20.0,184.0
12717,12717,89,7,30,1,0,23,209.0,40.0,40.0,169.0
12718,12718,89,7,40,1,0,23,205.0,39.0,39.0,166.0
12719,12719,89,7,50,1,0,23,165.0,51.0,51.0,114.0
12720,12720,89,8,0,1,0,23,175.0,44.0,44.0,131.0
12721,12721,89,8,10,1,0,23,99.0,46.0,46.0,53.0
12722,12722,89,8,20,1,0,23,123.0,48.0,48.0,75.0
12723,12723,89,8,30,1,0,23,83.0,33.0,33.0,50.0
12724,12724,89,8,40,1,0,23,89.0,36.0,36.0,53.0
12725,12725,89,8,50,1,0,23,85.0,40.0,40.0,45.0
12726,12726,89,9,0,1,0,23,77.0,40.0,40.0,37.0
12727,12727,89,9,10,1,0,23,50.0,19.0,19.0,31.0
12728,12728,89,9,20,1,0,23,51.0,27.0,27.0,24.0
12729,12729,89,9,30,1,0,23,60.0,44.0,44.0,16.0
12730,12730,89,9,40,1,0,23,53.0,27.0,27.0,26.0
12731,12731,89,9,50,1,0,23,41.0,32.0,32.0,9.0
12732,12732,89,10,0,1,0,23,63.0,37.0,37.0,26.0
12733,12733,89,10,10,1,0,23,52.0,43.0,43.0,9.0
12734,12734,89,10,20,1,0,23,55.0,31.0,31.0,24.0
12735,12735,89,10,30,1,0,23,49.0,29.0,29.0,20.0
12736,12736,89,10,40,1,0,23,34.0,21.0,21.0,13.0
12737,12737,89,10,50,1,0,23,73.0,45.0,45.0,28.0
12738,12738,89,11,0,1,0,23,46.0,25.0,25.0,21.0
12739,12739,89,11,10,1,0,23,44.0,21.0,21.0,23.0
12740,12740,89,11,20,1,0,23,46.0,15.0,15.0,31.0
12741,12741,89,11,30,1,0,23,79.0,53.0,53.0,26.0
12742,12742,89,11,40,1,0,23,37.0,14.0,14.0,23.0
12743,12743,89,11,50,1,0,23,54.0,23.0,23.0,31.0
12744,12744,89,12,0,1,0,23,51.0,26.0,26.0,25.0
12745,12745,89,12,10,1,0,23,52.0,24.0,24.0,28.0
12746,12746,89,12,20,1,0,23,52.0,20.0,20.0,32.0
12747,12747,89,12,30,1,0,23,42.0,20.0,20.0,22.0
12748,12748,89,12,40,1,0,23,36.0,23.0,23.0,13.0
12749,12749,89,12,50,1,0,23,47.0,26.0,26.0,21.0
12750,12750,89,13,0,1,0,23,48.0,27.0,27.0,21.0
12751,12751,89,13,10,1,0,23,56.0,22.0,22.0,34.0
12752,12752,89,13,20,1,0,23,23.0,12.0,12.0,11.0
12753,12753,89,13,30,1,0,23,53.0,34.0,34.0,19.0
12754,12754,89,13,40,1,0,23,20.0,3.0,3.0,17.0
12755,12755,89,13,50,1,0,23,34.0,17.0,17.0,17.0
12756,12756,89,14,0,1,0,23,44.0,13.0,13.0,31.0
12757,12757,89,14,10,1,0,23,41.0,25.0,25.0,16.0
12758,12758,89,14,20,1,0,23,40.0,18.0,18.0,22.0
12759,12759,89,14,30,1,0,23,42.0,9.0,9.0,33.0
12760,12760,89,14,40,1,0,23,81.0,20.0,20.0,61.0
12761,12761,89,14,50,1,0,23,87.0,17.0,17.0,70.0
12762,12762,89,15,0,1,0,23,58.0,18.0,18.0,40.0
12763,12763,89,15,10,1,0,23,45.0,19.0,19.0,26.0
12764,12764,89,15,20,1,0,23,47.0,12.0,12.0,35.0
12765,12765,89,15,30,1,0,23,61.0,33.0,33.0,28.0
12766,12766,89,15,40,1,0,23,72.0,28.0,28.0,44.0
12767,12767,89,15,50,1,0,23,63.0,28.0,28.0,35.0
12768,12768,89,16,0,1,0,23,70.0,23.0,23.0,47.0
12769,12769,89,16,10,1,0,23,84.0,47.0,47.0,37.0
12770,12770,89,16,20,1,0,23,91.0,34.0,34.0,57.0
12771,12771,89,16,30,1,0,23,51.0,16.0,16.0,35.0
12772,12772,89,16,40,1,0,23,93.0,50.0,50.0,43.0
12773,12773,89,16,50,1,0,23,100.0,29.0,29.0,71.0
12774,12774,89,17,0,1,0,23,124.0,74.0,74.0,50.0
12775,12775,89,17,10,1,0,23,87.0,35.0,35.0,52.0
12776,12776,89,17,20,1,0,23,59.0,32.0,32.0,27.0
12777,12777,89,17,30,1,0,23,115.0,76.0,76.0,39.0
12778,12778,89,17,40,1,0,23,82.0,49.0,49.0,33.0
12779,12779,89,17,50,1,0,23,99.0,81.0,81.0,18.0
12780,12780,89,18,0,1,0,23,62.0,43.0,43.0,19.0
12781,12781,89,18,10,1,0,23,111.0,96.0,96.0,15.0
12782,12782,89,18,20,1,0,23,72.0,52.0,52.0,20.0
12783,12783,89,18,30,1,0,23,69.0,59.0,59.0,10.0
12784,12784,89,18,40,1,0,23,140.0,124.0,124.0,16.0
12785,12785,89,18,50,1,0,23,78.0,66.0,66.0,12.0
12786,12786,89,19,0,1,0,23,117.0,99.0,99.0,18.0
12787,12787,89,19,10,1,0,23,65.0,50.0,50.0,15.0
12788,12788,89,19,20,1,0,23,78.0,66.0,66.0,12.0
12789,12789,89,19,30,1,0,23,110.0,106.0,106.0,4.0
12790,12790,89,19,40,1,0,23,38.0,35.0,35.0,3.0
12791,12791,89,19,50,1,0,23,61.0,54.0,54.0,7.0
12792,12792,89,20,0,1,0,23,28.0,23.0,23.0,5.0
12793,12793,89,20,10,1,0,23,32.0,27.0,27.0,5.0
12794,12794,89,20,20,1,0,23,52.0,41.0,41.0,11.0
12795,12795,89,20,30,1,0,23,29.0,22.0,22.0,7.0
12796,12796,89,20,40,1,0,23,16.0,14.0,14.0,2.0
12797,12797,89,20,50,1,0,23,34.0,31.0,31.0,3.0
12798,12798,89,21,0,1,0,23,20.0,20.0,20.0,0.0
12799,12799,89,21,10,1,0,23,22.0,20.0,20.0,2.0
12800,12800,89,21,20,1,0,23,24.0,22.0,22.0,2.0
12801,12801,89,21,30,1,0,23,2.0,1.0,1.0,1.0
12802,12802,89,21,40,1,0,23,22.0,20.0,20.0,2.0
12803,12803,89,21,50,1,0,23,38.0,38.0,38.0,0.0
12804,12804,89,22,0,1,0,23,27.0,26.0,26.0,1.0
12805,12805,89,22,10,1,0,23,2.0,0.0,0.0,2.0
12806,12806,89,22,20,1,0,23,31.0,27.0,27.0,4.0
12807,12807,89,22,30,1,0,23,10.0,10.0,10.0,0.0
12808,12808,89,22,40,1,0,23,19.0,19.0,19.0,0.0
12809,12809,89,22,50,1,0,23,0.0,0.0,0.0,0.0
12846,12846,90,5,0,1,0,23,0.0,0.0,0.0,0.0
12847,12847,90,5,10,1,0,23,0.0,0.0,0.0,0.0
12848,12848,90,5,20,1,0,23,1.0,1.0,1.0,0.0
12849,12849,90,5,30,1,0,23,0.0,0.0,0.0,0.0
12850,12850,90,5,40,1,0,23,1.0,0.0,0.0,1.0
12851,12851,90,5,50,1,0,23,61.0,0.0,0.0,61.0
12852,12852,90,6,0,1,0,23,69.0,0.0,0.0,69.0
12853,12853,90,6,10,1,0,23,65.0,0.0,0.0,65.0
12854,12854,90,6,20,1,0,23,43.0,0.0,0.0,43.0
12855,12855,90,6,30,1,0,23,56.0,1.0,1.0,55.0
12856,12856,90,6,40,1,0,23,57.0,11.0,11.0,46.0
12857,12857,90,6,50,1,0,23,76.0,0.0,0.0,76.0
12858,12858,90,7,0,1,0,23,67.0,4.0,4.0,63.0
12859,12859,90,7,10,1,0,23,93.0,4.0,4.0,89.0
12860,12860,90,7,20,1,0,23,83.0,10.0,10.0,73.0
12861,12861,90,7,30,1,0,23,76.0,12.0,12.0,64.0
12862,12862,90,7,40,1,0,23,72.0,10.0,10.0,62.0
12863,12863,90,7,50,1,0,23,61.0,13.0,13.0,48.0
12864,12864,90,8,0,1,0,23,49.0,9.0,9.0,40.0
12865,12865,90,8,10,1,0,23,37.0,5.0,5.0,32.0
12866,12866,90,8,20,1,0,23,45.0,12.0,12.0,33.0
12867,12867,90,8,30,1,0,23,31.0,15.0,15.0,16.0
12868,12868,90,8,40,1,0,23,40.0,12.0,12.0,28.0
12869,12869,90,8,50,1,0,23,22.0,14.0,14.0,8.0
12870,12870,90,9,0,1,0,23,30.0,6.0,6.0,24.0
12871,12871,90,9,10,1,0,23,22.0,13.0,13.0,9.0
12872,12872,90,9,20,1,0,23,30.0,14.0,14.0,16.0
12873,12873,90,9,30,1,0,23,12.0,5.0,5.0,7.0
12874,12874,90,9,40,1,0,23,20.0,7.0,7.0,13.0
12875,12875,90,9,50,1,0,23,23.0,14.0,14.0,9.0
12876,12876,90,10,0,1,0,23,31.0,12.0,12.0,19.0
12877,12877,90,10,10,1,0,23,18.0,12.0,12.0,6.0
12878,12878,90,10,20,1,0,23,32.0,23.0,23.0,9.0
12879,12879,90,10,30,1,0,23,16.0,9.0,9.0,7.0
12880,12880,90,10,40,1,0,23,22.0,13.0,13.0,9.0
12881,12881,90,10,50,1,0,23,9.0,3.0,3.0,6.0
12882,12882,90,11,0,1,0,23,23.0,18.0,18.0,5.0
12883,12883,90,11,10,1,0,23,16.0,13.0,13.0,3.0
12884,12884,90,11,20,1,0,23,16.0,5.0,5.0,11.0
12885,12885,90,11,30,1,0,23,20.0,14.0,14.0,6.0
12886,12886,90,11,40,1,0,23,22.0,10.0,10.0,12.0
12887,12887,90,11,50,1,0,23,20.0,12.0,12.0,8.0
12888,12888,90,12,0,1,0,23,13.0,4.0,4.0,9.0
12889,12889,90,12,10,1,0,23,19.0,6.0,6.0,13.0
12890,12890,90,12,20,1,0,23,8.0,3.0,3.0,5.0
12891,12891,90,12,30,1,0,23,22.0,13.0,13.0,9.0
12892,12892,90,12,40,1,0,23,26.0,12.0,12.0,14.0
12893,12893,90,12,50,1,0,23,18.0,12.0,12.0,6.0
12894,12894,90,13,0,1,0,23,30.0,24.0,24.0,6.0
12895,12895,90,13,10,1,0,23,24.0,14.0,14.0,10.0
12896,12896,90,13,20,1,0,23,24.0,11.0,11.0,13.0
12897,12897,90,13,30,1,0,23,17.0,10.0,10.0,7.0
12898,12898,90,13,40,1,0,23,30.0,24.0,24.0,6.0
12899,12899,90,13,50,1,0,23,11.0,7.0,7.0,4.0
12900,12900,90,14,0,1,0,23,26.0,14.0,14.0,12.0
12901,12901,90,14,10,1,0,23,16.0,12.0,12.0,4.0
12902,12902,90,14,20,1,0,23,9.0,5.0,5.0,4.0
12903,12903,90,14,30,1,0,23,20.0,10.0,10.0,10.0
12904,12904,90,14,40,1,0,23,24.0,15.0,15.0,9.0
12905,12905,90,14,50,1,0,23,21.0,13.0,13.0,8.0
12906,12906,90,15,0,1,0,23,22.0,15.0,15.0,7.0
12907,12907,90,15,10,1,0,23,37.0,32.0,32.0,5.0
12908,12908,90,15,20,1,0,23,41.0,22.0,22.0,19.0
12909,12909,90,15,30,1,0,23,26.0,20.0,20.0,6.0
12910,12910,90,15,40,1,0,23,9.0,6.0,6.0,3.0
12911,12911,90,15,50,1,0,23,38.0,34.0,34.0,4.0
12912,12912,90,16,0,1,0,23,23.0,12.0,12.0,11.0
12913,12913,90,16,10,1,0,23,38.0,29.0,29.0,9.0
12914,12914,90,16,20,1,0,23,43.0,31.0,31.0,12.0
12915,12915,90,16,30,1,0,23,38.0,29.0,29.0,9.0
12916,12916,90,16,40,1,0,23,43.0,29.0,29.0,14.0
12917,12917,90,16,50,1,0,23,34.0,25.0,25.0,9.0
12918,12918,90,17,0,1,0,23,46.0,32.0,32.0,14.0
12919,12919,90,17,10,1,0,23,31.0,25.0,25.0,6.0
12920,12920,90,17,20,1,0,23,44.0,37.0,37.0,7.0
12921,12921,90,17,30,1,0,23,46.0,26.0,26.0,20.0
12922,12922,90,17,40,1,0,23,36.0,19.0,19.0,17.0
12923,12923,90,17,50,1,0,23,50.0,41.0,41.0,9.0
12924,12924,90,18,0,1,0,23,25.0,13.0,13.0,12.0
12925,12925,90,18,10,1,0,23,54.0,46.0,46.0,8.0
12926,12926,90,18,20,1,0,23,27.0,18.0,18.0,9.0
12927,12927,90,18,30,1,0,23,55.0,48.0,48.0,7.0
12928,12928,90,18,40,1,0,23,31.0,22.0,22.0,9.0
12929,12929,90,18,50,1,0,23,33.0,33.0,33.0,0.0
12930,12930,90,19,0,1,0,23,45.0,43.0,43.0,2.0
12931,12931,90,19,10,1,0,23,29.0,27.0,27.0,2.0
12932,12932,90,19,20,1,0,23,64.0,61.0,61.0,3.0
12933,12933,90,19,30,1,0,23,21.0,20.0,20.0,1.0
12934,12934,90,19,40,1,0,23,39.0,33.0,33.0,6.0
12935,12935,90,19,50,1,0,23,50.0,38.0,38.0,12.0
12936,12936,90,20,0,1,0,23,19.0,15.0,15.0,4.0
12937,12937,90,20,10,1,0,23,29.0,28.0,28.0,1.0
12938,12938,90,20,20,1,0,23,19.0,16.0,16.0,3.0
12939,12939,90,20,30,1,0,23,23.0,22.0,22.0,1.0
12940,12940,90,20,40,1,0,23,15.0,15.0,15.0,0.0
12941,12941,90,20,50,1,0,23,13.0,8.0,8.0,5.0
12942,12942,90,21,0,1,0,23,10.0,10.0,10.0,0.0
12943,12943,90,21,10,1,0,23,26.0,22.0,22.0,4.0
12944,12944,90,21,20,1,0,23,14.0,14.0,14.0,0.0
12945,12945,90,21,30,1,0,23,8.0,8.0,8.0,0.0
12946,12946,90,21,40,1,0,23,14.0,14.0,14.0,0.0
12947,12947,90,21,50,1,0,23,3.0,2.0,2.0,1.0
12948,12948,90,22,0,1,0,23,20.0,20.0,20.0,0.0
12949,12949,90,22,10,1,0,23,13.0,13.0,13.0,0.0
12950,12950,90,22,20,1,0,23,0.0,0.0,0.0,0.0
12951,12951,90,22,30,1,0,23,9.0,9.0,9.0,0.0
12952,12952,90,22,40,1,0,23,17.0,16.0,16.0,1.0
12953,12953,90,22,50,1,0,23,2.0,1.0,1.0,1.0
12990,12990,91,5,0,1,0,23,0.0,0.0,0.0,0.0
12991,12991,91,5,10,1,0,23,0.0,0.0,0.0,0.0
12992,12992,91,5,20,1,0,23,1.0,1.0,1.0,0.0
12993,12993,91,5,30,1,0,23,0.0,0.0,0.0,0.0
12994,12994,91,5,40,1,0,23,3.0,1.0,1.0,2.0
12995,12995,91,5,50,1,0,23,29.0,0.0,0.0,29.0
12996,12996,91,6,0,1,0,23,162.0,0.0,0.0,162.0
12997,12997,91,6,10,1,0,23,70.0,3.0,3.0,67.0
12998,12998,91,6,20,1,0,23,121.0,5.0,5.0,116.0
12999,12999,91,6,30,1,0,23,135.0,10.0,10.0,125.0
13000,13000,91,6,40,1,0,23,203.0,3.0,3.0,200.0
13001,13001,91,6,50,1,0,23,173.0,21.0,21.0,152.0
13002,13002,91,7,0,1,0,23,260.0,36.0,36.0,224.0
13003,13003,91,7,10,1,0,23,228.0,58.0,58.0,170.0
13004,13004,91,7,20,1,0,23,337.0,35.0,35.0,302.0
13005,13005,91,7,30,1,0,23,329.0,49.0,49.0,280.0
13006,13006,91,7,40,1,0,23,315.0,48.0,48.0,267.0
13007,13007,91,7,50,1,0,23,283.0,45.0,45.0,238.0
13008,13008,91,8,0,1,0,23,242.0,60.0,60.0,182.0
13009,13009,91,8,10,1,0,23,246.0,52.0,52.0,194.0
13010,13010,91,8,20,1,0,23,182.0,35.0,35.0,147.0
13011,13011,91,8,30,1,0,23,180.0,63.0,63.0,117.0
13012,13012,91,8,40,1,0,23,157.0,36.0,36.0,121.0
13013,13013,91,8,50,1,0,23,115.0,38.0,38.0,77.0
13014,13014,91,9,0,1,0,23,106.0,18.0,18.0,88.0
13015,13015,91,9,10,1,0,23,115.0,30.0,30.0,85.0
13016,13016,91,9,20,1,0,23,94.0,46.0,46.0,48.0
13017,13017,91,9,30,1,0,23,98.0,45.0,45.0,53.0
13018,13018,91,9,40,1,0,23,141.0,86.0,86.0,55.0
13019,13019,91,9,50,1,0,23,93.0,42.0,42.0,51.0
13020,13020,91,10,0,1,0,23,66.0,36.0,36.0,30.0
13021,13021,91,10,10,1,0,23,58.0,22.0,22.0,36.0
13022,13022,91,10,20,1,0,23,81.0,57.0,57.0,24.0
13023,13023,91,10,30,1,0,23,96.0,43.0,43.0,53.0
13024,13024,91,10,40,1,0,23,71.0,43.0,43.0,28.0
13025,13025,91,10,50,1,0,23,61.0,27.0,27.0,34.0
13026,13026,91,11,0,1,0,23,71.0,47.0,47.0,24.0
13027,13027,91,11,10,1,0,23,84.0,34.0,34.0,50.0
13028,13028,91,11,20,1,0,23,42.0,21.0,21.0,21.0
13029,13029,91,11,30,1,0,23,77.0,33.0,33.0,44.0
13030,13030,91,11,40,1,0,23,98.0,54.0,54.0,44.0
13031,13031,91,11,50,1,0,23,71.0,39.0,39.0,32.0
13032,13032,91,12,0,1,0,23,60.0,18.0,18.0,42.0
13033,13033,91,12,10,1,0,23,61.0,21.0,21.0,40.0
13034,13034,91,12,20,1,0,23,61.0,27.0,27.0,34.0
13035,13035,91,12,30,1,0,23,87.0,37.0,37.0,50.0
13036,13036,91,12,40,1,0,23,63.0,21.0,21.0,42.0
13037,13037,91,12,50,1,0,23,58.0,33.0,33.0,25.0
13038,13038,91,13,0,1,0,23,120.0,58.0,58.0,62.0
13039,13039,91,13,10,1,0,23,43.0,27.0,27.0,16.0
13040,13040,91,13,20,1,0,23,89.0,40.0,40.0,49.0
13041,13041,91,13,30,1,0,23,57.0,20.0,20.0,37.0
13042,13042,91,13,40,1,0,23,63.0,23.0,23.0,40.0
13043,13043,91,13,50,1,0,23,82.0,65.0,65.0,17.0
13044,13044,91,14,0,1,0,23,74.0,14.0,14.0,60.0
13045,13045,91,14,10,1,0,23,66.0,37.0,37.0,29.0
13046,13046,91,14,20,1,0,23,54.0,33.0,33.0,21.0
13047,13047,91,14,30,1,0,23,70.0,50.0,50.0,20.0
13048,13048,91,14,40,1,0,23,80.0,33.0,33.0,47.0
13049,13049,91,14,50,1,0,23,69.0,28.0,28.0,41.0
13050,13050,91,15,0,1,0,23,54.0,32.0,32.0,22.0
13051,13051,91,15,10,1,0,23,132.0,65.0,65.0,67.0
13052,13052,91,15,20,1,0,23,98.0,48.0,48.0,50.0
13053,13053,91,15,30,1,0,23,82.0,40.0,40.0,42.0
13054,13054,91,15,40,1,0,23,70.0,34.0,34.0,36.0
13055,13055,91,15,50,1,0,23,113.0,74.0,74.0,39.0
13056,13056,91,16,0,1,0,23,71.0,47.0,47.0,24.0
13057,13057,91,16,10,1,0,23,110.0,62.0,62.0,48.0
13058,13058,91,16,20,1,0,23,98.0,48.0,48.0,50.0
13059,13059,91,16,30,1,0,23,116.0,80.0,80.0,36.0
13060,13060,91,16,40,1,0,23,75.0,28.0,28.0,47.0
13061,13061,91,16,50,1,0,23,204.0,150.0,150.0,54.0
13062,13062,91,17,0,1,0,23,108.0,59.0,59.0,49.0
13063,13063,91,17,10,1,0,23,166.0,100.0,100.0,66.0
13064,13064,91,17,20,1,0,23,118.0,65.0,65.0,53.0
13065,13065,91,17,30,1,0,23,198.0,135.0,135.0,63.0
13066,13066,91,17,40,1,0,23,169.0,120.0,120.0,49.0
13067,13067,91,17,50,1,0,23,118.0,92.0,92.0,26.0
13068,13068,91,18,0,1,0,23,222.0,174.0,174.0,48.0
13069,13069,91,18,10,1,0,23,150.0,119.0,119.0,31.0
13070,13070,91,18,20,1,0,23,276.0,246.0,246.0,30.0
13071,13071,91,18,30,1,0,23,131.0,99.0,99.0,32.0
13072,13072,91,18,40,1,0,23,218.0,201.0,201.0,17.0
13073,13073,91,18,50,1,0,23,179.0,164.0,164.0,15.0
13074,13074,91,19,0,1,0,23,126.0,111.0,111.0,15.0
13075,13075,91,19,10,1,0,23,261.0,239.0,239.0,22.0
13076,13076,91,19,20,1,0,23,129.0,120.0,120.0,9.0
13077,13077,91,19,30,1,0,23,217.0,202.0,202.0,15.0
13078,13078,91,19,40,1,0,23,101.0,92.0,92.0,9.0
13079,13079,91,19,50,1,0,23,116.0,109.0,109.0,7.0
13080,13080,91,20,0,1,0,23,72.0,68.0,68.0,4.0
13081,13081,91,20,10,1,0,23,69.0,62.0,62.0,7.0
13082,13082,91,20,20,1,0,23,54.0,44.0,44.0,10.0
13083,13083,91,20,30,1,0,23,101.0,96.0,96.0,5.0
13084,13084,91,20,40,1,0,23,42.0,32.0,32.0,10.0
13085,13085,91,20,50,1,0,23,34.0,33.0,33.0,1.0
13086,13086,91,21,0,1,0,23,50.0,40.0,40.0,10.0
13087,13087,91,21,10,1,0,23,45.0,42.0,42.0,3.0
13088,13088,91,21,20,1,0,23,68.0,67.0,67.0,1.0
13089,13089,91,21,30,1,0,23,72.0,70.0,70.0,2.0
13090,13090,91,21,40,1,0,23,48.0,48.0,48.0,0.0
13091,13091,91,21,50,1,0,23,3.0,3.0,3.0,0.0
13092,13092,91,22,0,1,0,23,56.0,54.0,54.0,2.0
13093,13093,91,22,10,1,0,23,67.0,67.0,67.0,0.0
13094,13094,91,22,20,1,0,23,1.0,1.0,1.0,0.0
13095,13095,91,22,30,1,0,23,34.0,34.0,34.0,0.0
13096,13096,91,22,40,1,0,23,0.0,0.0,0.0,0.0
13097,13097,91,22,50,1,0,23,0.0,0.0,0.0,0.0
13134,13134,92,5,0,1,0,23,0.0,0.0,0.0,0.0
13135,13135,92,5,10,1,0,23,0.0,0.0,0.0,0.0
13136,13136,92,5,20,1,0,23,0.0,0.0,0.0,0.0
13137,13137,92,5,30,1,0,23,0.0,0.0,0.0,0.0
13138,13138,92,5,40,1,0,23,8.0,0.0,0.0,8.0
13139,13139,92,5,50,1,0,23,8.0,1.0,1.0,7.0
13140,13140,92,6,0,1,0,23,23.0,0.0,0.0,23.0
13141,13141,92,6,10,1,0,23,54.0,1.0,1.0,53.0
13142,13142,92,6,20,1,0,23,95.0,3.0,3.0,92.0
13143,13143,92,6,30,1,0,23,101.0,13.0,13.0,88.0
13144,13144,92,6,40,1,0,23,100.0,12.0,12.0,88.0
13145,13145,92,6,50,1,0,23,183.0,29.0,29.0,154.0
13146,13146,92,7,0,1,0,23,207.0,42.0,42.0,165.0
13147,13147,92,7,10,1,0,23,201.0,54.0,54.0,147.0
13148,13148,92,7,20,1,0,23,349.0,47.0,47.0,302.0
13149,13149,92,7,30,1,0,23,382.0,92.0,92.0,290.0
13150,13150,92,7,40,1,0,23,396.0,86.0,86.0,310.0
13151,13151,92,7,50,1,0,23,396.0,95.0,95.0,301.0
13152,13152,92,8,0,1,0,23,331.0,117.0,117.0,214.0
13153,13153,92,8,10,1,0,23,481.0,122.0,122.0,359.0
13154,13154,92,8,20,1,0,23,394.0,158.0,158.0,236.0
13155,13155,92,8,30,1,0,23,320.0,127.0,127.0,193.0
13156,13156,92,8,40,1,0,23,305.0,117.0,117.0,188.0
13157,13157,92,8,50,1,0,23,217.0,69.0,69.0,148.0
13158,13158,92,9,0,1,0,23,191.0,58.0,58.0,133.0
13159,13159,92,9,10,1,0,23,206.0,65.0,65.0,141.0
13160,13160,92,9,20,1,0,23,160.0,71.0,71.0,89.0
13161,13161,92,9,30,1,0,23,166.0,103.0,103.0,63.0
13162,13162,92,9,40,1,0,23,86.0,44.0,44.0,42.0
13163,13163,92,9,50,1,0,23,124.0,31.0,31.0,93.0
13164,13164,92,10,0,1,0,23,80.0,24.0,24.0,56.0
13165,13165,92,10,10,1,0,23,85.0,48.0,48.0,37.0
13166,13166,92,10,20,1,0,23,95.0,40.0,40.0,55.0
13167,13167,92,10,30,1,0,23,53.0,31.0,31.0,22.0
13168,13168,92,10,40,1,0,23,93.0,21.0,21.0,72.0
13169,13169,92,10,50,1,0,23,95.0,53.0,53.0,42.0
13170,13170,92,11,0,1,0,23,64.0,33.0,33.0,31.0
13171,13171,92,11,10,1,0,23,101.0,28.0,28.0,73.0
13172,13172,92,11,20,1,0,23,78.0,25.0,25.0,53.0
13173,13173,92,11,30,1,0,23,93.0,47.0,47.0,46.0
13174,13174,92,11,40,1,0,23,91.0,48.0,48.0,43.0
13175,13175,92,11,50,1,0,23,63.0,21.0,21.0,42.0
13176,13176,92,12,0,1,0,23,73.0,27.0,27.0,46.0
13177,13177,92,12,10,1,0,23,93.0,49.0,49.0,44.0
13178,13178,92,12,20,1,0,23,71.0,37.0,37.0,34.0
13179,13179,92,12,30,1,0,23,98.0,36.0,36.0,62.0
13180,13180,92,12,40,1,0,23,76.0,26.0,26.0,50.0
13181,13181,92,12,50,1,0,23,102.0,52.0,52.0,50.0
13182,13182,92,13,0,1,0,23,71.0,32.0,32.0,39.0
13183,13183,92,13,10,1,0,23,106.0,62.0,62.0,44.0
13184,13184,92,13,20,1,0,23,78.0,36.0,36.0,42.0
13185,13185,92,13,30,1,0,23,82.0,31.0,31.0,51.0
13186,13186,92,13,40,1,0,23,138.0,82.0,82.0,56.0
13187,13187,92,13,50,1,0,23,54.0,27.0,27.0,27.0
13188,13188,92,14,0,1,0,23,78.0,38.0,38.0,40.0
13189,13189,92,14,10,1,0,23,84.0,38.0,38.0,46.0
13190,13190,92,14,20,1,0,23,87.0,28.0,28.0,59.0
13191,13191,92,14,30,1,0,23,86.0,52.0,52.0,34.0
13192,13192,92,14,40,1,0,23,72.0,30.0,30.0,42.0
13193,13193,92,14,50,1,0,23,93.0,55.0,55.0,38.0
13194,13194,92,15,0,1,0,23,111.0,74.0,74.0,37.0
13195,13195,92,15,10,1,0,23,97.0,56.0,56.0,41.0
13196,13196,92,15,20,1,0,23,117.0,56.0,56.0,61.0
13197,13197,92,15,30,1,0,23,60.0,33.0,33.0,27.0
13198,13198,92,15,40,1,0,23,175.0,118.0,118.0,57.0
13199,13199,92,15,50,1,0,23,109.0,72.0,72.0,37.0
13200,13200,92,16,0,1,0,23,119.0,47.0,47.0,72.0
13201,13201,92,16,10,1,0,23,136.0,84.0,84.0,52.0
13202,13202,92,16,20,1,0,23,146.0,96.0,96.0,50.0
13203,13203,92,16,30,1,0,23,127.0,30.0,30.0,97.0
13204,13204,92,16,40,1,0,23,250.0,156.0,156.0,94.0
13205,13205,92,16,50,1,0,23,182.0,84.0,84.0,98.0
13206,13206,92,17,0,1,0,23,251.0,149.0,149.0,102.0
13207,13207,92,17,10,1,0,23,204.0,76.0,76.0,128.0
13208,13208,92,17,20,1,0,23,304.0,176.0,176.0,128.0
13209,13209,92,17,30,1,0,23,199.0,105.0,105.0,94.0
13210,13210,92,17,40,1,0,23,149.0,100.0,100.0,49.0
13211,13211,92,17,50,1,0,23,253.0,165.0,165.0,88.0
13212,13212,92,18,0,1,0,23,178.0,127.0,127.0,51.0
13213,13213,92,18,10,1,0,23,282.0,244.0,244.0,38.0
13214,13214,92,18,20,1,0,23,184.0,149.0,149.0,35.0
13215,13215,92,18,30,1,0,23,296.0,243.0,243.0,53.0
13216,13216,92,18,40,1,0,23,204.0,165.0,165.0,39.0
13217,13217,92,18,50,1,0,23,176.0,139.0,139.0,37.0
13218,13218,92,19,0,1,0,23,300.0,281.0,281.0,19.0
13219,13219,92,19,10,1,0,23,172.0,145.0,145.0,27.0
13220,13220,92,19,20,1,0,23,313.0,287.0,287.0,26.0
13221,13221,92,19,30,1,0,23,132.0,108.0,108.0,24.0
13222,13222,92,19,40,1,0,23,139.0,117.0,117.0,22.0
13223,13223,92,19,50,1,0,23,129.0,99.0,99.0,30.0
13224,13224,92,20,0,1,0,23,107.0,80.0,80.0,27.0
13225,13225,92,20,10,1,0,23,78.0,62.0,62.0,16.0
13226,13226,92,20,20,1,0,23,144.0,133.0,133.0,11.0
13227,13227,92,20,30,1,0,23,75.0,57.0,57.0,18.0
13228,13228,92,20,40,1,0,23,101.0,79.0,79.0,22.0
13229,13229,92,20,50,1,0,23,74.0,61.0,61.0,13.0
13230,13230,92,21,0,1,0,23,79.0,67.0,67.0,12.0
13231,13231,92,21,10,1,0,23,84.0,70.0,70.0,14.0
13232,13232,92,21,20,1,0,23,111.0,97.0,97.0,14.0
13233,13233,92,21,30,1,0,23,105.0,96.0,96.0,9.0
13234,13234,92,21,40,1,0,23,12.0,5.0,5.0,7.0
13235,13235,92,21,50,1,0,23,59.0,53.0,53.0,6.0
13236,13236,92,22,0,1,0,23,83.0,81.0,81.0,2.0
13237,13237,92,22,10,1,0,23,59.0,58.0,58.0,1.0
13238,13238,92,22,20,1,0,23,0.0,0.0,0.0,0.0
13239,13239,92,22,30,1,0,23,4.0,0.0,0.0,4.0
13240,13240,92,22,40,1,0,23,4.0,4.0,4.0,0.0
13241,13241,92,22,50,1,0,23,0.0,0.0,0.0,0.0
13278,13278,93,5,0,1,0,23,0.0,0.0,0.0,0.0
13279,13279,93,5,10,1,0,23,9.0,0.0,0.0,9.0
13280,13280,93,5,20,1,0,23,34.0,0.0,0.0,34.0
13281,13281,93,5,30,1,0,23,41.0,0.0,0.0,41.0
13282,13282,93,5,40,1,0,23,26.0,1.0,1.0,25.0
13283,13283,93,5,50,1,0,23,60.0,0.0,0.0,60.0
13284,13284,93,6,0,1,0,23,76.0,4.0,4.0,72.0
13285,13285,93,6,10,1,0,23,94.0,3.0,3.0,91.0
13286,13286,93,6,20,1,0,23,127.0,8.0,8.0,119.0
13287,13287,93,6,30,1,0,23,186.0,9.0,9.0,177.0
13288,13288,93,6,40,1,0,23,231.0,5.0,5.0,226.0
13289,13289,93,6,50,1,0,23,287.0,21.0,21.0,266.0
13290,13290,93,7,0,1,0,23,346.0,34.0,34.0,312.0
13291,13291,93,7,10,1,0,23,453.0,19.0,19.0,434.0
13292,13292,93,7,20,1,0,23,621.0,69.0,69.0,552.0
13293,13293,93,7,30,1,0,23,721.0,77.0,77.0,644.0
13294,13294,93,7,40,1,0,23,758.0,63.0,63.0,695.0
13295,13295,93,7,50,1,0,23,790.0,54.0,54.0,736.0
13296,13296,93,8,0,1,0,23,823.0,64.0,64.0,759.0
13297,13297,93,8,10,1,0,23,718.0,59.0,59.0,659.0
13298,13298,93,8,20,1,0,23,576.0,29.0,29.0,547.0
13299,13299,93,8,30,1,0,23,492.0,40.0,40.0,452.0
13300,13300,93,8,40,1,0,23,359.0,26.0,26.0,333.0
13301,13301,93,8,50,1,0,23,346.0,40.0,40.0,306.0
13302,13302,93,9,0,1,0,23,272.0,27.0,27.0,245.0
13303,13303,93,9,10,1,0,23,213.0,54.0,54.0,159.0
13304,13304,93,9,20,1,0,23,173.0,32.0,32.0,141.0
13305,13305,93,9,30,1,0,23,159.0,38.0,38.0,121.0
13306,13306,93,9,40,1,0,23,122.0,30.0,30.0,92.0
13307,13307,93,9,50,1,0,23,142.0,37.0,37.0,105.0
13308,13308,93,10,0,1,0,23,119.0,25.0,25.0,94.0
13309,13309,93,10,10,1,0,23,92.0,31.0,31.0,61.0
13310,13310,93,10,20,1,0,23,88.0,32.0,32.0,56.0
13311,13311,93,10,30,1,0,23,94.0,41.0,41.0,53.0
13312,13312,93,10,40,1,0,23,98.0,33.0,33.0,65.0
13313,13313,93,10,50,1,0,23,93.0,46.0,46.0,47.0
13314,13314,93,11,0,1,0,23,81.0,29.0,29.0,52.0
13315,13315,93,11,10,1,0,23,79.0,27.0,27.0,52.0
13316,13316,93,11,20,1,0,23,94.0,50.0,50.0,44.0
13317,13317,93,11,30,1,0,23,118.0,31.0,31.0,87.0
13318,13318,93,11,40,1,0,23,122.0,58.0,58.0,64.0
13319,13319,93,11,50,1,0,23,98.0,33.0,33.0,65.0
13320,13320,93,12,0,1,0,23,105.0,35.0,35.0,70.0
13321,13321,93,12,10,1,0,23,112.0,46.0,46.0,66.0
13322,13322,93,12,20,1,0,23,99.0,39.0,39.0,60.0
13323,13323,93,12,30,1,0,23,97.0,35.0,35.0,62.0
13324,13324,93,12,40,1,0,23,84.0,23.0,23.0,61.0
13325,13325,93,12,50,1,0,23,103.0,55.0,55.0,48.0
13326,13326,93,13,0,1,0,23,60.0,3.0,3.0,57.0
13327,13327,93,13,10,1,0,23,103.0,47.0,47.0,56.0
13328,13328,93,13,20,1,0,23,103.0,48.0,48.0,55.0
13329,13329,93,13,30,1,0,23,69.0,24.0,24.0,45.0
13330,13330,93,13,40,1,0,23,75.0,30.0,30.0,45.0
13331,13331,93,13,50,1,0,23,98.0,51.0,51.0,47.0
13332,13332,93,14,0,1,0,23,79.0,55.0,55.0,24.0
13333,13333,93,14,10,1,0,23,91.0,52.0,52.0,39.0
13334,13334,93,14,20,1,0,23,98.0,58.0,58.0,40.0
13335,13335,93,14,30,1,0,23,73.0,44.0,44.0,29.0
13336,13336,93,14,40,1,0,23,80.0,44.0,44.0,36.0
13337,13337,93,14,50,1,0,23,171.0,95.0,95.0,76.0
13338,13338,93,15,0,1,0,23,122.0,86.0,86.0,36.0
13339,13339,93,15,10,1,0,23,109.0,65.0,65.0,44.0
13340,13340,93,15,20,1,0,23,131.0,78.0,78.0,53.0
13341,13341,93,15,30,1,0,23,78.0,30.0,30.0,48.0
13342,13342,93,15,40,1,0,23,88.0,56.0,56.0,32.0
13343,13343,93,15,50,1,0,23,129.0,81.0,81.0,48.0
13344,13344,93,16,0,1,0,23,170.0,114.0,114.0,56.0
13345,13345,93,16,10,1,0,23,117.0,78.0,78.0,39.0
13346,13346,93,16,20,1,0,23,141.0,76.0,76.0,65.0
13347,13347,93,16,30,1,0,23,150.0,77.0,77.0,73.0
13348,13348,93,16,40,1,0,23,124.0,57.0,57.0,67.0
13349,13349,93,16,50,1,0,23,205.0,147.0,147.0,58.0
13350,13350,93,17,0,1,0,23,188.0,128.0,128.0,60.0
13351,13351,93,17,10,1,0,23,171.0,87.0,87.0,84.0
13352,13352,93,17,20,1,0,23,151.0,75.0,75.0,76.0
13353,13353,93,17,30,1,0,23,279.0,202.0,202.0,77.0
13354,13354,93,17,40,1,0,23,271.0,206.0,206.0,65.0
13355,13355,93,17,50,1,0,23,352.0,294.0,294.0,58.0
13356,13356,93,18,0,1,0,23,361.0,290.0,290.0,71.0
13357,13357,93,18,10,1,0,23,223.0,185.0,185.0,38.0
13358,13358,93,18,20,1,0,23,448.0,403.0,403.0,45.0
13359,13359,93,18,30,1,0,23,329.0,291.0,291.0,38.0
13360,13360,93,18,40,1,0,23,570.0,512.0,512.0,58.0
13361,13361,93,18,50,1,0,23,448.0,395.0,395.0,53.0
13362,13362,93,19,0,1,0,23,362.0,321.0,321.0,41.0
13363,13363,93,19,10,1,0,23,300.0,249.0,249.0,51.0
13364,13364,93,19,20,1,0,23,399.0,364.0,364.0,35.0
13365,13365,93,19,30,1,0,23,222.0,193.0,193.0,29.0
13366,13366,93,19,40,1,0,23,272.0,237.0,237.0,35.0
13367,13367,93,19,50,1,0,23,273.0,241.0,241.0,32.0
13368,13368,93,20,0,1,0,23,103.0,80.0,80.0,23.0
13369,13369,93,20,10,1,0,23,206.0,178.0,178.0,28.0
13370,13370,93,20,20,1,0,23,176.0,145.0,145.0,31.0
13371,13371,93,20,30,1,0,23,214.0,189.0,189.0,25.0
13372,13372,93,20,40,1,0,23,132.0,113.0,113.0,19.0
13373,13373,93,20,50,1,0,23,157.0,139.0,139.0,18.0
13374,13374,93,21,0,1,0,23,148.0,125.0,125.0,23.0
13375,13375,93,21,10,1,0,23,156.0,123.0,123.0,33.0
13376,13376,93,21,20,1,0,23,163.0,145.0,145.0,18.0
13377,13377,93,21,30,1,0,23,73.0,55.0,55.0,18.0
13378,13378,93,21,40,1,0,23,154.0,138.0,138.0,16.0
13379,13379,93,21,50,1,0,23,140.0,127.0,127.0,13.0
13380,13380,93,22,0,1,0,23,113.0,98.0,98.0,15.0
13381,13381,93,22,10,1,0,23,209.0,197.0,197.0,12.0
13382,13382,93,22,20,1,0,23,33.0,26.0,26.0,7.0
13383,13383,93,22,30,1,0,23,154.0,150.0,150.0,4.0
13384,13384,93,22,40,1,0,23,68.0,66.0,66.0,2.0
13385,13385,93,22,50,1,0,23,107.0,103.0,103.0,4.0
13422,13422,94,5,0,1,0,23,1.0,0.0,0.0,1.0
13423,13423,94,5,10,1,0,23,6.0,1.0,1.0,5.0
13424,13424,94,5,20,1,0,23,8.0,1.0,1.0,7.0
13425,13425,94,5,30,1,0,23,14.0,0.0,0.0,14.0
13426,13426,94,5,40,1,0,23,38.0,1.0,1.0,37.0
13427,13427,94,5,50,1,0,23,43.0,6.0,6.0,37.0
13428,13428,94,6,0,1,0,23,70.0,3.0,3.0,67.0
13429,13429,94,6,10,1,0,23,79.0,22.0,22.0,57.0
13430,13430,94,6,20,1,0,23,156.0,25.0,25.0,131.0
13431,13431,94,6,30,1,0,23,220.0,55.0,55.0,165.0
13432,13432,94,6,40,1,0,23,373.0,88.0,88.0,285.0
13433,13433,94,6,50,1,0,23,411.0,104.0,104.0,307.0
13434,13434,94,7,0,1,0,23,591.0,192.0,192.0,399.0
13435,13435,94,7,10,1,0,23,620.0,181.0,181.0,439.0
13436,13436,94,7,20,1,0,23,779.0,229.0,229.0,550.0
13437,13437,94,7,30,1,0,23,955.0,367.0,367.0,588.0
13438,13438,94,7,40,1,0,23,1055.0,360.0,360.0,695.0
13439,13439,94,7,50,1,0,23,1337.0,549.0,549.0,788.0
13440,13440,94,8,0,1,0,23,1409.0,697.0,697.0,712.0
13441,13441,94,8,10,1,0,23,1603.0,948.0,948.0,655.0
13442,13442,94,8,20,1,0,23,1468.0,806.0,806.0,662.0
13443,13443,94,8,30,1,0,23,1570.0,1010.0,1010.0,560.0
13444,13444,94,8,40,1,0,23,1759.0,1203.0,1203.0,556.0
13445,13445,94,8,50,1,0,23,1425.0,871.0,871.0,554.0
13446,13446,94,9,0,1,0,23,1089.0,597.0,597.0,492.0
13447,13447,94,9,10,1,0,23,986.0,567.0,567.0,419.0
13448,13448,94,9,20,1,0,23,797.0,425.0,425.0,372.0
13449,13449,94,9,30,1,0,23,748.0,405.0,405.0,343.0
13450,13450,94,9,40,1,0,23,576.0,321.0,321.0,255.0
13451,13451,94,9,50,1,0,23,567.0,309.0,309.0,258.0
13452,13452,94,10,0,1,0,23,409.0,213.0,213.0,196.0
13453,13453,94,10,10,1,0,23,438.0,208.0,208.0,230.0
13454,13454,94,10,20,1,0,23,354.0,160.0,160.0,194.0
13455,13455,94,10,30,1,0,23,404.0,189.0,189.0,215.0
13456,13456,94,10,40,1,0,23,284.0,99.0,99.0,185.0
13457,13457,94,10,50,1,0,23,341.0,146.0,146.0,195.0
13458,13458,94,11,0,1,0,23,326.0,150.0,150.0,176.0
13459,13459,94,11,10,1,0,23,313.0,163.0,163.0,150.0
13460,13460,94,11,20,1,0,23,262.0,96.0,96.0,166.0
13461,13461,94,11,30,1,0,23,271.0,115.0,115.0,156.0
13462,13462,94,11,40,1,0,23,267.0,129.0,129.0,138.0
13463,13463,94,11,50,1,0,23,332.0,137.0,137.0,195.0
13464,13464,94,12,0,1,0,23,366.0,158.0,158.0,208.0
13465,13465,94,12,10,1,0,23,284.0,94.0,94.0,190.0
13466,13466,94,12,20,1,0,23,364.0,170.0,170.0,194.0
13467,13467,94,12,30,1,0,23,254.0,102.0,102.0,152.0
13468,13468,94,12,40,1,0,23,362.0,183.0,183.0,179.0
13469,13469,94,12,50,1,0,23,356.0,178.0,178.0,178.0
13470,13470,94,13,0,1,0,23,375.0,186.0,186.0,189.0
13471,13471,94,13,10,1,0,23,375.0,146.0,146.0,229.0
13472,13472,94,13,20,1,0,23,311.0,131.0,131.0,180.0
13473,13473,94,13,30,1,0,23,408.0,213.0,213.0,195.0
13474,13474,94,13,40,1,0,23,330.0,152.0,152.0,178.0
13475,13475,94,13,50,1,0,23,357.0,155.0,155.0,202.0
13476,13476,94,14,0,1,0,23,359.0,143.0,143.0,216.0
13477,13477,94,14,10,1,0,23,373.0,168.0,168.0,205.0
13478,13478,94,14,20,1,0,23,363.0,179.0,179.0,184.0
13479,13479,94,14,30,1,0,23,372.0,202.0,202.0,170.0
13480,13480,94,14,40,1,0,23,364.0,182.0,182.0,182.0
13481,13481,94,14,50,1,0,23,364.0,180.0,180.0,184.0
13482,13482,94,15,0,1,0,23,369.0,145.0,145.0,224.0
13483,13483,94,15,10,1,0,23,386.0,158.0,158.0,228.0
13484,13484,94,15,20,1,0,23,410.0,184.0,184.0,226.0
13485,13485,94,15,30,1,0,23,397.0,169.0,169.0,228.0
13486,13486,94,15,40,1,0,23,335.0,126.0,126.0,209.0
13487,13487,94,15,50,1,0,23,459.0,209.0,209.0,250.0
13488,13488,94,16,0,1,0,23,456.0,205.0,205.0,251.0
13489,13489,94,16,10,1,0,23,418.0,153.0,153.0,265.0
13490,13490,94,16,20,1,0,23,382.0,126.0,126.0,256.0
13491,13491,94,16,30,1,0,23,610.0,271.0,271.0,339.0
13492,13492,94,16,40,1,0,23,659.0,234.0,234.0,425.0
13493,13493,94,16,50,1,0,23,654.0,237.0,237.0,417.0
13494,13494,94,17,0,1,0,23,746.0,254.0,254.0,492.0
13495,13495,94,17,10,1,0,23,993.0,316.0,316.0,677.0
13496,13496,94,17,20,1,0,23,910.0,302.0,302.0,608.0
13497,13497,94,17,30,1,0,23,1027.0,375.0,375.0,652.0
13498,13498,94,17,40,1,0,23,1218.0,436.0,436.0,782.0
13499,13499,94,17,50,1,0,23,1038.0,381.0,381.0,657.0
13500,13500,94,18,0,1,0,23,990.0,470.0,470.0,520.0
13501,13501,94,18,10,1,0,23,1178.0,461.0,461.0,717.0
13502,13502,94,18,20,1,0,23,1096.0,425.0,425.0,671.0
13503,13503,94,18,30,1,0,23,947.0,509.0,509.0,438.0
13504,13504,94,18,40,1,0,23,748.0,363.0,363.0,385.0
13505,13505,94,18,50,1,0,23,718.0,428.0,428.0,290.0
13506,13506,94,19,0,1,0,23,647.0,357.0,357.0,290.0
13507,13507,94,19,10,1,0,23,513.0,295.0,295.0,218.0
13508,13508,94,19,20,1,0,23,511.0,307.0,307.0,204.0
13509,13509,94,19,30,1,0,23,437.0,236.0,236.0,201.0
13510,13510,94,19,40,1,0,23,413.0,239.0,239.0,174.0
13511,13511,94,19,50,1,0,23,322.0,195.0,195.0,127.0
13512,13512,94,20,0,1,0,23,419.0,255.0,255.0,164.0
13513,13513,94,20,10,1,0,23,337.0,156.0,156.0,181.0
13514,13514,94,20,20,1,0,23,290.0,129.0,129.0,161.0
13515,13515,94,20,30,1,0,23,327.0,207.0,207.0,120.0
13516,13516,94,20,40,1,0,23,296.0,149.0,149.0,147.0
13517,13517,94,20,50,1,0,23,290.0,150.0,150.0,140.0
13518,13518,94,21,0,1,0,23,290.0,171.0,171.0,119.0
13519,13519,94,21,10,1,0,23,258.0,148.0,148.0,110.0
13520,13520,94,21,20,1,0,23,325.0,187.0,187.0,138.0
13521,13521,94,21,30,1,0,23,316.0,211.0,211.0,105.0
13522,13522,94,21,40,1,0,23,288.0,187.0,187.0,101.0
13523,13523,94,21,50,1,0,23,215.0,151.0,151.0,64.0
13524,13524,94,22,0,1,0,23,219.0,151.0,151.0,68.0
13525,13525,94,22,10,1,0,23,192.0,148.0,148.0,44.0
13526,13526,94,22,20,1,0,23,181.0,146.0,146.0,35.0
13527,13527,94,22,30,1,0,23,134.0,110.0,110.0,24.0
13528,13528,94,22,40,1,0,23,120.0,108.0,108.0,12.0
13529,13529,94,22,50,1,0,23,65.0,60.0,60.0,5.0
13566,13566,95,5,0,1,0,23,3.0,0.0,0.0,3.0
13567,13567,95,5,10,1,0,23,5.0,0.0,0.0,5.0
13568,13568,95,5,20,1,0,23,5.0,0.0,0.0,5.0
13569,13569,95,5,30,1,0,23,5.0,1.0,1.0,4.0
13570,13570,95,5,40,1,0,23,10.0,0.0,0.0,10.0
13571,13571,95,5,50,1,0,23,16.0,8.0,8.0,8.0
13572,13572,95,6,0,1,0,23,15.0,7.0,7.0,8.0
13573,13573,95,6,10,1,0,23,41.0,31.0,31.0,10.0
13574,13574,95,6,20,1,0,23,71.0,53.0,53.0,18.0
13575,13575,95,6,30,1,0,23,73.0,47.0,47.0,26.0
13576,13576,95,6,40,1,0,23,136.0,104.0,104.0,32.0
13577,13577,95,6,50,1,0,23,158.0,129.0,129.0,29.0
13578,13578,95,7,0,1,0,23,221.0,164.0,164.0,57.0
13579,13579,95,7,10,1,0,23,290.0,239.0,239.0,51.0
13580,13580,95,7,20,1,0,23,284.0,243.0,243.0,41.0
13581,13581,95,7,30,1,0,23,321.0,257.0,257.0,64.0
13582,13582,95,7,40,1,0,23,400.0,340.0,340.0,60.0
13583,13583,95,7,50,1,0,23,335.0,264.0,264.0,71.0
13584,13584,95,8,0,1,0,23,391.0,310.0,310.0,81.0
13585,13585,95,8,10,1,0,23,429.0,353.0,353.0,76.0
13586,13586,95,8,20,1,0,23,463.0,370.0,370.0,93.0
13587,13587,95,8,30,1,0,23,466.0,371.0,371.0,95.0
13588,13588,95,8,40,1,0,23,635.0,563.0,563.0,72.0
13589,13589,95,8,50,1,0,23,566.0,488.0,488.0,78.0
13590,13590,95,9,0,1,0,23,362.0,274.0,274.0,88.0
13591,13591,95,9,10,1,0,23,382.0,314.0,314.0,68.0
13592,13592,95,9,20,1,0,23,410.0,336.0,336.0,74.0
13593,13593,95,9,30,1,0,23,267.0,200.0,200.0,67.0
13594,13594,95,9,40,1,0,23,240.0,177.0,177.0,63.0
13595,13595,95,9,50,1,0,23,230.0,177.0,177.0,53.0
13596,13596,95,10,0,1,0,23,206.0,153.0,153.0,53.0
13597,13597,95,10,10,1,0,23,181.0,126.0,126.0,55.0
13598,13598,95,10,20,1,0,23,183.0,99.0,99.0,84.0
13599,13599,95,10,30,1,0,23,167.0,98.0,98.0,69.0
13600,13600,95,10,40,1,0,23,187.0,123.0,123.0,64.0
13601,13601,95,10,50,1,0,23,117.0,62.0,62.0,55.0
13602,13602,95,11,0,1,0,23,171.0,102.0,102.0,69.0
13603,13603,95,11,10,1,0,23,125.0,59.0,59.0,66.0
13604,13604,95,11,20,1,0,23,172.0,73.0,73.0,99.0
13605,13605,95,11,30,1,0,23,131.0,50.0,50.0,81.0
13606,13606,95,11,40,1,0,23,171.0,73.0,73.0,98.0
13607,13607,95,11,50,1,0,23,139.0,47.0,47.0,92.0
13608,13608,95,12,0,1,0,23,143.0,44.0,44.0,99.0
13609,13609,95,12,10,1,0,23,148.0,71.0,71.0,77.0
13610,13610,95,12,20,1,0,23,128.0,69.0,69.0,59.0
13611,13611,95,12,30,1,0,23,149.0,102.0,102.0,47.0
13612,13612,95,12,40,1,0,23,135.0,83.0,83.0,52.0
13613,13613,95,12,50,1,0,23,137.0,85.0,85.0,52.0
13614,13614,95,13,0,1,0,23,139.0,88.0,88.0,51.0
13615,13615,95,13,10,1,0,23,143.0,86.0,86.0,57.0
13616,13616,95,13,20,1,0,23,123.0,93.0,93.0,30.0
13617,13617,95,13,30,1,0,23,168.0,79.0,79.0,89.0
13618,13618,95,13,40,1,0,23,121.0,60.0,60.0,61.0
13619,13619,95,13,50,1,0,23,101.0,55.0,55.0,46.0
13620,13620,95,14,0,1,0,23,144.0,64.0,64.0,80.0
13621,13621,95,14,10,1,0,23,133.0,61.0,61.0,72.0
13622,13622,95,14,20,1,0,23,136.0,48.0,48.0,88.0
13623,13623,95,14,30,1,0,23,158.0,74.0,74.0,84.0
13624,13624,95,14,40,1,0,23,138.0,68.0,68.0,70.0
13625,13625,95,14,50,1,0,23,124.0,60.0,60.0,64.0
13626,13626,95,15,0,1,0,23,127.0,56.0,56.0,71.0
13627,13627,95,15,10,1,0,23,143.0,53.0,53.0,90.0
13628,13628,95,15,20,1,0,23,159.0,71.0,71.0,88.0
13629,13629,95,15,30,1,0,23,147.0,46.0,46.0,101.0
13630,13630,95,15,40,1,0,23,165.0,59.0,59.0,106.0
13631,13631,95,15,50,1,0,23,165.0,60.0,60.0,105.0
13632,13632,95,16,0,1,0,23,168.0,57.0,57.0,111.0
13633,13633,95,16,10,1,0,23,195.0,45.0,45.0,150.0
13634,13634,95,16,20,1,0,23,139.0,41.0,41.0,98.0
13635,13635,95,16,30,1,0,23,201.0,56.0,56.0,145.0
13636,13636,95,16,40,1,0,23,228.0,47.0,47.0,181.0
13637,13637,95,16,50,1,0,23,301.0,60.0,60.0,241.0
13638,13638,95,17,0,1,0,23,304.0,38.0,38.0,266.0
13639,13639,95,17,10,1,0,23,411.0,71.0,71.0,340.0
13640,13640,95,17,20,1,0,23,287.0,57.0,57.0,230.0
13641,13641,95,17,30,1,0,23,359.0,107.0,107.0,252.0
13642,13642,95,17,40,1,0,23,410.0,77.0,77.0,333.0
13643,13643,95,17,50,1,0,23,307.0,104.0,104.0,203.0
13644,13644,95,18,0,1,0,23,331.0,98.0,98.0,233.0
13645,13645,95,18,10,1,0,23,404.0,83.0,83.0,321.0
13646,13646,95,18,20,1,0,23,330.0,108.0,108.0,222.0
13647,13647,95,18,30,1,0,23,268.0,74.0,74.0,194.0
13648,13648,95,18,40,1,0,23,225.0,86.0,86.0,139.0
13649,13649,95,18,50,1,0,23,232.0,83.0,83.0,149.0
13650,13650,95,19,0,1,0,23,188.0,59.0,59.0,129.0
13651,13651,95,19,10,1,0,23,161.0,50.0,50.0,111.0
13652,13652,95,19,20,1,0,23,152.0,51.0,51.0,101.0
13653,13653,95,19,30,1,0,23,141.0,54.0,54.0,87.0
13654,13654,95,19,40,1,0,23,99.0,37.0,37.0,62.0
13655,13655,95,19,50,1,0,23,76.0,27.0,27.0,49.0
13656,13656,95,20,0,1,0,23,109.0,40.0,40.0,69.0
13657,13657,95,20,10,1,0,23,100.0,32.0,32.0,68.0
13658,13658,95,20,20,1,0,23,82.0,25.0,25.0,57.0
13659,13659,95,20,30,1,0,23,81.0,19.0,19.0,62.0
13660,13660,95,20,40,1,0,23,70.0,19.0,19.0,51.0
13661,13661,95,20,50,1,0,23,79.0,17.0,17.0,62.0
13662,13662,95,21,0,1,0,23,78.0,23.0,23.0,55.0
13663,13663,95,21,10,1,0,23,86.0,23.0,23.0,63.0
13664,13664,95,21,20,1,0,23,95.0,37.0,37.0,58.0
13665,13665,95,21,30,1,0,23,66.0,33.0,33.0,33.0
13666,13666,95,21,40,1,0,23,63.0,22.0,22.0,41.0
13667,13667,95,21,50,1,0,23,66.0,23.0,23.0,43.0
13668,13668,95,22,0,1,0,23,70.0,29.0,29.0,41.0
13669,13669,95,22,10,1,0,23,64.0,24.0,24.0,40.0
13670,13670,95,22,20,1,0,23,59.0,25.0,25.0,34.0
13671,13671,95,22,30,1,0,23,44.0,19.0,19.0,25.0
13672,13672,95,22,40,1,0,23,29.0,8.0,8.0,21.0
13673,13673,95,22,50,1,0,23,15.0,9.0,9.0,6.0
13710,13710,96,5,0,1,0,23,0.0,0.0,0.0,0.0
13711,13711,96,5,10,1,0,23,15.0,0.0,0.0,15.0
13712,13712,96,5,20,1,0,23,31.0,1.0,1.0,30.0
13713,13713,96,5,30,1,0,23,17.0,1.0,1.0,16.0
13714,13714,96,5,40,1,0,23,40.0,1.0,1.0,39.0
13715,13715,96,5,50,1,0,23,45.0,0.0,0.0,45.0
13716,13716,96,6,0,1,0,23,79.0,0.0,0.0,79.0
13717,13717,96,6,10,1,0,23,134.0,29.0,29.0,105.0
13718,13718,96,6,20,1,0,23,176.0,37.0,37.0,139.0
13719,13719,96,6,30,1,0,23,230.0,51.0,51.0,179.0
13720,13720,96,6,40,1,0,23,345.0,72.0,72.0,273.0
13721,13721,96,6,50,1,0,23,391.0,90.0,90.0,301.0
13722,13722,96,7,0,1,0,23,439.0,99.0,99.0,340.0
13723,13723,96,7,10,1,0,23,507.0,85.0,85.0,422.0
13724,13724,96,7,20,1,0,23,671.0,199.0,199.0,472.0
13725,13725,96,7,30,1,0,23,789.0,174.0,174.0,615.0
13726,13726,96,7,40,1,0,23,831.0,176.0,176.0,655.0
13727,13727,96,7,50,1,0,23,671.0,122.0,122.0,549.0
13728,13728,96,8,0,1,0,23,819.0,230.0,230.0,589.0
13729,13729,96,8,10,1,0,23,636.0,114.0,114.0,522.0
13730,13730,96,8,20,1,0,23,685.0,136.0,136.0,549.0
13731,13731,96,8,30,1,0,23,546.0,110.0,110.0,436.0
13732,13732,96,8,40,1,0,23,438.0,147.0,147.0,291.0
13733,13733,96,8,50,1,0,23,308.0,96.0,96.0,212.0
13734,13734,96,9,0,1,0,23,345.0,104.0,104.0,241.0
13735,13735,96,9,10,1,0,23,248.0,58.0,58.0,190.0
13736,13736,96,9,20,1,0,23,210.0,96.0,96.0,114.0
13737,13737,96,9,30,1,0,23,197.0,69.0,69.0,128.0
13738,13738,96,9,40,1,0,23,218.0,97.0,97.0,121.0
13739,13739,96,9,50,1,0,23,163.0,69.0,69.0,94.0
13740,13740,96,10,0,1,0,23,219.0,118.0,118.0,101.0
13741,13741,96,10,10,1,0,23,161.0,58.0,58.0,103.0
13742,13742,96,10,20,1,0,23,199.0,92.0,92.0,107.0
13743,13743,96,10,30,1,0,23,127.0,53.0,53.0,74.0
13744,13744,96,10,40,1,0,23,162.0,59.0,59.0,103.0
13745,13745,96,10,50,1,0,23,156.0,59.0,59.0,97.0
13746,13746,96,11,0,1,0,23,165.0,51.0,51.0,114.0
13747,13747,96,11,10,1,0,23,179.0,62.0,62.0,117.0
13748,13748,96,11,20,1,0,23,118.0,26.0,26.0,92.0
13749,13749,96,11,30,1,0,23,177.0,64.0,64.0,113.0
13750,13750,96,11,40,1,0,23,216.0,66.0,66.0,150.0
13751,13751,96,11,50,1,0,23,195.0,73.0,73.0,122.0
13752,13752,96,12,0,1,0,23,171.0,59.0,59.0,112.0
13753,13753,96,12,10,1,0,23,144.0,32.0,32.0,112.0
13754,13754,96,12,20,1,0,23,202.0,98.0,98.0,104.0
13755,13755,96,12,30,1,0,23,191.0,84.0,84.0,107.0
13756,13756,96,12,40,1,0,23,236.0,129.0,129.0,107.0
13757,13757,96,12,50,1,0,23,126.0,61.0,61.0,65.0
13758,13758,96,13,0,1,0,23,156.0,57.0,57.0,99.0
13759,13759,96,13,10,1,0,23,154.0,103.0,103.0,51.0
13760,13760,96,13,20,1,0,23,165.0,83.0,83.0,82.0
13761,13761,96,13,30,1,0,23,93.0,33.0,33.0,60.0
13762,13762,96,13,40,1,0,23,127.0,59.0,59.0,68.0
13763,13763,96,13,50,1,0,23,120.0,55.0,55.0,65.0
13764,13764,96,14,0,1,0,23,149.0,69.0,69.0,80.0
13765,13765,96,14,10,1,0,23,92.0,42.0,42.0,50.0
13766,13766,96,14,20,1,0,23,141.0,50.0,50.0,91.0
13767,13767,96,14,30,1,0,23,178.0,85.0,85.0,93.0
13768,13768,96,14,40,1,0,23,168.0,77.0,77.0,91.0
13769,13769,96,14,50,1,0,23,140.0,53.0,53.0,87.0
13770,13770,96,15,0,1,0,23,119.0,30.0,30.0,89.0
13771,13771,96,15,10,1,0,23,134.0,75.0,75.0,59.0
13772,13772,96,15,20,1,0,23,189.0,84.0,84.0,105.0
13773,13773,96,15,30,1,0,23,198.0,87.0,87.0,111.0
13774,13774,96,15,40,1,0,23,235.0,114.0,114.0,121.0
13775,13775,96,15,50,1,0,23,173.0,69.0,69.0,104.0
13776,13776,96,16,0,1,0,23,203.0,106.0,106.0,97.0
13777,13777,96,16,10,1,0,23,138.0,31.0,31.0,107.0
13778,13778,96,16,20,1,0,23,249.0,115.0,115.0,134.0
13779,13779,96,16,30,1,0,23,269.0,144.0,144.0,125.0
13780,13780,96,16,40,1,0,23,236.0,117.0,117.0,119.0
13781,13781,96,16,50,1,0,23,280.0,118.0,118.0,162.0
13782,13782,96,17,0,1,0,23,316.0,160.0,160.0,156.0
13783,13783,96,17,10,1,0,23,291.0,114.0,114.0,177.0
13784,13784,96,17,20,1,0,23,326.0,181.0,181.0,145.0
13785,13785,96,17,30,1,0,23,273.0,147.0,147.0,126.0
13786,13786,96,17,40,1,0,23,348.0,224.0,224.0,124.0
13787,13787,96,17,50,1,0,23,243.0,165.0,165.0,78.0
13788,13788,96,18,0,1,0,23,488.0,398.0,398.0,90.0
13789,13789,96,18,10,1,0,23,363.0,290.0,290.0,73.0
13790,13790,96,18,20,1,0,23,316.0,262.0,262.0,54.0
13791,13791,96,18,30,1,0,23,358.0,322.0,322.0,36.0
13792,13792,96,18,40,1,0,23,415.0,359.0,359.0,56.0
13793,13793,96,18,50,1,0,23,454.0,422.0,422.0,32.0
13794,13794,96,19,0,1,0,23,372.0,346.0,346.0,26.0
13795,13795,96,19,10,1,0,23,356.0,318.0,318.0,38.0
13796,13796,96,19,20,1,0,23,262.0,223.0,223.0,39.0
13797,13797,96,19,30,1,0,23,246.0,201.0,201.0,45.0
13798,13798,96,19,40,1,0,23,216.0,183.0,183.0,33.0
13799,13799,96,19,50,1,0,23,107.0,91.0,91.0,16.0
13800,13800,96,20,0,1,0,23,175.0,147.0,147.0,28.0
13801,13801,96,20,10,1,0,23,199.0,176.0,176.0,23.0
13802,13802,96,20,20,1,0,23,112.0,85.0,85.0,27.0
13803,13803,96,20,30,1,0,23,171.0,158.0,158.0,13.0
13804,13804,96,20,40,1,0,23,86.0,63.0,63.0,23.0
13805,13805,96,20,50,1,0,23,129.0,109.0,109.0,20.0
13806,13806,96,21,0,1,0,23,95.0,80.0,80.0,15.0
13807,13807,96,21,10,1,0,23,121.0,106.0,106.0,15.0
13808,13808,96,21,20,1,0,23,124.0,107.0,107.0,17.0
13809,13809,96,21,30,1,0,23,114.0,100.0,100.0,14.0
13810,13810,96,21,40,1,0,23,65.0,59.0,59.0,6.0
13811,13811,96,21,50,1,0,23,83.0,71.0,71.0,12.0
13812,13812,96,22,0,1,0,23,85.0,78.0,78.0,7.0
13813,13813,96,22,10,1,0,23,77.0,71.0,71.0,6.0
13814,13814,96,22,20,1,0,23,62.0,59.0,59.0,3.0
13815,13815,96,22,30,1,0,23,71.0,71.0,71.0,0.0
13816,13816,96,22,40,1,0,23,60.0,59.0,59.0,1.0
13817,13817,96,22,50,1,0,23,88.0,86.0,86.0,2.0
13854,13854,97,5,0,1,0,23,2.0,0.0,0.0,2.0
13855,13855,97,5,10,1,0,23,8.0,0.0,0.0,8.0
13856,13856,97,5,20,1,0,23,41.0,0.0,0.0,41.0
13857,13857,97,5,30,1,0,23,73.0,1.0,1.0,72.0
13858,13858,97,5,40,1,0,23,67.0,2.0,2.0,65.0
13859,13859,97,5,50,1,0,23,98.0,0.0,0.0,98.0
13860,13860,97,6,0,1,0,23,173.0,15.0,15.0,158.0
13861,13861,97,6,10,1,0,23,323.0,23.0,23.0,300.0
13862,13862,97,6,20,1,0,23,330.0,13.0,13.0,317.0
13863,13863,97,6,30,1,0,23,413.0,31.0,31.0,382.0
13864,13864,97,6,40,1,0,23,447.0,27.0,27.0,420.0
13865,13865,97,6,50,1,0,23,510.0,46.0,46.0,464.0
13866,13866,97,7,0,1,0,23,673.0,76.0,76.0,597.0
13867,13867,97,7,10,1,0,23,785.0,93.0,93.0,692.0
13868,13868,97,7,20,1,0,23,941.0,93.0,93.0,848.0
13869,13869,97,7,30,1,0,23,1168.0,208.0,208.0,960.0
13870,13870,97,7,40,1,0,23,1119.0,143.0,143.0,976.0
13871,13871,97,7,50,1,0,23,1332.0,220.0,220.0,1112.0
13872,13872,97,8,0,1,0,23,1271.0,132.0,132.0,1139.0
13873,13873,97,8,10,1,0,23,1165.0,162.0,162.0,1003.0
13874,13874,97,8,20,1,0,23,1035.0,179.0,179.0,856.0
13875,13875,97,8,30,1,0,23,929.0,181.0,181.0,748.0
13876,13876,97,8,40,1,0,23,743.0,195.0,195.0,548.0
13877,13877,97,8,50,1,0,23,568.0,126.0,126.0,442.0
13878,13878,97,9,0,1,0,23,528.0,132.0,132.0,396.0
13879,13879,97,9,10,1,0,23,414.0,103.0,103.0,311.0
13880,13880,97,9,20,1,0,23,372.0,107.0,107.0,265.0
13881,13881,97,9,30,1,0,23,274.0,57.0,57.0,217.0
13882,13882,97,9,40,1,0,23,273.0,93.0,93.0,180.0
13883,13883,97,9,50,1,0,23,233.0,77.0,77.0,156.0
13884,13884,97,10,0,1,0,23,216.0,91.0,91.0,125.0
13885,13885,97,10,10,1,0,23,243.0,85.0,85.0,158.0
13886,13886,97,10,20,1,0,23,227.0,58.0,58.0,169.0
13887,13887,97,10,30,1,0,23,161.0,70.0,70.0,91.0
13888,13888,97,10,40,1,0,23,201.0,80.0,80.0,121.0
13889,13889,97,10,50,1,0,23,168.0,68.0,68.0,100.0
13890,13890,97,11,0,1,0,23,126.0,45.0,45.0,81.0
13891,13891,97,11,10,1,0,23,191.0,79.0,79.0,112.0
13892,13892,97,11,20,1,0,23,213.0,91.0,91.0,122.0
13893,13893,97,11,30,1,0,23,192.0,95.0,95.0,97.0
13894,13894,97,11,40,1,0,23,193.0,63.0,63.0,130.0
13895,13895,97,11,50,1,0,23,154.0,68.0,68.0,86.0
13896,13896,97,12,0,1,0,23,202.0,51.0,51.0,151.0
13897,13897,97,12,10,1,0,23,197.0,100.0,100.0,97.0
13898,13898,97,12,20,1,0,23,212.0,89.0,89.0,123.0
13899,13899,97,12,30,1,0,23,208.0,93.0,93.0,115.0
13900,13900,97,12,40,1,0,23,190.0,86.0,86.0,104.0
13901,13901,97,12,50,1,0,23,202.0,65.0,65.0,137.0
13902,13902,97,13,0,1,0,23,233.0,109.0,109.0,124.0
13903,13903,97,13,10,1,0,23,134.0,58.0,58.0,76.0
13904,13904,97,13,20,1,0,23,197.0,92.0,92.0,105.0
13905,13905,97,13,30,1,0,23,179.0,91.0,91.0,88.0
13906,13906,97,13,40,1,0,23,155.0,76.0,76.0,79.0
13907,13907,97,13,50,1,0,23,111.0,57.0,57.0,54.0
13908,13908,97,14,0,1,0,23,167.0,103.0,103.0,64.0
13909,13909,97,14,10,1,0,23,164.0,94.0,94.0,70.0
13910,13910,97,14,20,1,0,23,211.0,125.0,125.0,86.0
13911,13911,97,14,30,1,0,23,143.0,78.0,78.0,65.0
13912,13912,97,14,40,1,0,23,184.0,117.0,117.0,67.0
13913,13913,97,14,50,1,0,23,136.0,65.0,65.0,71.0
13914,13914,97,15,0,1,0,23,183.0,128.0,128.0,55.0
13915,13915,97,15,10,1,0,23,235.0,151.0,151.0,84.0
13916,13916,97,15,20,1,0,23,242.0,162.0,162.0,80.0
13917,13917,97,15,30,1,0,23,242.0,177.0,177.0,65.0
13918,13918,97,15,40,1,0,23,251.0,132.0,132.0,119.0
13919,13919,97,15,50,1,0,23,201.0,142.0,142.0,59.0
13920,13920,97,16,0,1,0,23,237.0,140.0,140.0,97.0
13921,13921,97,16,10,1,0,23,276.0,202.0,202.0,74.0
13922,13922,97,16,20,1,0,23,306.0,243.0,243.0,63.0
13923,13923,97,16,30,1,0,23,298.0,201.0,201.0,97.0
13924,13924,97,16,40,1,0,23,320.0,226.0,226.0,94.0
13925,13925,97,16,50,1,0,23,266.0,150.0,150.0,116.0
13926,13926,97,17,0,1,0,23,470.0,292.0,292.0,178.0
13927,13927,97,17,10,1,0,23,497.0,311.0,311.0,186.0
13928,13928,97,17,20,1,0,23,415.0,268.0,268.0,147.0
13929,13929,97,17,30,1,0,23,675.0,490.0,490.0,185.0
13930,13930,97,17,40,1,0,23,487.0,333.0,333.0,154.0
13931,13931,97,17,50,1,0,23,760.0,595.0,595.0,165.0
13932,13932,97,18,0,1,0,23,747.0,594.0,594.0,153.0
13933,13933,97,18,10,1,0,23,571.0,410.0,410.0,161.0
13934,13934,97,18,20,1,0,23,853.0,676.0,676.0,177.0
13935,13935,97,18,30,1,0,23,644.0,547.0,547.0,97.0
13936,13936,97,18,40,1,0,23,914.0,763.0,763.0,151.0
13937,13937,97,18,50,1,0,23,714.0,608.0,608.0,106.0
13938,13938,97,19,0,1,0,23,618.0,517.0,517.0,101.0
13939,13939,97,19,10,1,0,23,556.0,457.0,457.0,99.0
13940,13940,97,19,20,1,0,23,557.0,468.0,468.0,89.0
13941,13941,97,19,30,1,0,23,390.0,324.0,324.0,66.0
13942,13942,97,19,40,1,0,23,293.0,237.0,237.0,56.0
13943,13943,97,19,50,1,0,23,338.0,291.0,291.0,47.0
13944,13944,97,20,0,1,0,23,290.0,252.0,252.0,38.0
13945,13945,97,20,10,1,0,23,253.0,202.0,202.0,51.0
13946,13946,97,20,20,1,0,23,298.0,251.0,251.0,47.0
13947,13947,97,20,30,1,0,23,168.0,131.0,131.0,37.0
13948,13948,97,20,40,1,0,23,257.0,218.0,218.0,39.0
13949,13949,97,20,50,1,0,23,252.0,222.0,222.0,30.0
13950,13950,97,21,0,1,0,23,263.0,210.0,210.0,53.0
13951,13951,97,21,10,1,0,23,255.0,198.0,198.0,57.0
13952,13952,97,21,20,1,0,23,247.0,207.0,207.0,40.0
13953,13953,97,21,30,1,0,23,181.0,158.0,158.0,23.0
13954,13954,97,21,40,1,0,23,209.0,168.0,168.0,41.0
13955,13955,97,21,50,1,0,23,182.0,153.0,153.0,29.0
13956,13956,97,22,0,1,0,23,179.0,140.0,140.0,39.0
13957,13957,97,22,10,1,0,23,188.0,159.0,159.0,29.0
13958,13958,97,22,20,1,0,23,169.0,149.0,149.0,20.0
13959,13959,97,22,30,1,0,23,190.0,187.0,187.0,3.0
13960,13960,97,22,40,1,0,23,185.0,179.0,179.0,6.0
13961,13961,97,22,50,1,0,23,179.0,165.0,165.0,14.0
13998,13998,98,5,0,1,0,23,0.0,0.0,0.0,0.0
13999,13999,98,5,10,1,0,23,2.0,0.0,0.0,2.0
14000,14000,98,5,20,1,0,23,8.0,0.0,0.0,8.0
14001,14001,98,5,30,1,0,23,46.0,0.0,0.0,46.0
14002,14002,98,5,40,1,0,23,49.0,3.0,3.0,46.0
14003,14003,98,5,50,1,0,23,91.0,6.0,6.0,85.0
14004,14004,98,6,0,1,0,23,110.0,4.0,4.0,106.0
14005,14005,98,6,10,1,0,23,150.0,10.0,10.0,140.0
14006,14006,98,6,20,1,0,23,238.0,17.0,17.0,221.0
14007,14007,98,6,30,1,0,23,319.0,21.0,21.0,298.0
14008,14008,98,6,40,1,0,23,436.0,26.0,26.0,410.0
14009,14009,98,6,50,1,0,23,441.0,35.0,35.0,406.0
14010,14010,98,7,0,1,0,23,600.0,29.0,29.0,571.0
14011,14011,98,7,10,1,0,23,654.0,56.0,56.0,598.0
14012,14012,98,7,20,1,0,23,788.0,47.0,47.0,741.0
14013,14013,98,7,30,1,0,23,992.0,68.0,68.0,924.0
14014,14014,98,7,40,1,0,23,1133.0,75.0,75.0,1058.0
14015,14015,98,7,50,1,0,23,1086.0,72.0,72.0,1014.0
14016,14016,98,8,0,1,0,23,1258.0,138.0,138.0,1120.0
14017,14017,98,8,10,1,0,23,1232.0,186.0,186.0,1046.0
14018,14018,98,8,20,1,0,23,1136.0,199.0,199.0,937.0
14019,14019,98,8,30,1,0,23,851.0,132.0,132.0,719.0
14020,14020,98,8,40,1,0,23,917.0,304.0,304.0,613.0
14021,14021,98,8,50,1,0,23,680.0,215.0,215.0,465.0
14022,14022,98,9,0,1,0,23,622.0,200.0,200.0,422.0
14023,14023,98,9,10,1,0,23,528.0,175.0,175.0,353.0
14024,14024,98,9,20,1,0,23,410.0,141.0,141.0,269.0
14025,14025,98,9,30,1,0,23,328.0,114.0,114.0,214.0
14026,14026,98,9,40,1,0,23,287.0,102.0,102.0,185.0
14027,14027,98,9,50,1,0,23,251.0,86.0,86.0,165.0
14028,14028,98,10,0,1,0,23,238.0,101.0,101.0,137.0
14029,14029,98,10,10,1,0,23,220.0,78.0,78.0,142.0
14030,14030,98,10,20,1,0,23,249.0,124.0,124.0,125.0
14031,14031,98,10,30,1,0,23,188.0,89.0,89.0,99.0
14032,14032,98,10,40,1,0,23,192.0,89.0,89.0,103.0
14033,14033,98,10,50,1,0,23,198.0,103.0,103.0,95.0
14034,14034,98,11,0,1,0,23,193.0,91.0,91.0,102.0
14035,14035,98,11,10,1,0,23,201.0,91.0,91.0,110.0
14036,14036,98,11,20,1,0,23,173.0,62.0,62.0,111.0
14037,14037,98,11,30,1,0,23,252.0,154.0,154.0,98.0
14038,14038,98,11,40,1,0,23,175.0,60.0,60.0,115.0
14039,14039,98,11,50,1,0,23,229.0,109.0,109.0,120.0
14040,14040,98,12,0,1,0,23,273.0,133.0,133.0,140.0
14041,14041,98,12,10,1,0,23,191.0,72.0,72.0,119.0
14042,14042,98,12,20,1,0,23,209.0,90.0,90.0,119.0
14043,14043,98,12,30,1,0,23,214.0,88.0,88.0,126.0
14044,14044,98,12,40,1,0,23,227.0,116.0,116.0,111.0
14045,14045,98,12,50,1,0,23,110.0,23.0,23.0,87.0
14046,14046,98,13,0,1,0,23,282.0,163.0,163.0,119.0
14047,14047,98,13,10,1,0,23,243.0,115.0,115.0,128.0
14048,14048,98,13,20,1,0,23,221.0,109.0,109.0,112.0
14049,14049,98,13,30,1,0,23,173.0,69.0,69.0,104.0
14050,14050,98,13,40,1,0,23,217.0,111.0,111.0,106.0
14051,14051,98,13,50,1,0,23,219.0,123.0,123.0,96.0
14052,14052,98,14,0,1,0,23,209.0,109.0,109.0,100.0
14053,14053,98,14,10,1,0,23,164.0,65.0,65.0,99.0
14054,14054,98,14,20,1,0,23,188.0,79.0,79.0,109.0
14055,14055,98,14,30,1,0,23,170.0,91.0,91.0,79.0
14056,14056,98,14,40,1,0,23,254.0,148.0,148.0,106.0
14057,14057,98,14,50,1,0,23,189.0,104.0,104.0,85.0
14058,14058,98,15,0,1,0,23,253.0,157.0,157.0,96.0
14059,14059,98,15,10,1,0,23,219.0,117.0,117.0,102.0
14060,14060,98,15,20,1,0,23,201.0,108.0,108.0,93.0
14061,14061,98,15,30,1,0,23,230.0,122.0,122.0,108.0
14062,14062,98,15,40,1,0,23,300.0,185.0,185.0,115.0
14063,14063,98,15,50,1,0,23,250.0,166.0,166.0,84.0
14064,14064,98,16,0,1,0,23,338.0,215.0,215.0,123.0
14065,14065,98,16,10,1,0,23,242.0,169.0,169.0,73.0
14066,14066,98,16,20,1,0,23,258.0,158.0,158.0,100.0
14067,14067,98,16,30,1,0,23,263.0,167.0,167.0,96.0
14068,14068,98,16,40,1,0,23,375.0,254.0,254.0,121.0
14069,14069,98,16,50,1,0,23,375.0,261.0,261.0,114.0
14070,14070,98,17,0,1,0,23,376.0,215.0,215.0,161.0
14071,14071,98,17,10,1,0,23,344.0,168.0,168.0,176.0
14072,14072,98,17,20,1,0,23,665.0,490.0,490.0,175.0
14073,14073,98,17,30,1,0,23,453.0,333.0,333.0,120.0
14074,14074,98,17,40,1,0,23,855.0,619.0,619.0,236.0
14075,14075,98,17,50,1,0,23,688.0,512.0,512.0,176.0
14076,14076,98,18,0,1,0,23,655.0,477.0,477.0,178.0
14077,14077,98,18,10,1,0,23,1045.0,750.0,750.0,295.0
14078,14078,98,18,20,1,0,23,787.0,599.0,599.0,188.0
14079,14079,98,18,30,1,0,23,968.0,781.0,781.0,187.0
14080,14080,98,18,40,1,0,23,860.0,690.0,690.0,170.0
14081,14081,98,18,50,1,0,23,802.0,647.0,647.0,155.0
14082,14082,98,19,0,1,0,23,571.0,431.0,431.0,140.0
14083,14083,98,19,10,1,0,23,759.0,612.0,612.0,147.0
14084,14084,98,19,20,1,0,23,426.0,305.0,305.0,121.0
14085,14085,98,19,30,1,0,23,471.0,385.0,385.0,86.0
14086,14086,98,19,40,1,0,23,406.0,318.0,318.0,88.0
14087,14087,98,19,50,1,0,23,236.0,158.0,158.0,78.0
14088,14088,98,20,0,1,0,23,324.0,230.0,230.0,94.0
14089,14089,98,20,10,1,0,23,306.0,183.0,183.0,123.0
14090,14090,98,20,20,1,0,23,270.0,176.0,176.0,94.0
14091,14091,98,20,30,1,0,23,238.0,126.0,126.0,112.0
14092,14092,98,20,40,1,0,23,276.0,180.0,180.0,96.0
14093,14093,98,20,50,1,0,23,304.0,182.0,182.0,122.0
14094,14094,98,21,0,1,0,23,309.0,164.0,164.0,145.0
14095,14095,98,21,10,1,0,23,274.0,149.0,149.0,125.0
14096,14096,98,21,20,1,0,23,149.0,57.0,57.0,92.0
14097,14097,98,21,30,1,0,23,224.0,147.0,147.0,77.0
14098,14098,98,21,40,1,0,23,226.0,127.0,127.0,99.0
14099,14099,98,21,50,1,0,23,200.0,131.0,131.0,69.0
14100,14100,98,22,0,1,0,23,329.0,247.0,247.0,82.0
14101,14101,98,22,10,1,0,23,86.0,16.0,16.0,70.0
14102,14102,98,22,20,1,0,23,228.0,181.0,181.0,47.0
14103,14103,98,22,30,1,0,23,139.0,111.0,111.0,28.0
14104,14104,98,22,40,1,0,23,152.0,143.0,143.0,9.0
14105,14105,98,22,50,1,0,23,152.0,129.0,129.0,23.0
14142,14142,99,5,0,1,0,23,0.0,0.0,0.0,0.0
14143,14143,99,5,10,1,0,23,0.0,0.0,0.0,0.0
14144,14144,99,5,20,1,0,23,10.0,0.0,0.0,10.0
14145,14145,99,5,30,1,0,23,8.0,0.0,0.0,8.0
14146,14146,99,5,40,1,0,23,9.0,0.0,0.0,9.0
14147,14147,99,5,50,1,0,23,23.0,3.0,3.0,20.0
14148,14148,99,6,0,1,0,23,27.0,11.0,11.0,16.0
14149,14149,99,6,10,1,0,23,55.0,26.0,26.0,29.0
14150,14150,99,6,20,1,0,23,58.0,19.0,19.0,39.0
14151,14151,99,6,30,1,0,23,74.0,31.0,31.0,43.0
14152,14152,99,6,40,1,0,23,90.0,35.0,35.0,55.0
14153,14153,99,6,50,1,0,23,127.0,71.0,71.0,56.0
14154,14154,99,7,0,1,0,23,150.0,69.0,69.0,81.0
14155,14155,99,7,10,1,0,23,189.0,109.0,109.0,80.0
14156,14156,99,7,20,1,0,23,197.0,92.0,92.0,105.0
14157,14157,99,7,30,1,0,23,241.0,149.0,149.0,92.0
14158,14158,99,7,40,1,0,23,386.0,227.0,227.0,159.0
14159,14159,99,7,50,1,0,23,419.0,270.0,270.0,149.0
14160,14160,99,8,0,1,0,23,722.0,551.0,551.0,171.0
14161,14161,99,8,10,1,0,23,984.0,788.0,788.0,196.0
14162,14162,99,8,20,1,0,23,988.0,737.0,737.0,251.0
14163,14163,99,8,30,1,0,23,1034.0,793.0,793.0,241.0
14164,14164,99,8,40,1,0,23,1596.0,1321.0,1321.0,275.0
14165,14165,99,8,50,1,0,23,1327.0,1087.0,1087.0,240.0
14166,14166,99,9,0,1,0,23,1421.0,1180.0,1180.0,241.0
14167,14167,99,9,10,1,0,23,875.0,644.0,644.0,231.0
14168,14168,99,9,20,1,0,23,874.0,686.0,686.0,188.0
14169,14169,99,9,30,1,0,23,771.0,544.0,544.0,227.0
14170,14170,99,9,40,1,0,23,529.0,357.0,357.0,172.0
14171,14171,99,9,50,1,0,23,484.0,314.0,314.0,170.0
14172,14172,99,10,0,1,0,23,443.0,242.0,242.0,201.0
14173,14173,99,10,10,1,0,23,382.0,190.0,190.0,192.0
14174,14174,99,10,20,1,0,23,303.0,157.0,157.0,146.0
14175,14175,99,10,30,1,0,23,301.0,133.0,133.0,168.0
14176,14176,99,10,40,1,0,23,317.0,160.0,160.0,157.0
14177,14177,99,10,50,1,0,23,291.0,151.0,151.0,140.0
14178,14178,99,11,0,1,0,23,252.0,91.0,91.0,161.0
14179,14179,99,11,10,1,0,23,250.0,115.0,115.0,135.0
14180,14180,99,11,20,1,0,23,252.0,93.0,93.0,159.0
14181,14181,99,11,30,1,0,23,284.0,109.0,109.0,175.0
14182,14182,99,11,40,1,0,23,256.0,87.0,87.0,169.0
14183,14183,99,11,50,1,0,23,248.0,116.0,116.0,132.0
14184,14184,99,12,0,1,0,23,217.0,103.0,103.0,114.0
14185,14185,99,12,10,1,0,23,206.0,92.0,92.0,114.0
14186,14186,99,12,20,1,0,23,218.0,82.0,82.0,136.0
14187,14187,99,12,30,1,0,23,270.0,133.0,133.0,137.0
14188,14188,99,12,40,1,0,23,311.0,176.0,176.0,135.0
14189,14189,99,12,50,1,0,23,261.0,127.0,127.0,134.0
14190,14190,99,13,0,1,0,23,269.0,126.0,126.0,143.0
14191,14191,99,13,10,1,0,23,324.0,173.0,173.0,151.0
14192,14192,99,13,20,1,0,23,315.0,166.0,166.0,149.0
14193,14193,99,13,30,1,0,23,310.0,144.0,144.0,166.0
14194,14194,99,13,40,1,0,23,325.0,185.0,185.0,140.0
14195,14195,99,13,50,1,0,23,264.0,101.0,101.0,163.0
14196,14196,99,14,0,1,0,23,336.0,183.0,183.0,153.0
14197,14197,99,14,10,1,0,23,266.0,125.0,125.0,141.0
14198,14198,99,14,20,1,0,23,247.0,109.0,109.0,138.0
14199,14199,99,14,30,1,0,23,260.0,103.0,103.0,157.0
14200,14200,99,14,40,1,0,23,244.0,111.0,111.0,133.0
14201,14201,99,14,50,1,0,23,248.0,98.0,98.0,150.0
14202,14202,99,15,0,1,0,23,299.0,130.0,130.0,169.0
14203,14203,99,15,10,1,0,23,263.0,87.0,87.0,176.0
14204,14204,99,15,20,1,0,23,279.0,130.0,130.0,149.0
14205,14205,99,15,30,1,0,23,250.0,91.0,91.0,159.0
14206,14206,99,15,40,1,0,23,299.0,108.0,108.0,191.0
14207,14207,99,15,50,1,0,23,306.0,95.0,95.0,211.0
14208,14208,99,16,0,1,0,23,300.0,117.0,117.0,183.0
14209,14209,99,16,10,1,0,23,289.0,115.0,115.0,174.0
14210,14210,99,16,20,1,0,23,304.0,88.0,88.0,216.0
14211,14211,99,16,30,1,0,23,317.0,82.0,82.0,235.0
14212,14212,99,16,40,1,0,23,382.0,136.0,136.0,246.0
14213,14213,99,16,50,1,0,23,375.0,104.0,104.0,271.0
14214,14214,99,17,0,1,0,23,631.0,102.0,102.0,529.0
14215,14215,99,17,10,1,0,23,720.0,109.0,109.0,611.0
14216,14216,99,17,20,1,0,23,598.0,125.0,125.0,473.0
14217,14217,99,17,30,1,0,23,798.0,147.0,147.0,651.0
14218,14218,99,17,40,1,0,23,1001.0,140.0,140.0,861.0
14219,14219,99,17,50,1,0,23,772.0,146.0,146.0,626.0
14220,14220,99,18,0,1,0,23,854.0,152.0,152.0,702.0
14221,14221,99,18,10,1,0,23,1032.0,154.0,154.0,878.0
14222,14222,99,18,20,1,0,23,742.0,162.0,162.0,580.0
14223,14223,99,18,30,1,0,23,570.0,143.0,143.0,427.0
14224,14224,99,18,40,1,0,23,543.0,141.0,141.0,402.0
14225,14225,99,18,50,1,0,23,420.0,123.0,123.0,297.0
14226,14226,99,19,0,1,0,23,344.0,113.0,113.0,231.0
14227,14227,99,19,10,1,0,23,288.0,58.0,58.0,230.0
14228,14228,99,19,20,1,0,23,279.0,117.0,117.0,162.0
14229,14229,99,19,30,1,0,23,245.0,62.0,62.0,183.0
14230,14230,99,19,40,1,0,23,239.0,77.0,77.0,162.0
14231,14231,99,19,50,1,0,23,183.0,70.0,70.0,113.0
14232,14232,99,20,0,1,0,23,188.0,57.0,57.0,131.0
14233,14233,99,20,10,1,0,23,171.0,49.0,49.0,122.0
14234,14234,99,20,20,1,0,23,161.0,43.0,43.0,118.0
14235,14235,99,20,30,1,0,23,169.0,52.0,52.0,117.0
14236,14236,99,20,40,1,0,23,138.0,39.0,39.0,99.0
14237,14237,99,20,50,1,0,23,144.0,52.0,52.0,92.0
14238,14238,99,21,0,1,0,23,155.0,47.0,47.0,108.0
14239,14239,99,21,10,1,0,23,174.0,66.0,66.0,108.0
14240,14240,99,21,20,1,0,23,121.0,57.0,57.0,64.0
14241,14241,99,21,30,1,0,23,132.0,70.0,70.0,62.0
14242,14242,99,21,40,1,0,23,138.0,80.0,80.0,58.0
14243,14243,99,21,50,1,0,23,107.0,43.0,43.0,64.0
14244,14244,99,22,0,1,0,23,126.0,53.0,53.0,73.0
14245,14245,99,22,10,1,0,23,88.0,47.0,47.0,41.0
14246,14246,99,22,20,1,0,23,86.0,51.0,51.0,35.0
14247,14247,99,22,30,1,0,23,57.0,28.0,28.0,29.0
14248,14248,99,22,40,1,0,23,49.0,25.0,25.0,24.0
14249,14249,99,22,50,1,0,23,39.0,25.0,25.0,14.0
14286,14286,100,5,0,1,0,23,0.0,0.0,0.0,0.0
14287,14287,100,5,10,1,0,23,1.0,0.0,0.0,1.0
14288,14288,100,5,20,1,0,23,2.0,0.0,0.0,2.0
14289,14289,100,5,30,1,0,23,5.0,0.0,0.0,5.0
14290,14290,100,5,40,1,0,23,8.0,2.0,2.0,6.0
14291,14291,100,5,50,1,0,23,16.0,1.0,1.0,15.0
14292,14292,100,6,0,1,0,23,11.0,5.0,5.0,6.0
14293,14293,100,6,10,1,0,23,34.0,18.0,18.0,16.0
14294,14294,100,6,20,1,0,23,43.0,26.0,26.0,17.0
14295,14295,100,6,30,1,0,23,62.0,29.0,29.0,33.0
14296,14296,100,6,40,1,0,23,107.0,61.0,61.0,46.0
14297,14297,100,6,50,1,0,23,135.0,90.0,90.0,45.0
14298,14298,100,7,0,1,0,23,231.0,172.0,172.0,59.0
14299,14299,100,7,10,1,0,23,289.0,224.0,224.0,65.0
14300,14300,100,7,20,1,0,23,230.0,158.0,158.0,72.0
14301,14301,100,7,30,1,0,23,346.0,282.0,282.0,64.0
14302,14302,100,7,40,1,0,23,374.0,301.0,301.0,73.0
14303,14303,100,7,50,1,0,23,339.0,249.0,249.0,90.0
14304,14304,100,8,0,1,0,23,383.0,276.0,276.0,107.0
14305,14305,100,8,10,1,0,23,382.0,275.0,275.0,107.0
14306,14306,100,8,20,1,0,23,369.0,279.0,279.0,90.0
14307,14307,100,8,30,1,0,23,337.0,245.0,245.0,92.0
14308,14308,100,8,40,1,0,23,471.0,363.0,363.0,108.0
14309,14309,100,8,50,1,0,23,372.0,282.0,282.0,90.0
14310,14310,100,9,0,1,0,23,238.0,163.0,163.0,75.0
14311,14311,100,9,10,1,0,23,291.0,205.0,205.0,86.0
14312,14312,100,9,20,1,0,23,204.0,148.0,148.0,56.0
14313,14313,100,9,30,1,0,23,181.0,138.0,138.0,43.0
14314,14314,100,9,40,1,0,23,145.0,106.0,106.0,39.0
14315,14315,100,9,50,1,0,23,135.0,92.0,92.0,43.0
14316,14316,100,10,0,1,0,23,108.0,71.0,71.0,37.0
14317,14317,100,10,10,1,0,23,115.0,88.0,88.0,27.0
14318,14318,100,10,20,1,0,23,133.0,72.0,72.0,61.0
14319,14319,100,10,30,1,0,23,101.0,68.0,68.0,33.0
14320,14320,100,10,40,1,0,23,119.0,73.0,73.0,46.0
14321,14321,100,10,50,1,0,23,90.0,44.0,44.0,46.0
14322,14322,100,11,0,1,0,23,108.0,56.0,56.0,52.0
14323,14323,100,11,10,1,0,23,96.0,51.0,51.0,45.0
14324,14324,100,11,20,1,0,23,99.0,42.0,42.0,57.0
14325,14325,100,11,30,1,0,23,85.0,44.0,44.0,41.0
14326,14326,100,11,40,1,0,23,91.0,43.0,43.0,48.0
14327,14327,100,11,50,1,0,23,86.0,38.0,38.0,48.0
14328,14328,100,12,0,1,0,23,95.0,50.0,50.0,45.0
14329,14329,100,12,10,1,0,23,77.0,33.0,33.0,44.0
14330,14330,100,12,20,1,0,23,120.0,64.0,64.0,56.0
14331,14331,100,12,30,1,0,23,94.0,46.0,46.0,48.0
14332,14332,100,12,40,1,0,23,123.0,78.0,78.0,45.0
14333,14333,100,12,50,1,0,23,76.0,39.0,39.0,37.0
14334,14334,100,13,0,1,0,23,84.0,41.0,41.0,43.0
14335,14335,100,13,10,1,0,23,101.0,60.0,60.0,41.0
14336,14336,100,13,20,1,0,23,117.0,67.0,67.0,50.0
14337,14337,100,13,30,1,0,23,91.0,51.0,51.0,40.0
14338,14338,100,13,40,1,0,23,131.0,82.0,82.0,49.0
14339,14339,100,13,50,1,0,23,101.0,47.0,47.0,54.0
14340,14340,100,14,0,1,0,23,112.0,50.0,50.0,62.0
14341,14341,100,14,10,1,0,23,120.0,70.0,70.0,50.0
14342,14342,100,14,20,1,0,23,109.0,54.0,54.0,55.0
14343,14343,100,14,30,1,0,23,117.0,50.0,50.0,67.0
14344,14344,100,14,40,1,0,23,103.0,45.0,45.0,58.0
14345,14345,100,14,50,1,0,23,125.0,71.0,71.0,54.0
14346,14346,100,15,0,1,0,23,117.0,42.0,42.0,75.0
14347,14347,100,15,10,1,0,23,150.0,67.0,67.0,83.0
14348,14348,100,15,20,1,0,23,110.0,48.0,48.0,62.0
14349,14349,100,15,30,1,0,23,170.0,66.0,66.0,104.0
14350,14350,100,15,40,1,0,23,133.0,52.0,52.0,81.0
14351,14351,100,15,50,1,0,23,181.0,79.0,79.0,102.0
14352,14352,100,16,0,1,0,23,179.0,54.0,54.0,125.0
14353,14353,100,16,10,1,0,23,158.0,58.0,58.0,100.0
14354,14354,100,16,20,1,0,23,172.0,36.0,36.0,136.0
14355,14355,100,16,30,1,0,23,262.0,61.0,61.0,201.0
14356,14356,100,16,40,1,0,23,379.0,86.0,86.0,293.0
14357,14357,100,16,50,1,0,23,260.0,71.0,71.0,189.0
14358,14358,100,17,0,1,0,23,280.0,64.0,64.0,216.0
14359,14359,100,17,10,1,0,23,449.0,70.0,70.0,379.0
14360,14360,100,17,20,1,0,23,364.0,80.0,80.0,284.0
14361,14361,100,17,30,1,0,23,361.0,79.0,79.0,282.0
14362,14362,100,17,40,1,0,23,362.0,111.0,111.0,251.0
14363,14363,100,17,50,1,0,23,262.0,90.0,90.0,172.0
14364,14364,100,18,0,1,0,23,270.0,89.0,89.0,181.0
14365,14365,100,18,10,1,0,23,360.0,134.0,134.0,226.0
14366,14366,100,18,20,1,0,23,265.0,80.0,80.0,185.0
14367,14367,100,18,30,1,0,23,234.0,104.0,104.0,130.0
14368,14368,100,18,40,1,0,23,193.0,98.0,98.0,95.0
14369,14369,100,18,50,1,0,23,192.0,92.0,92.0,100.0
14370,14370,100,19,0,1,0,23,186.0,84.0,84.0,102.0
14371,14371,100,19,10,1,0,23,143.0,69.0,69.0,74.0
14372,14372,100,19,20,1,0,23,144.0,81.0,81.0,63.0
14373,14373,100,19,30,1,0,23,120.0,54.0,54.0,66.0
14374,14374,100,19,40,1,0,23,95.0,31.0,31.0,64.0
14375,14375,100,19,50,1,0,23,117.0,57.0,57.0,60.0
14376,14376,100,20,0,1,0,23,87.0,23.0,23.0,64.0
14377,14377,100,20,10,1,0,23,109.0,42.0,42.0,67.0
14378,14378,100,20,20,1,0,23,83.0,33.0,33.0,50.0
14379,14379,100,20,30,1,0,23,88.0,39.0,39.0,49.0
14380,14380,100,20,40,1,0,23,141.0,45.0,45.0,96.0
14381,14381,100,20,50,1,0,23,93.0,32.0,32.0,61.0
14382,14382,100,21,0,1,0,23,85.0,35.0,35.0,50.0
14383,14383,100,21,10,1,0,23,99.0,31.0,31.0,68.0
14384,14384,100,21,20,1,0,23,87.0,40.0,40.0,47.0
14385,14385,100,21,30,1,0,23,111.0,56.0,56.0,55.0
14386,14386,100,21,40,1,0,23,80.0,34.0,34.0,46.0
14387,14387,100,21,50,1,0,23,58.0,31.0,31.0,27.0
14388,14388,100,22,0,1,0,23,68.0,31.0,31.0,37.0
14389,14389,100,22,10,1,0,23,66.0,27.0,27.0,39.0
14390,14390,100,22,20,1,0,23,61.0,24.0,24.0,37.0
14391,14391,100,22,30,1,0,23,51.0,26.0,26.0,25.0
14392,14392,100,22,40,1,0,23,42.0,18.0,18.0,24.0
14393,14393,100,22,50,1,0,23,26.0,19.0,19.0,7.0
14430,14430,101,5,0,1,0,23,0.0,0.0,0.0,0.0
14431,14431,101,5,10,1,0,23,0.0,0.0,0.0,0.0
14432,14432,101,5,20,1,0,23,15.0,1.0,1.0,14.0
14433,14433,101,5,30,1,0,23,25.0,0.0,0.0,25.0
14434,14434,101,5,40,1,0,23,32.0,0.0,0.0,32.0
14435,14435,101,5,50,1,0,23,43.0,0.0,0.0,43.0
14436,14436,101,6,0,1,0,23,74.0,5.0,5.0,69.0
14437,14437,101,6,10,1,0,23,97.0,3.0,3.0,94.0
14438,14438,101,6,20,1,0,23,138.0,8.0,8.0,130.0
14439,14439,101,6,30,1,0,23,162.0,21.0,21.0,141.0
14440,14440,101,6,40,1,0,23,194.0,24.0,24.0,170.0
14441,14441,101,6,50,1,0,23,221.0,26.0,26.0,195.0
14442,14442,101,7,0,1,0,23,291.0,45.0,45.0,246.0
14443,14443,101,7,10,1,0,23,356.0,41.0,41.0,315.0
14444,14444,101,7,20,1,0,23,476.0,102.0,102.0,374.0
14445,14445,101,7,30,1,0,23,544.0,90.0,90.0,454.0
14446,14446,101,7,40,1,0,23,696.0,180.0,180.0,516.0
14447,14447,101,7,50,1,0,23,686.0,126.0,126.0,560.0
14448,14448,101,8,0,1,0,23,567.0,95.0,95.0,472.0
14449,14449,101,8,10,1,0,23,701.0,177.0,177.0,524.0
14450,14450,101,8,20,1,0,23,531.0,125.0,125.0,406.0
14451,14451,101,8,30,1,0,23,529.0,205.0,205.0,324.0
14452,14452,101,8,40,1,0,23,516.0,226.0,226.0,290.0
14453,14453,101,8,50,1,0,23,380.0,166.0,166.0,214.0
14454,14454,101,9,0,1,0,23,265.0,105.0,105.0,160.0
14455,14455,101,9,10,1,0,23,268.0,115.0,115.0,153.0
14456,14456,101,9,20,1,0,23,155.0,48.0,48.0,107.0
14457,14457,101,9,30,1,0,23,145.0,58.0,58.0,87.0
14458,14458,101,9,40,1,0,23,108.0,36.0,36.0,72.0
14459,14459,101,9,50,1,0,23,104.0,45.0,45.0,59.0
14460,14460,101,10,0,1,0,23,92.0,35.0,35.0,57.0
14461,14461,101,10,10,1,0,23,102.0,50.0,50.0,52.0
14462,14462,101,10,20,1,0,23,75.0,24.0,24.0,51.0
14463,14463,101,10,30,1,0,23,91.0,27.0,27.0,64.0
14464,14464,101,10,40,1,0,23,75.0,25.0,25.0,50.0
14465,14465,101,10,50,1,0,23,60.0,20.0,20.0,40.0
14466,14466,101,11,0,1,0,23,63.0,26.0,26.0,37.0
14467,14467,101,11,10,1,0,23,74.0,25.0,25.0,49.0
14468,14468,101,11,20,1,0,23,64.0,36.0,36.0,28.0
14469,14469,101,11,30,1,0,23,75.0,39.0,39.0,36.0
14470,14470,101,11,40,1,0,23,70.0,27.0,27.0,43.0
14471,14471,101,11,50,1,0,23,86.0,31.0,31.0,55.0
14472,14472,101,12,0,1,0,23,69.0,6.0,6.0,63.0
14473,14473,101,12,10,1,0,23,91.0,43.0,43.0,48.0
14474,14474,101,12,20,1,0,23,80.0,31.0,31.0,49.0
14475,14475,101,12,30,1,0,23,72.0,41.0,41.0,31.0
14476,14476,101,12,40,1,0,23,66.0,23.0,23.0,43.0
14477,14477,101,12,50,1,0,23,59.0,18.0,18.0,41.0
14478,14478,101,13,0,1,0,23,98.0,46.0,46.0,52.0
14479,14479,101,13,10,1,0,23,84.0,39.0,39.0,45.0
14480,14480,101,13,20,1,0,23,52.0,22.0,22.0,30.0
14481,14481,101,13,30,1,0,23,100.0,49.0,49.0,51.0
14482,14482,101,13,40,1,0,23,74.0,42.0,42.0,32.0
14483,14483,101,13,50,1,0,23,69.0,30.0,30.0,39.0
14484,14484,101,14,0,1,0,23,48.0,14.0,14.0,34.0
14485,14485,101,14,10,1,0,23,97.0,34.0,34.0,63.0
14486,14486,101,14,20,1,0,23,86.0,37.0,37.0,49.0
14487,14487,101,14,30,1,0,23,75.0,48.0,48.0,27.0
14488,14488,101,14,40,1,0,23,80.0,34.0,34.0,46.0
14489,14489,101,14,50,1,0,23,53.0,28.0,28.0,25.0
14490,14490,101,15,0,1,0,23,100.0,65.0,65.0,35.0
14491,14491,101,15,10,1,0,23,72.0,42.0,42.0,30.0
14492,14492,101,15,20,1,0,23,131.0,57.0,57.0,74.0
14493,14493,101,15,30,1,0,23,127.0,56.0,56.0,71.0
14494,14494,101,15,40,1,0,23,141.0,45.0,45.0,96.0
14495,14495,101,15,50,1,0,23,117.0,71.0,71.0,46.0
14496,14496,101,16,0,1,0,23,94.0,24.0,24.0,70.0
14497,14497,101,16,10,1,0,23,151.0,68.0,68.0,83.0
14498,14498,101,16,20,1,0,23,130.0,82.0,82.0,48.0
14499,14499,101,16,30,1,0,23,135.0,62.0,62.0,73.0
14500,14500,101,16,40,1,0,23,156.0,54.0,54.0,102.0
14501,14501,101,16,50,1,0,23,147.0,82.0,82.0,65.0
14502,14502,101,17,0,1,0,23,119.0,43.0,43.0,76.0
14503,14503,101,17,10,1,0,23,236.0,139.0,139.0,97.0
14504,14504,101,17,20,1,0,23,157.0,94.0,94.0,63.0
14505,14505,101,17,30,1,0,23,235.0,142.0,142.0,93.0
14506,14506,101,17,40,1,0,23,267.0,116.0,116.0,151.0
14507,14507,101,17,50,1,0,23,342.0,215.0,215.0,127.0
14508,14508,101,18,0,1,0,23,331.0,206.0,206.0,125.0
14509,14509,101,18,10,1,0,23,300.0,162.0,162.0,138.0
14510,14510,101,18,20,1,0,23,368.0,255.0,255.0,113.0
14511,14511,101,18,30,1,0,23,315.0,223.0,223.0,92.0
14512,14512,101,18,40,1,0,23,327.0,249.0,249.0,78.0
14513,14513,101,18,50,1,0,23,305.0,243.0,243.0,62.0
14514,14514,101,19,0,1,0,23,271.0,207.0,207.0,64.0
14515,14515,101,19,10,1,0,23,233.0,165.0,165.0,68.0
14516,14516,101,19,20,1,0,23,215.0,149.0,149.0,66.0
14517,14517,101,19,30,1,0,23,191.0,141.0,141.0,50.0
14518,14518,101,19,40,1,0,23,101.0,65.0,65.0,36.0
14519,14519,101,19,50,1,0,23,136.0,102.0,102.0,34.0
14520,14520,101,20,0,1,0,23,127.0,107.0,107.0,20.0
14521,14521,101,20,10,1,0,23,73.0,38.0,38.0,35.0
14522,14522,101,20,20,1,0,23,113.0,85.0,85.0,28.0
14523,14523,101,20,30,1,0,23,78.0,58.0,58.0,20.0
14524,14524,101,20,40,1,0,23,86.0,69.0,69.0,17.0
14525,14525,101,20,50,1,0,23,80.0,63.0,63.0,17.0
14526,14526,101,21,0,1,0,23,78.0,62.0,62.0,16.0
14527,14527,101,21,10,1,0,23,100.0,67.0,67.0,33.0
14528,14528,101,21,20,1,0,23,84.0,66.0,66.0,18.0
14529,14529,101,21,30,1,0,23,72.0,56.0,56.0,16.0
14530,14530,101,21,40,1,0,23,66.0,47.0,47.0,19.0
14531,14531,101,21,50,1,0,23,68.0,59.0,59.0,9.0
14532,14532,101,22,0,1,0,23,54.0,40.0,40.0,14.0
14533,14533,101,22,10,1,0,23,64.0,50.0,50.0,14.0
14534,14534,101,22,20,1,0,23,84.0,67.0,67.0,17.0
14535,14535,101,22,30,1,0,23,73.0,68.0,68.0,5.0
14536,14536,101,22,40,1,0,23,65.0,65.0,65.0,0.0
14537,14537,101,22,50,1,0,23,47.0,46.0,46.0,1.0
14574,14574,102,5,0,1,0,23,3.0,0.0,0.0,3.0
14575,14575,102,5,10,1,0,23,10.0,2.0,2.0,8.0
14576,14576,102,5,20,1,0,23,14.0,4.0,4.0,10.0
14577,14577,102,5,30,1,0,23,8.0,1.0,1.0,7.0
14578,14578,102,5,40,1,0,23,17.0,1.0,1.0,16.0
14579,14579,102,5,50,1,0,23,27.0,14.0,14.0,13.0
14580,14580,102,6,0,1,0,23,50.0,33.0,33.0,17.0
14581,14581,102,6,10,1,0,23,83.0,59.0,59.0,24.0
14582,14582,102,6,20,1,0,23,69.0,35.0,35.0,34.0
14583,14583,102,6,30,1,0,23,143.0,105.0,105.0,38.0
14584,14584,102,6,40,1,0,23,169.0,107.0,107.0,62.0
14585,14585,102,6,50,1,0,23,192.0,140.0,140.0,52.0
14586,14586,102,7,0,1,0,23,212.0,136.0,136.0,76.0
14587,14587,102,7,10,1,0,23,298.0,207.0,207.0,91.0
14588,14588,102,7,20,1,0,23,391.0,313.0,313.0,78.0
14589,14589,102,7,30,1,0,23,484.0,377.0,377.0,107.0
14590,14590,102,7,40,1,0,23,540.0,430.0,430.0,110.0
14591,14591,102,7,50,1,0,23,687.0,557.0,557.0,130.0
14592,14592,102,8,0,1,0,23,905.0,738.0,738.0,167.0
14593,14593,102,8,10,1,0,23,1237.0,1081.0,1081.0,156.0
14594,14594,102,8,20,1,0,23,1439.0,1274.0,1274.0,165.0
14595,14595,102,8,30,1,0,23,1484.0,1307.0,1307.0,177.0
14596,14596,102,8,40,1,0,23,1831.0,1668.0,1668.0,163.0
14597,14597,102,8,50,1,0,23,2055.0,1904.0,1904.0,151.0
14598,14598,102,9,0,1,0,23,1345.0,1198.0,1198.0,147.0
14599,14599,102,9,10,1,0,23,1823.0,1629.0,1629.0,194.0
14600,14600,102,9,20,1,0,23,1311.0,1165.0,1165.0,146.0
14601,14601,102,9,30,1,0,23,1120.0,975.0,975.0,145.0
14602,14602,102,9,40,1,0,23,965.0,825.0,825.0,140.0
14603,14603,102,9,50,1,0,23,790.0,671.0,671.0,119.0
14604,14604,102,10,0,1,0,23,611.0,516.0,516.0,95.0
14605,14605,102,10,10,1,0,23,600.0,462.0,462.0,138.0
14606,14606,102,10,20,1,0,23,389.0,272.0,272.0,117.0
14607,14607,102,10,30,1,0,23,534.0,400.0,400.0,134.0
14608,14608,102,10,40,1,0,23,371.0,232.0,232.0,139.0
14609,14609,102,10,50,1,0,23,455.0,307.0,307.0,148.0
14610,14610,102,11,0,1,0,23,382.0,241.0,241.0,141.0
14611,14611,102,11,10,1,0,23,350.0,208.0,208.0,142.0
14612,14612,102,11,20,1,0,23,341.0,214.0,214.0,127.0
14613,14613,102,11,30,1,0,23,366.0,205.0,205.0,161.0
14614,14614,102,11,40,1,0,23,410.0,270.0,270.0,140.0
14615,14615,102,11,50,1,0,23,351.0,194.0,194.0,157.0
14616,14616,102,12,0,1,0,23,409.0,211.0,211.0,198.0
14617,14617,102,12,10,1,0,23,367.0,219.0,219.0,148.0
14618,14618,102,12,20,1,0,23,318.0,153.0,153.0,165.0
14619,14619,102,12,30,1,0,23,448.0,283.0,283.0,165.0
14620,14620,102,12,40,1,0,23,444.0,266.0,266.0,178.0
14621,14621,102,12,50,1,0,23,407.0,234.0,234.0,173.0
14622,14622,102,13,0,1,0,23,421.0,251.0,251.0,170.0
14623,14623,102,13,10,1,0,23,393.0,238.0,238.0,155.0
14624,14624,102,13,20,1,0,23,399.0,252.0,252.0,147.0
14625,14625,102,13,30,1,0,23,491.0,279.0,279.0,212.0
14626,14626,102,13,40,1,0,23,495.0,288.0,288.0,207.0
14627,14627,102,13,50,1,0,23,442.0,226.0,226.0,216.0
14628,14628,102,14,0,1,0,23,555.0,299.0,299.0,256.0
14629,14629,102,14,10,1,0,23,448.0,184.0,184.0,264.0
14630,14630,102,14,20,1,0,23,370.0,179.0,179.0,191.0
14631,14631,102,14,30,1,0,23,444.0,239.0,239.0,205.0
14632,14632,102,14,40,1,0,23,340.0,141.0,141.0,199.0
14633,14633,102,14,50,1,0,23,436.0,196.0,196.0,240.0
14634,14634,102,15,0,1,0,23,415.0,180.0,180.0,235.0
14635,14635,102,15,10,1,0,23,423.0,178.0,178.0,245.0
14636,14636,102,15,20,1,0,23,396.0,169.0,169.0,227.0
14637,14637,102,15,30,1,0,23,403.0,164.0,164.0,239.0
14638,14638,102,15,40,1,0,23,413.0,154.0,154.0,259.0
14639,14639,102,15,50,1,0,23,466.0,182.0,182.0,284.0
14640,14640,102,16,0,1,0,23,457.0,157.0,157.0,300.0
14641,14641,102,16,10,1,0,23,485.0,183.0,183.0,302.0
14642,14642,102,16,20,1,0,23,472.0,152.0,152.0,320.0
14643,14643,102,16,30,1,0,23,537.0,168.0,168.0,369.0
14644,14644,102,16,40,1,0,23,557.0,166.0,166.0,391.0
14645,14645,102,16,50,1,0,23,581.0,200.0,200.0,381.0
14646,14646,102,17,0,1,0,23,815.0,201.0,201.0,614.0
14647,14647,102,17,10,1,0,23,988.0,215.0,215.0,773.0
14648,14648,102,17,20,1,0,23,858.0,222.0,222.0,636.0
14649,14649,102,17,30,1,0,23,1186.0,298.0,298.0,888.0
14650,14650,102,17,40,1,0,23,1461.0,275.0,275.0,1186.0
14651,14651,102,17,50,1,0,23,1178.0,267.0,267.0,911.0
14652,14652,102,18,0,1,0,23,1558.0,329.0,329.0,1229.0
14653,14653,102,18,10,1,0,23,1817.0,329.0,329.0,1488.0
14654,14654,102,18,20,1,0,23,1394.0,273.0,273.0,1121.0
14655,14655,102,18,30,1,0,23,1258.0,316.0,316.0,942.0
14656,14656,102,18,40,1,0,23,1157.0,262.0,262.0,895.0
14657,14657,102,18,50,1,0,23,877.0,238.0,238.0,639.0
14658,14658,102,19,0,1,0,23,775.0,187.0,187.0,588.0
14659,14659,102,19,10,1,0,23,686.0,186.0,186.0,500.0
14660,14660,102,19,20,1,0,23,556.0,147.0,147.0,409.0
14661,14661,102,19,30,1,0,23,483.0,112.0,112.0,371.0
14662,14662,102,19,40,1,0,23,483.0,89.0,89.0,394.0
14663,14663,102,19,50,1,0,23,423.0,88.0,88.0,335.0
14664,14664,102,20,0,1,0,23,444.0,84.0,84.0,360.0
14665,14665,102,20,10,1,0,23,415.0,63.0,63.0,352.0
14666,14666,102,20,20,1,0,23,382.0,59.0,59.0,323.0
14667,14667,102,20,30,1,0,23,401.0,73.0,73.0,328.0
14668,14668,102,20,40,1,0,23,351.0,51.0,51.0,300.0
14669,14669,102,20,50,1,0,23,310.0,53.0,53.0,257.0
14670,14670,102,21,0,1,0,23,378.0,59.0,59.0,319.0
14671,14671,102,21,10,1,0,23,457.0,57.0,57.0,400.0
14672,14672,102,21,20,1,0,23,374.0,55.0,55.0,319.0
14673,14673,102,21,30,1,0,23,385.0,48.0,48.0,337.0
14674,14674,102,21,40,1,0,23,386.0,52.0,52.0,334.0
14675,14675,102,21,50,1,0,23,336.0,75.0,75.0,261.0
14676,14676,102,22,0,1,0,23,502.0,39.0,39.0,463.0
14677,14677,102,22,10,1,0,23,322.0,49.0,49.0,273.0
14678,14678,102,22,20,1,0,23,211.0,50.0,50.0,161.0
14679,14679,102,22,30,1,0,23,178.0,39.0,39.0,139.0
14680,14680,102,22,40,1,0,23,134.0,45.0,45.0,89.0
14681,14681,102,22,50,1,0,23,82.0,33.0,33.0,49.0
14718,14718,103,5,0,1,0,23,0.0,0.0,0.0,0.0
14719,14719,103,5,10,1,0,23,3.0,0.0,0.0,3.0
14720,14720,103,5,20,1,0,23,16.0,0.0,0.0,16.0
14721,14721,103,5,30,1,0,23,30.0,1.0,1.0,29.0
14722,14722,103,5,40,1,0,23,38.0,1.0,1.0,37.0
14723,14723,103,5,50,1,0,23,79.0,16.0,16.0,63.0
14724,14724,103,6,0,1,0,23,92.0,11.0,11.0,81.0
14725,14725,103,6,10,1,0,23,120.0,15.0,15.0,105.0
14726,14726,103,6,20,1,0,23,175.0,37.0,37.0,138.0
14727,14727,103,6,30,1,0,23,246.0,38.0,38.0,208.0
14728,14728,103,6,40,1,0,23,368.0,91.0,91.0,277.0
14729,14729,103,6,50,1,0,23,483.0,89.0,89.0,394.0
14730,14730,103,7,0,1,0,23,529.0,121.0,121.0,408.0
14731,14731,103,7,10,1,0,23,696.0,152.0,152.0,544.0
14732,14732,103,7,20,1,0,23,830.0,205.0,205.0,625.0
14733,14733,103,7,30,1,0,23,1034.0,293.0,293.0,741.0
14734,14734,103,7,40,1,0,23,1063.0,219.0,219.0,844.0
14735,14735,103,7,50,1,0,23,1277.0,284.0,284.0,993.0
14736,14736,103,8,0,1,0,23,1144.0,171.0,171.0,973.0
14737,14737,103,8,10,1,0,23,1097.0,285.0,285.0,812.0
14738,14738,103,8,20,1,0,23,1092.0,295.0,295.0,797.0
14739,14739,103,8,30,1,0,23,906.0,273.0,273.0,633.0
14740,14740,103,8,40,1,0,23,888.0,246.0,246.0,642.0
14741,14741,103,8,50,1,0,23,803.0,221.0,221.0,582.0
14742,14742,103,9,0,1,0,23,599.0,145.0,145.0,454.0
14743,14743,103,9,10,1,0,23,556.0,167.0,167.0,389.0
14744,14744,103,9,20,1,0,23,506.0,161.0,161.0,345.0
14745,14745,103,9,30,1,0,23,398.0,140.0,140.0,258.0
14746,14746,103,9,40,1,0,23,371.0,147.0,147.0,224.0
14747,14747,103,9,50,1,0,23,286.0,98.0,98.0,188.0
14748,14748,103,10,0,1,0,23,270.0,97.0,97.0,173.0
14749,14749,103,10,10,1,0,23,236.0,108.0,108.0,128.0
14750,14750,103,10,20,1,0,23,237.0,97.0,97.0,140.0
14751,14751,103,10,30,1,0,23,209.0,108.0,108.0,101.0
14752,14752,103,10,40,1,0,23,228.0,110.0,110.0,118.0
14753,14753,103,10,50,1,0,23,138.0,46.0,46.0,92.0
14754,14754,103,11,0,1,0,23,240.0,143.0,143.0,97.0
14755,14755,103,11,10,1,0,23,240.0,122.0,122.0,118.0
14756,14756,103,11,20,1,0,23,241.0,120.0,120.0,121.0
14757,14757,103,11,30,1,0,23,213.0,124.0,124.0,89.0
14758,14758,103,11,40,1,0,23,214.0,88.0,88.0,126.0
14759,14759,103,11,50,1,0,23,220.0,90.0,90.0,130.0
14760,14760,103,12,0,1,0,23,172.0,83.0,83.0,89.0
14761,14761,103,12,10,1,0,23,216.0,85.0,85.0,131.0
14762,14762,103,12,20,1,0,23,251.0,139.0,139.0,112.0
14763,14763,103,12,30,1,0,23,225.0,102.0,102.0,123.0
14764,14764,103,12,40,1,0,23,234.0,103.0,103.0,131.0
14765,14765,103,12,50,1,0,23,259.0,136.0,136.0,123.0
14766,14766,103,13,0,1,0,23,242.0,121.0,121.0,121.0
14767,14767,103,13,10,1,0,23,194.0,108.0,108.0,86.0
14768,14768,103,13,20,1,0,23,293.0,146.0,146.0,147.0
14769,14769,103,13,30,1,0,23,213.0,102.0,102.0,111.0
14770,14770,103,13,40,1,0,23,249.0,149.0,149.0,100.0
14771,14771,103,13,50,1,0,23,183.0,94.0,94.0,89.0
14772,14772,103,14,0,1,0,23,242.0,145.0,145.0,97.0
14773,14773,103,14,10,1,0,23,246.0,134.0,134.0,112.0
14774,14774,103,14,20,1,0,23,233.0,133.0,133.0,100.0
14775,14775,103,14,30,1,0,23,200.0,104.0,104.0,96.0
14776,14776,103,14,40,1,0,23,232.0,146.0,146.0,86.0
14777,14777,103,14,50,1,0,23,227.0,129.0,129.0,98.0
14778,14778,103,15,0,1,0,23,196.0,110.0,110.0,86.0
14779,14779,103,15,10,1,0,23,301.0,204.0,204.0,97.0
14780,14780,103,15,20,1,0,23,200.0,115.0,115.0,85.0
14781,14781,103,15,30,1,0,23,346.0,228.0,228.0,118.0
14782,14782,103,15,40,1,0,23,231.0,116.0,116.0,115.0
14783,14783,103,15,50,1,0,23,333.0,242.0,242.0,91.0
14784,14784,103,16,0,1,0,23,304.0,146.0,146.0,158.0
14785,14785,103,16,10,1,0,23,382.0,244.0,244.0,138.0
14786,14786,103,16,20,1,0,23,349.0,205.0,205.0,144.0
14787,14787,103,16,30,1,0,23,469.0,311.0,311.0,158.0
14788,14788,103,16,40,1,0,23,447.0,274.0,274.0,173.0
14789,14789,103,16,50,1,0,23,464.0,296.0,296.0,168.0
14790,14790,103,17,0,1,0,23,551.0,375.0,375.0,176.0
14791,14791,103,17,10,1,0,23,650.0,390.0,390.0,260.0
14792,14792,103,17,20,1,0,23,547.0,358.0,358.0,189.0
14793,14793,103,17,30,1,0,23,857.0,560.0,560.0,297.0
14794,14794,103,17,40,1,0,23,837.0,563.0,563.0,274.0
14795,14795,103,17,50,1,0,23,796.0,609.0,609.0,187.0
14796,14796,103,18,0,1,0,23,789.0,575.0,575.0,214.0
14797,14797,103,18,10,1,0,23,855.0,648.0,648.0,207.0
14798,14798,103,18,20,1,0,23,868.0,653.0,653.0,215.0
14799,14799,103,18,30,1,0,23,765.0,594.0,594.0,171.0
14800,14800,103,18,40,1,0,23,863.0,709.0,709.0,154.0
14801,14801,103,18,50,1,0,23,621.0,490.0,490.0,131.0
14802,14802,103,19,0,1,0,23,668.0,540.0,540.0,128.0
14803,14803,103,19,10,1,0,23,539.0,436.0,436.0,103.0
14804,14804,103,19,20,1,0,23,555.0,442.0,442.0,113.0
14805,14805,103,19,30,1,0,23,426.0,349.0,349.0,77.0
14806,14806,103,19,40,1,0,23,377.0,325.0,325.0,52.0
14807,14807,103,19,50,1,0,23,330.0,275.0,275.0,55.0
14808,14808,103,20,0,1,0,23,220.0,155.0,155.0,65.0
14809,14809,103,20,10,1,0,23,291.0,242.0,242.0,49.0
14810,14810,103,20,20,1,0,23,236.0,164.0,164.0,72.0
14811,14811,103,20,30,1,0,23,276.0,226.0,226.0,50.0
14812,14812,103,20,40,1,0,23,288.0,231.0,231.0,57.0
14813,14813,103,20,50,1,0,23,226.0,177.0,177.0,49.0
14814,14814,103,21,0,1,0,23,211.0,159.0,159.0,52.0
14815,14815,103,21,10,1,0,23,227.0,167.0,167.0,60.0
14816,14816,103,21,20,1,0,23,249.0,213.0,213.0,36.0
14817,14817,103,21,30,1,0,23,242.0,193.0,193.0,49.0
14818,14818,103,21,40,1,0,23,230.0,185.0,185.0,45.0
14819,14819,103,21,50,1,0,23,220.0,189.0,189.0,31.0
14820,14820,103,22,0,1,0,23,171.0,133.0,133.0,38.0
14821,14821,103,22,10,1,0,23,184.0,159.0,159.0,25.0
14822,14822,103,22,20,1,0,23,185.0,170.0,170.0,15.0
14823,14823,103,22,30,1,0,23,140.0,135.0,135.0,5.0
14824,14824,103,22,40,1,0,23,99.0,96.0,96.0,3.0
14825,14825,103,22,50,1,0,23,69.0,63.0,63.0,6.0
14862,14862,104,5,0,1,0,23,1.0,1.0,1.0,0.0
14863,14863,104,5,10,1,0,23,3.0,0.0,0.0,3.0
14864,14864,104,5,20,1,0,23,36.0,0.0,0.0,36.0
14865,14865,104,5,30,1,0,23,74.0,0.0,0.0,74.0
14866,14866,104,5,40,1,0,23,111.0,1.0,1.0,110.0
14867,14867,104,5,50,1,0,23,179.0,11.0,11.0,168.0
14868,14868,104,6,0,1,0,23,282.0,32.0,32.0,250.0
14869,14869,104,6,10,1,0,23,329.0,27.0,27.0,302.0
14870,14870,104,6,20,1,0,23,519.0,59.0,59.0,460.0
14871,14871,104,6,30,1,0,23,573.0,77.0,77.0,496.0
14872,14872,104,6,40,1,0,23,885.0,205.0,205.0,680.0
14873,14873,104,6,50,1,0,23,1073.0,288.0,288.0,785.0
14874,14874,104,7,0,1,0,23,1198.0,226.0,226.0,972.0
14875,14875,104,7,10,1,0,23,1536.0,362.0,362.0,1174.0
14876,14876,104,7,20,1,0,23,1773.0,356.0,356.0,1417.0
14877,14877,104,7,30,1,0,23,2123.0,486.0,486.0,1637.0
14878,14878,104,7,40,1,0,23,2277.0,383.0,383.0,1894.0
14879,14879,104,7,50,1,0,23,2544.0,525.0,525.0,2019.0
14880,14880,104,8,0,1,0,23,2449.0,425.0,425.0,2024.0
14881,14881,104,8,10,1,0,23,2423.0,619.0,619.0,1804.0
14882,14882,104,8,20,1,0,23,2037.0,377.0,377.0,1660.0
14883,14883,104,8,30,1,0,23,2343.0,581.0,581.0,1762.0
14884,14884,104,8,40,1,0,23,1733.0,420.0,420.0,1313.0
14885,14885,104,8,50,1,0,23,1612.0,565.0,565.0,1047.0
14886,14886,104,9,0,1,0,23,1664.0,428.0,428.0,1236.0
14887,14887,104,9,10,1,0,23,1187.0,306.0,306.0,881.0
14888,14888,104,9,20,1,0,23,1069.0,317.0,317.0,752.0
14889,14889,104,9,30,1,0,23,1010.0,371.0,371.0,639.0
14890,14890,104,9,40,1,0,23,782.0,312.0,312.0,470.0
14891,14891,104,9,50,1,0,23,716.0,167.0,167.0,549.0
14892,14892,104,10,0,1,0,23,796.0,348.0,348.0,448.0
14893,14893,104,10,10,1,0,23,662.0,249.0,249.0,413.0
14894,14894,104,10,20,1,0,23,651.0,263.0,263.0,388.0
14895,14895,104,10,30,1,0,23,468.0,139.0,139.0,329.0
14896,14896,104,10,40,1,0,23,645.0,322.0,322.0,323.0
14897,14897,104,10,50,1,0,23,526.0,204.0,204.0,322.0
14898,14898,104,11,0,1,0,23,693.0,319.0,319.0,374.0
14899,14899,104,11,10,1,0,23,510.0,232.0,232.0,278.0
14900,14900,104,11,20,1,0,23,473.0,206.0,206.0,267.0
14901,14901,104,11,30,1,0,23,574.0,276.0,276.0,298.0
14902,14902,104,11,40,1,0,23,571.0,252.0,252.0,319.0
14903,14903,104,11,50,1,0,23,459.0,166.0,166.0,293.0
14904,14904,104,12,0,1,0,23,543.0,215.0,215.0,328.0
14905,14905,104,12,10,1,0,23,558.0,230.0,230.0,328.0
14906,14906,104,12,20,1,0,23,643.0,295.0,295.0,348.0
14907,14907,104,12,30,1,0,23,637.0,282.0,282.0,355.0
14908,14908,104,12,40,1,0,23,645.0,254.0,254.0,391.0
14909,14909,104,12,50,1,0,23,544.0,207.0,207.0,337.0
14910,14910,104,13,0,1,0,23,627.0,275.0,275.0,352.0
14911,14911,104,13,10,1,0,23,603.0,290.0,290.0,313.0
14912,14912,104,13,20,1,0,23,556.0,232.0,232.0,324.0
14913,14913,104,13,30,1,0,23,494.0,256.0,256.0,238.0
14914,14914,104,13,40,1,0,23,551.0,256.0,256.0,295.0
14915,14915,104,13,50,1,0,23,472.0,198.0,198.0,274.0
14916,14916,104,14,0,1,0,23,550.0,312.0,312.0,238.0
14917,14917,104,14,10,1,0,23,586.0,297.0,297.0,289.0
14918,14918,104,14,20,1,0,23,570.0,321.0,321.0,249.0
14919,14919,104,14,30,1,0,23,563.0,265.0,265.0,298.0
14920,14920,104,14,40,1,0,23,619.0,379.0,379.0,240.0
14921,14921,104,14,50,1,0,23,546.0,297.0,297.0,249.0
14922,14922,104,15,0,1,0,23,700.0,386.0,386.0,314.0
14923,14923,104,15,10,1,0,23,657.0,308.0,308.0,349.0
14924,14924,104,15,20,1,0,23,676.0,361.0,361.0,315.0
14925,14925,104,15,30,1,0,23,600.0,316.0,316.0,284.0
14926,14926,104,15,40,1,0,23,759.0,451.0,451.0,308.0
14927,14927,104,15,50,1,0,23,803.0,451.0,451.0,352.0
14928,14928,104,16,0,1,0,23,739.0,458.0,458.0,281.0
14929,14929,104,16,10,1,0,23,677.0,373.0,373.0,304.0
14930,14930,104,16,20,1,0,23,984.0,554.0,554.0,430.0
14931,14931,104,16,30,1,0,23,871.0,480.0,480.0,391.0
14932,14932,104,16,40,1,0,23,938.0,528.0,528.0,410.0
14933,14933,104,16,50,1,0,23,1005.0,513.0,513.0,492.0
14934,14934,104,17,0,1,0,23,1272.0,765.0,765.0,507.0
14935,14935,104,17,10,1,0,23,1157.0,654.0,654.0,503.0
14936,14936,104,17,20,1,0,23,1487.0,1006.0,1006.0,481.0
14937,14937,104,17,30,1,0,23,1366.0,859.0,859.0,507.0
14938,14938,104,17,40,1,0,23,1668.0,1140.0,1140.0,528.0
14939,14939,104,17,50,1,0,23,1514.0,1005.0,1005.0,509.0
14940,14940,104,18,0,1,0,23,1697.0,1215.0,1215.0,482.0
14941,14941,104,18,10,1,0,23,1872.0,1302.0,1302.0,570.0
14942,14942,104,18,20,1,0,23,1773.0,1324.0,1324.0,449.0
14943,14943,104,18,30,1,0,23,1846.0,1313.0,1313.0,533.0
14944,14944,104,18,40,1,0,23,1812.0,1430.0,1430.0,382.0
14945,14945,104,18,50,1,0,23,1485.0,1151.0,1151.0,334.0
14946,14946,104,19,0,1,0,23,1556.0,1273.0,1273.0,283.0
14947,14947,104,19,10,1,0,23,1282.0,997.0,997.0,285.0
14948,14948,104,19,20,1,0,23,901.0,682.0,682.0,219.0
14949,14949,104,19,30,1,0,23,1029.0,829.0,829.0,200.0
14950,14950,104,19,40,1,0,23,731.0,541.0,541.0,190.0
14951,14951,104,19,50,1,0,23,665.0,505.0,505.0,160.0
14952,14952,104,20,0,1,0,23,705.0,537.0,537.0,168.0
14953,14953,104,20,10,1,0,23,572.0,400.0,400.0,172.0
14954,14954,104,20,20,1,0,23,635.0,442.0,442.0,193.0
14955,14955,104,20,30,1,0,23,612.0,449.0,449.0,163.0
14956,14956,104,20,40,1,0,23,554.0,383.0,383.0,171.0
14957,14957,104,20,50,1,0,23,586.0,409.0,409.0,177.0
14958,14958,104,21,0,1,0,23,588.0,414.0,414.0,174.0
14959,14959,104,21,10,1,0,23,610.0,411.0,411.0,199.0
14960,14960,104,21,20,1,0,23,404.0,202.0,202.0,202.0
14961,14961,104,21,30,1,0,23,683.0,443.0,443.0,240.0
14962,14962,104,21,40,1,0,23,591.0,429.0,429.0,162.0
14963,14963,104,21,50,1,0,23,479.0,370.0,370.0,109.0
14964,14964,104,22,0,1,0,23,409.0,333.0,333.0,76.0
14965,14965,104,22,10,1,0,23,356.0,291.0,291.0,65.0
14966,14966,104,22,20,1,0,23,404.0,362.0,362.0,42.0
14967,14967,104,22,30,1,0,23,332.0,322.0,322.0,10.0
14968,14968,104,22,40,1,0,23,214.0,210.0,210.0,4.0
14969,14969,104,22,50,1,0,23,208.0,200.0,200.0,8.0
15006,15006,105,5,0,1,0,23,0.0,0.0,0.0,0.0
15007,15007,105,5,10,1,0,23,3.0,0.0,0.0,3.0
15008,15008,105,5,20,1,0,23,13.0,0.0,0.0,13.0
15009,15009,105,5,30,1,0,23,69.0,0.0,0.0,69.0
15010,15010,105,5,40,1,0,23,103.0,7.0,7.0,96.0
15011,15011,105,5,50,1,0,23,160.0,10.0,10.0,150.0
15012,15012,105,6,0,1,0,23,183.0,6.0,6.0,177.0
15013,15013,105,6,10,1,0,23,301.0,16.0,16.0,285.0
15014,15014,105,6,20,1,0,23,375.0,18.0,18.0,357.0
15015,15015,105,6,30,1,0,23,564.0,31.0,31.0,533.0
15016,15016,105,6,40,1,0,23,663.0,69.0,69.0,594.0
15017,15017,105,6,50,1,0,23,815.0,75.0,75.0,740.0
15018,15018,105,7,0,1,0,23,972.0,134.0,134.0,838.0
15019,15019,105,7,10,1,0,23,981.0,103.0,103.0,878.0
15020,15020,105,7,20,1,0,23,1292.0,181.0,181.0,1111.0
15021,15021,105,7,30,1,0,23,1256.0,153.0,153.0,1103.0
15022,15022,105,7,40,1,0,23,1595.0,177.0,177.0,1418.0
15023,15023,105,7,50,1,0,23,1514.0,167.0,167.0,1347.0
15024,15024,105,8,0,1,0,23,1638.0,226.0,226.0,1412.0
15025,15025,105,8,10,1,0,23,1637.0,215.0,215.0,1422.0
15026,15026,105,8,20,1,0,23,1525.0,223.0,223.0,1302.0
15027,15027,105,8,30,1,0,23,1361.0,160.0,160.0,1201.0
15028,15028,105,8,40,1,0,23,1257.0,207.0,207.0,1050.0
15029,15029,105,8,50,1,0,23,932.0,170.0,170.0,762.0
15030,15030,105,9,0,1,0,23,817.0,98.0,98.0,719.0
15031,15031,105,9,10,1,0,23,742.0,154.0,154.0,588.0
15032,15032,105,9,20,1,0,23,590.0,158.0,158.0,432.0
15033,15033,105,9,30,1,0,23,520.0,125.0,125.0,395.0
15034,15034,105,9,40,1,0,23,443.0,122.0,122.0,321.0
15035,15035,105,9,50,1,0,23,392.0,141.0,141.0,251.0
15036,15036,105,10,0,1,0,23,389.0,128.0,128.0,261.0
15037,15037,105,10,10,1,0,23,320.0,105.0,105.0,215.0
15038,15038,105,10,20,1,0,23,322.0,107.0,107.0,215.0
15039,15039,105,10,30,1,0,23,301.0,125.0,125.0,176.0
15040,15040,105,10,40,1,0,23,294.0,111.0,111.0,183.0
15041,15041,105,10,50,1,0,23,231.0,75.0,75.0,156.0
15042,15042,105,11,0,1,0,23,284.0,121.0,121.0,163.0
15043,15043,105,11,10,1,0,23,274.0,118.0,118.0,156.0
15044,15044,105,11,20,1,0,23,262.0,110.0,110.0,152.0
15045,15045,105,11,30,1,0,23,272.0,99.0,99.0,173.0
15046,15046,105,11,40,1,0,23,258.0,105.0,105.0,153.0
15047,15047,105,11,50,1,0,23,293.0,94.0,94.0,199.0
15048,15048,105,12,0,1,0,23,396.0,178.0,178.0,218.0
15049,15049,105,12,10,1,0,23,368.0,154.0,154.0,214.0
15050,15050,105,12,20,1,0,23,299.0,95.0,95.0,204.0
15051,15051,105,12,30,1,0,23,356.0,160.0,160.0,196.0
15052,15052,105,12,40,1,0,23,253.0,86.0,86.0,167.0
15053,15053,105,12,50,1,0,23,300.0,150.0,150.0,150.0
15054,15054,105,13,0,1,0,23,327.0,145.0,145.0,182.0
15055,15055,105,13,10,1,0,23,287.0,115.0,115.0,172.0
15056,15056,105,13,20,1,0,23,283.0,120.0,120.0,163.0
15057,15057,105,13,30,1,0,23,289.0,133.0,133.0,156.0
15058,15058,105,13,40,1,0,23,181.0,62.0,62.0,119.0
15059,15059,105,13,50,1,0,23,272.0,148.0,148.0,124.0
15060,15060,105,14,0,1,0,23,256.0,118.0,118.0,138.0
15061,15061,105,14,10,1,0,23,289.0,149.0,149.0,140.0
15062,15062,105,14,20,1,0,23,262.0,138.0,138.0,124.0
15063,15063,105,14,30,1,0,23,311.0,175.0,175.0,136.0
15064,15064,105,14,40,1,0,23,200.0,99.0,99.0,101.0
15065,15065,105,14,50,1,0,23,331.0,206.0,206.0,125.0
15066,15066,105,15,0,1,0,23,329.0,230.0,230.0,99.0
15067,15067,105,15,10,1,0,23,359.0,258.0,258.0,101.0
15068,15068,105,15,20,1,0,23,306.0,172.0,172.0,134.0
15069,15069,105,15,30,1,0,23,376.0,251.0,251.0,125.0
15070,15070,105,15,40,1,0,23,243.0,124.0,124.0,119.0
15071,15071,105,15,50,1,0,23,417.0,300.0,300.0,117.0
15072,15072,105,16,0,1,0,23,453.0,306.0,306.0,147.0
15073,15073,105,16,10,1,0,23,534.0,395.0,395.0,139.0
15074,15074,105,16,20,1,0,23,377.0,224.0,224.0,153.0
15075,15075,105,16,30,1,0,23,412.0,252.0,252.0,160.0
15076,15076,105,16,40,1,0,23,463.0,270.0,270.0,193.0
15077,15077,105,16,50,1,0,23,580.0,389.0,389.0,191.0
15078,15078,105,17,0,1,0,23,696.0,450.0,450.0,246.0
15079,15079,105,17,10,1,0,23,643.0,383.0,383.0,260.0
15080,15080,105,17,20,1,0,23,794.0,535.0,535.0,259.0
15081,15081,105,17,30,1,0,23,765.0,558.0,558.0,207.0
15082,15082,105,17,40,1,0,23,1152.0,859.0,859.0,293.0
15083,15083,105,17,50,1,0,23,904.0,711.0,711.0,193.0
15084,15084,105,18,0,1,0,23,684.0,453.0,453.0,231.0
15085,15085,105,18,10,1,0,23,1493.0,1237.0,1237.0,256.0
15086,15086,105,18,20,1,0,23,932.0,710.0,710.0,222.0
15087,15087,105,18,30,1,0,23,1292.0,1092.0,1092.0,200.0
15088,15088,105,18,40,1,0,23,1215.0,1009.0,1009.0,206.0
15089,15089,105,18,50,1,0,23,994.0,819.0,819.0,175.0
15090,15090,105,19,0,1,0,23,661.0,498.0,498.0,163.0
15091,15091,105,19,10,1,0,23,1151.0,944.0,944.0,207.0
15092,15092,105,19,20,1,0,23,577.0,445.0,445.0,132.0
15093,15093,105,19,30,1,0,23,638.0,525.0,525.0,113.0
15094,15094,105,19,40,1,0,23,545.0,444.0,444.0,101.0
15095,15095,105,19,50,1,0,23,341.0,246.0,246.0,95.0
15096,15096,105,20,0,1,0,23,550.0,428.0,428.0,122.0
15097,15097,105,20,10,1,0,23,314.0,240.0,240.0,74.0
15098,15098,105,20,20,1,0,23,456.0,363.0,363.0,93.0
15099,15099,105,20,30,1,0,23,439.0,326.0,326.0,113.0
15100,15100,105,20,40,1,0,23,395.0,313.0,313.0,82.0
15101,15101,105,20,50,1,0,23,333.0,266.0,266.0,67.0
15102,15102,105,21,0,1,0,23,380.0,282.0,282.0,98.0
15103,15103,105,21,10,1,0,23,334.0,264.0,264.0,70.0
15104,15104,105,21,20,1,0,23,437.0,335.0,335.0,102.0
15105,15105,105,21,30,1,0,23,360.0,287.0,287.0,73.0
15106,15106,105,21,40,1,0,23,339.0,286.0,286.0,53.0
15107,15107,105,21,50,1,0,23,323.0,271.0,271.0,52.0
15108,15108,105,22,0,1,0,23,301.0,237.0,237.0,64.0
15109,15109,105,22,10,1,0,23,308.0,261.0,261.0,47.0
15110,15110,105,22,20,1,0,23,304.0,263.0,263.0,41.0
15111,15111,105,22,30,1,0,23,259.0,240.0,240.0,19.0
15112,15112,105,22,40,1,0,23,312.0,282.0,282.0,30.0
15113,15113,105,22,50,1,0,23,221.0,202.0,202.0,19.0
15150,15150,106,5,0,1,0,23,4.0,1.0,1.0,3.0
15151,15151,106,5,10,1,0,23,7.0,2.0,2.0,5.0
15152,15152,106,5,20,1,0,23,23.0,0.0,0.0,23.0
15153,15153,106,5,30,1,0,23,24.0,12.0,12.0,12.0
15154,15154,106,5,40,1,0,23,33.0,15.0,15.0,18.0
15155,15155,106,5,50,1,0,23,46.0,13.0,13.0,33.0
15156,15156,106,6,0,1,0,23,158.0,122.0,122.0,36.0
15157,15157,106,6,10,1,0,23,187.0,118.0,118.0,69.0
15158,15158,106,6,20,1,0,23,208.0,138.0,138.0,70.0
15159,15159,106,6,30,1,0,23,233.0,160.0,160.0,73.0
15160,15160,106,6,40,1,0,23,242.0,154.0,154.0,88.0
15161,15161,106,6,50,1,0,23,251.0,146.0,146.0,105.0
15162,15162,106,7,0,1,0,23,365.0,270.0,270.0,95.0
15163,15163,106,7,10,1,0,23,460.0,333.0,333.0,127.0
15164,15164,106,7,20,1,0,23,503.0,377.0,377.0,126.0
15165,15165,106,7,30,1,0,23,640.0,478.0,478.0,162.0
15166,15166,106,7,40,1,0,23,741.0,560.0,560.0,181.0
15167,15167,106,7,50,1,0,23,947.0,765.0,765.0,182.0
15168,15168,106,8,0,1,0,23,1083.0,847.0,847.0,236.0
15169,15169,106,8,10,1,0,23,1530.0,1314.0,1314.0,216.0
15170,15170,106,8,20,1,0,23,1614.0,1379.0,1379.0,235.0
15171,15171,106,8,30,1,0,23,1993.0,1790.0,1790.0,203.0
15172,15172,106,8,40,1,0,23,2508.0,2262.0,2262.0,246.0
15173,15173,106,8,50,1,0,23,2107.0,1928.0,1928.0,179.0
15174,15174,106,9,0,1,0,23,1828.0,1605.0,1605.0,223.0
15175,15175,106,9,10,1,0,23,1409.0,1207.0,1207.0,202.0
15176,15176,106,9,20,1,0,23,1119.0,932.0,932.0,187.0
15177,15177,106,9,30,1,0,23,1054.0,852.0,852.0,202.0
15178,15178,106,9,40,1,0,23,817.0,589.0,589.0,228.0
15179,15179,106,9,50,1,0,23,793.0,624.0,624.0,169.0
15180,15180,106,10,0,1,0,23,670.0,477.0,477.0,193.0
15181,15181,106,10,10,1,0,23,628.0,465.0,465.0,163.0
15182,15182,106,10,20,1,0,23,582.0,397.0,397.0,185.0
15183,15183,106,10,30,1,0,23,551.0,375.0,375.0,176.0
15184,15184,106,10,40,1,0,23,619.0,410.0,410.0,209.0
15185,15185,106,10,50,1,0,23,583.0,361.0,361.0,222.0
15186,15186,106,11,0,1,0,23,566.0,322.0,322.0,244.0
15187,15187,106,11,10,1,0,23,543.0,310.0,310.0,233.0
15188,15188,106,11,20,1,0,23,567.0,326.0,326.0,241.0
15189,15189,106,11,30,1,0,23,555.0,322.0,322.0,233.0
15190,15190,106,11,40,1,0,23,577.0,308.0,308.0,269.0
15191,15191,106,11,50,1,0,23,559.0,297.0,297.0,262.0
15192,15192,106,12,0,1,0,23,589.0,330.0,330.0,259.0
15193,15193,106,12,10,1,0,23,613.0,294.0,294.0,319.0
15194,15194,106,12,20,1,0,23,618.0,327.0,327.0,291.0
15195,15195,106,12,30,1,0,23,753.0,383.0,383.0,370.0
15196,15196,106,12,40,1,0,23,642.0,257.0,257.0,385.0
15197,15197,106,12,50,1,0,23,651.0,324.0,324.0,327.0
15198,15198,106,13,0,1,0,23,703.0,331.0,331.0,372.0
15199,15199,106,13,10,1,0,23,728.0,291.0,291.0,437.0
15200,15200,106,13,20,1,0,23,749.0,325.0,325.0,424.0
15201,15201,106,13,30,1,0,23,720.0,309.0,309.0,411.0
15202,15202,106,13,40,1,0,23,775.0,343.0,343.0,432.0
15203,15203,106,13,50,1,0,23,816.0,357.0,357.0,459.0
15204,15204,106,14,0,1,0,23,748.0,298.0,298.0,450.0
15205,15205,106,14,10,1,0,23,766.0,320.0,320.0,446.0
15206,15206,106,14,20,1,0,23,789.0,323.0,323.0,466.0
15207,15207,106,14,30,1,0,23,762.0,260.0,260.0,502.0
15208,15208,106,14,40,1,0,23,731.0,256.0,256.0,475.0
15209,15209,106,14,50,1,0,23,718.0,246.0,246.0,472.0
15210,15210,106,15,0,1,0,23,765.0,260.0,260.0,505.0
15211,15211,106,15,10,1,0,23,584.0,220.0,220.0,364.0
15212,15212,106,15,20,1,0,23,583.0,258.0,258.0,325.0
15213,15213,106,15,30,1,0,23,661.0,296.0,296.0,365.0
15214,15214,106,15,40,1,0,23,737.0,259.0,259.0,478.0
15215,15215,106,15,50,1,0,23,704.0,260.0,260.0,444.0
15216,15216,106,16,0,1,0,23,815.0,240.0,240.0,575.0
15217,15217,106,16,10,1,0,23,811.0,261.0,261.0,550.0
15218,15218,106,16,20,1,0,23,864.0,303.0,303.0,561.0
15219,15219,106,16,30,1,0,23,841.0,275.0,275.0,566.0
15220,15220,106,16,40,1,0,23,878.0,260.0,260.0,618.0
15221,15221,106,16,50,1,0,23,905.0,313.0,313.0,592.0
15222,15222,106,17,0,1,0,23,987.0,288.0,288.0,699.0
15223,15223,106,17,10,1,0,23,1322.0,366.0,366.0,956.0
15224,15224,106,17,20,1,0,23,1225.0,384.0,384.0,841.0
15225,15225,106,17,30,1,0,23,1495.0,440.0,440.0,1055.0
15226,15226,106,17,40,1,0,23,2027.0,469.0,469.0,1558.0
15227,15227,106,17,50,1,0,23,1772.0,495.0,495.0,1277.0
15228,15228,106,18,0,1,0,23,1746.0,542.0,542.0,1204.0
15229,15229,106,18,10,1,0,23,2363.0,574.0,574.0,1789.0
15230,15230,106,18,20,1,0,23,2026.0,556.0,556.0,1470.0
15231,15231,106,18,30,1,0,23,1675.0,651.0,651.0,1024.0
15232,15232,106,18,40,1,0,23,1514.0,599.0,599.0,915.0
15233,15233,106,18,50,1,0,23,1244.0,503.0,503.0,741.0
15234,15234,106,19,0,1,0,23,1084.0,432.0,432.0,652.0
15235,15235,106,19,10,1,0,23,1012.0,304.0,304.0,708.0
15236,15236,106,19,20,1,0,23,929.0,279.0,279.0,650.0
15237,15237,106,19,30,1,0,23,786.0,206.0,206.0,580.0
15238,15238,106,19,40,1,0,23,724.0,192.0,192.0,532.0
15239,15239,106,19,50,1,0,23,735.0,154.0,154.0,581.0
15240,15240,106,20,0,1,0,23,774.0,119.0,119.0,655.0
15241,15241,106,20,10,1,0,23,722.0,102.0,102.0,620.0
15242,15242,106,20,20,1,0,23,692.0,120.0,120.0,572.0
15243,15243,106,20,30,1,0,23,701.0,82.0,82.0,619.0
15244,15244,106,20,40,1,0,23,716.0,99.0,99.0,617.0
15245,15245,106,20,50,1,0,23,725.0,100.0,100.0,625.0
15246,15246,106,21,0,1,0,23,802.0,102.0,102.0,700.0
15247,15247,106,21,10,1,0,23,769.0,69.0,69.0,700.0
15248,15248,106,21,20,1,0,23,740.0,77.0,77.0,663.0
15249,15249,106,21,30,1,0,23,729.0,104.0,104.0,625.0
15250,15250,106,21,40,1,0,23,687.0,73.0,73.0,614.0
15251,15251,106,21,50,1,0,23,744.0,84.0,84.0,660.0
15252,15252,106,22,0,1,0,23,1232.0,84.0,84.0,1148.0
15253,15253,106,22,10,1,0,23,975.0,81.0,81.0,894.0
15254,15254,106,22,20,1,0,23,333.0,78.0,78.0,255.0
15255,15255,106,22,30,1,0,23,256.0,73.0,73.0,183.0
15256,15256,106,22,40,1,0,23,194.0,56.0,56.0,138.0
15257,15257,106,22,50,1,0,23,116.0,59.0,59.0,57.0
15294,15294,107,5,0,1,0,23,2.0,1.0,1.0,1.0
15295,15295,107,5,10,1,0,23,11.0,0.0,0.0,11.0
15296,15296,107,5,20,1,0,23,13.0,0.0,0.0,13.0
15297,15297,107,5,30,1,0,23,15.0,5.0,5.0,10.0
15298,15298,107,5,40,1,0,23,26.0,5.0,5.0,21.0
15299,15299,107,5,50,1,0,23,42.0,14.0,14.0,28.0
15300,15300,107,6,0,1,0,23,51.0,28.0,28.0,23.0
15301,15301,107,6,10,1,0,23,108.0,79.0,79.0,29.0
15302,15302,107,6,20,1,0,23,151.0,89.0,89.0,62.0
15303,15303,107,6,30,1,0,23,183.0,124.0,124.0,59.0
15304,15304,107,6,40,1,0,23,290.0,211.0,211.0,79.0
15305,15305,107,6,50,1,0,23,382.0,277.0,277.0,105.0
15306,15306,107,7,0,1,0,23,423.0,309.0,309.0,114.0
15307,15307,107,7,10,1,0,23,642.0,519.0,519.0,123.0
15308,15308,107,7,20,1,0,23,733.0,568.0,568.0,165.0
15309,15309,107,7,30,1,0,23,683.0,496.0,496.0,187.0
15310,15310,107,7,40,1,0,23,833.0,627.0,627.0,206.0
15311,15311,107,7,50,1,0,23,989.0,752.0,752.0,237.0
15312,15312,107,8,0,1,0,23,1104.0,777.0,777.0,327.0
15313,15313,107,8,10,1,0,23,1323.0,1036.0,1036.0,287.0
15314,15314,107,8,20,1,0,23,1501.0,1142.0,1142.0,359.0
15315,15315,107,8,30,1,0,23,1580.0,1188.0,1188.0,392.0
15316,15316,107,8,40,1,0,23,1934.0,1592.0,1592.0,342.0
15317,15317,107,8,50,1,0,23,1933.0,1648.0,1648.0,285.0
15318,15318,107,9,0,1,0,23,1163.0,918.0,918.0,245.0
15319,15319,107,9,10,1,0,23,1968.0,1694.0,1694.0,274.0
15320,15320,107,9,20,1,0,23,1253.0,1024.0,1024.0,229.0
15321,15321,107,9,30,1,0,23,928.0,733.0,733.0,195.0
15322,15322,107,9,40,1,0,23,982.0,760.0,760.0,222.0
15323,15323,107,9,50,1,0,23,836.0,643.0,643.0,193.0
15324,15324,107,10,0,1,0,23,615.0,426.0,426.0,189.0
15325,15325,107,10,10,1,0,23,625.0,419.0,419.0,206.0
15326,15326,107,10,20,1,0,23,609.0,430.0,430.0,179.0
15327,15327,107,10,30,1,0,23,631.0,430.0,430.0,201.0
15328,15328,107,10,40,1,0,23,628.0,410.0,410.0,218.0
15329,15329,107,10,50,1,0,23,588.0,369.0,369.0,219.0
15330,15330,107,11,0,1,0,23,501.0,336.0,336.0,165.0
15331,15331,107,11,10,1,0,23,538.0,288.0,288.0,250.0
15332,15332,107,11,20,1,0,23,531.0,304.0,304.0,227.0
15333,15333,107,11,30,1,0,23,519.0,289.0,289.0,230.0
15334,15334,107,11,40,1,0,23,521.0,304.0,304.0,217.0
15335,15335,107,11,50,1,0,23,604.0,374.0,374.0,230.0
15336,15336,107,12,0,1,0,23,500.0,239.0,239.0,261.0
15337,15337,107,12,10,1,0,23,552.0,321.0,321.0,231.0
15338,15338,107,12,20,1,0,23,481.0,229.0,229.0,252.0
15339,15339,107,12,30,1,0,23,640.0,385.0,385.0,255.0
15340,15340,107,12,40,1,0,23,697.0,449.0,449.0,248.0
15341,15341,107,12,50,1,0,23,625.0,376.0,376.0,249.0
15342,15342,107,13,0,1,0,23,562.0,321.0,321.0,241.0
15343,15343,107,13,10,1,0,23,640.0,361.0,361.0,279.0
15344,15344,107,13,20,1,0,23,685.0,371.0,371.0,314.0
15345,15345,107,13,30,1,0,23,604.0,314.0,314.0,290.0
15346,15346,107,13,40,1,0,23,652.0,354.0,354.0,298.0
15347,15347,107,13,50,1,0,23,658.0,351.0,351.0,307.0
15348,15348,107,14,0,1,0,23,610.0,278.0,278.0,332.0
15349,15349,107,14,10,1,0,23,648.0,305.0,305.0,343.0
15350,15350,107,14,20,1,0,23,639.0,298.0,298.0,341.0
15351,15351,107,14,30,1,0,23,631.0,287.0,287.0,344.0
15352,15352,107,14,40,1,0,23,635.0,299.0,299.0,336.0
15353,15353,107,14,50,1,0,23,602.0,261.0,261.0,341.0
15354,15354,107,15,0,1,0,23,665.0,298.0,298.0,367.0
15355,15355,107,15,10,1,0,23,632.0,267.0,267.0,365.0
15356,15356,107,15,20,1,0,23,628.0,250.0,250.0,378.0
15357,15357,107,15,30,1,0,23,597.0,230.0,230.0,367.0
15358,15358,107,15,40,1,0,23,701.0,284.0,284.0,417.0
15359,15359,107,15,50,1,0,23,720.0,232.0,232.0,488.0
15360,15360,107,16,0,1,0,23,790.0,263.0,263.0,527.0
15361,15361,107,16,10,1,0,23,766.0,237.0,237.0,529.0
15362,15362,107,16,20,1,0,23,739.0,298.0,298.0,441.0
15363,15363,107,16,30,1,0,23,726.0,252.0,252.0,474.0
15364,15364,107,16,40,1,0,23,867.0,288.0,288.0,579.0
15365,15365,107,16,50,1,0,23,847.0,275.0,275.0,572.0
15366,15366,107,17,0,1,0,23,1045.0,367.0,367.0,678.0
15367,15367,107,17,10,1,0,23,1079.0,255.0,255.0,824.0
15368,15368,107,17,20,1,0,23,1184.0,391.0,391.0,793.0
15369,15369,107,17,30,1,0,23,1178.0,404.0,404.0,774.0
15370,15370,107,17,40,1,0,23,1620.0,488.0,488.0,1132.0
15371,15371,107,17,50,1,0,23,1370.0,495.0,495.0,875.0
15372,15372,107,18,0,1,0,23,1603.0,549.0,549.0,1054.0
15373,15373,107,18,10,1,0,23,1788.0,500.0,500.0,1288.0
15374,15374,107,18,20,1,0,23,1633.0,576.0,576.0,1057.0
15375,15375,107,18,30,1,0,23,1385.0,454.0,454.0,931.0
15376,15376,107,18,40,1,0,23,1414.0,564.0,564.0,850.0
15377,15377,107,18,50,1,0,23,1038.0,302.0,302.0,736.0
15378,15378,107,19,0,1,0,23,976.0,299.0,299.0,677.0
15379,15379,107,19,10,1,0,23,844.0,305.0,305.0,539.0
15380,15380,107,19,20,1,0,23,652.0,197.0,197.0,455.0
15381,15381,107,19,30,1,0,23,608.0,153.0,153.0,455.0
15382,15382,107,19,40,1,0,23,605.0,197.0,197.0,408.0
15383,15383,107,19,50,1,0,23,492.0,133.0,133.0,359.0
15384,15384,107,20,0,1,0,23,537.0,150.0,150.0,387.0
15385,15385,107,20,10,1,0,23,505.0,99.0,99.0,406.0
15386,15386,107,20,20,1,0,23,548.0,129.0,129.0,419.0
15387,15387,107,20,30,1,0,23,468.0,91.0,91.0,377.0
15388,15388,107,20,40,1,0,23,540.0,93.0,93.0,447.0
15389,15389,107,20,50,1,0,23,506.0,84.0,84.0,422.0
15390,15390,107,21,0,1,0,23,535.0,100.0,100.0,435.0
15391,15391,107,21,10,1,0,23,635.0,102.0,102.0,533.0
15392,15392,107,21,20,1,0,23,605.0,113.0,113.0,492.0
15393,15393,107,21,30,1,0,23,548.0,109.0,109.0,439.0
15394,15394,107,21,40,1,0,23,545.0,97.0,97.0,448.0
15395,15395,107,21,50,1,0,23,469.0,86.0,86.0,383.0
15396,15396,107,22,0,1,0,23,693.0,90.0,90.0,603.0
15397,15397,107,22,10,1,0,23,727.0,85.0,85.0,642.0
15398,15398,107,22,20,1,0,23,337.0,67.0,67.0,270.0
15399,15399,107,22,30,1,0,23,328.0,52.0,52.0,276.0
15400,15400,107,22,40,1,0,23,465.0,56.0,56.0,409.0
15401,15401,107,22,50,1,0,23,151.0,26.0,26.0,125.0
15438,15438,108,5,0,1,0,23,2.0,1.0,1.0,1.0
15439,15439,108,5,10,1,0,23,56.0,0.0,0.0,56.0
15440,15440,108,5,20,1,0,23,77.0,5.0,5.0,72.0
15441,15441,108,5,30,1,0,23,61.0,5.0,5.0,56.0
15442,15442,108,5,40,1,0,23,60.0,7.0,7.0,53.0
15443,15443,108,5,50,1,0,23,51.0,20.0,20.0,31.0
15444,15444,108,6,0,1,0,23,142.0,106.0,106.0,36.0
15445,15445,108,6,10,1,0,23,195.0,127.0,127.0,68.0
15446,15446,108,6,20,1,0,23,236.0,162.0,162.0,74.0
15447,15447,108,6,30,1,0,23,367.0,155.0,155.0,212.0
15448,15448,108,6,40,1,0,23,495.0,329.0,329.0,166.0
15449,15449,108,6,50,1,0,23,373.0,195.0,195.0,178.0
15450,15450,108,7,0,1,0,23,545.0,360.0,360.0,185.0
15451,15451,108,7,10,1,0,23,715.0,512.0,512.0,203.0
15452,15452,108,7,20,1,0,23,1043.0,766.0,766.0,277.0
15453,15453,108,7,30,1,0,23,1148.0,667.0,667.0,481.0
15454,15454,108,7,40,1,0,23,1948.0,1392.0,1392.0,556.0
15455,15455,108,7,50,1,0,23,1576.0,896.0,896.0,680.0
15456,15456,108,8,0,1,0,23,2330.0,1703.0,1703.0,627.0
15457,15457,108,8,10,1,0,23,2750.0,1995.0,1995.0,755.0
15458,15458,108,8,20,1,0,23,2726.0,2015.0,2015.0,711.0
15459,15459,108,8,30,1,0,23,2831.0,1775.0,1775.0,1056.0
15460,15460,108,8,40,1,0,23,2303.0,1422.0,1422.0,881.0
15461,15461,108,8,50,1,0,23,2090.0,1362.0,1362.0,728.0
15462,15462,108,9,0,1,0,23,1993.0,1515.0,1515.0,478.0
15463,15463,108,9,10,1,0,23,1567.0,1040.0,1040.0,527.0
15464,15464,108,9,20,1,0,23,1336.0,817.0,817.0,519.0
15465,15465,108,9,30,1,0,23,1297.0,784.0,784.0,513.0
15466,15466,108,9,40,1,0,23,1104.0,660.0,660.0,444.0
15467,15467,108,9,50,1,0,23,801.0,416.0,416.0,385.0
15468,15468,108,10,0,1,0,23,730.0,443.0,443.0,287.0
15469,15469,108,10,10,1,0,23,850.0,517.0,517.0,333.0
15470,15470,108,10,20,1,0,23,859.0,476.0,476.0,383.0
15471,15471,108,10,30,1,0,23,610.0,255.0,255.0,355.0
15472,15472,108,10,40,1,0,23,732.0,438.0,438.0,294.0
15473,15473,108,10,50,1,0,23,660.0,384.0,384.0,276.0
15474,15474,108,11,0,1,0,23,670.0,365.0,365.0,305.0
15475,15475,108,11,10,1,0,23,639.0,330.0,330.0,309.0
15476,15476,108,11,20,1,0,23,616.0,290.0,290.0,326.0
15477,15477,108,11,30,1,0,23,703.0,364.0,364.0,339.0
15478,15478,108,11,40,1,0,23,696.0,334.0,334.0,362.0
15479,15479,108,11,50,1,0,23,696.0,395.0,395.0,301.0
15480,15480,108,12,0,1,0,23,607.0,313.0,313.0,294.0
15481,15481,108,12,10,1,0,23,677.0,347.0,347.0,330.0
15482,15482,108,12,20,1,0,23,567.0,277.0,277.0,290.0
15483,15483,108,12,30,1,0,23,724.0,318.0,318.0,406.0
15484,15484,108,12,40,1,0,23,964.0,524.0,524.0,440.0
15485,15485,108,12,50,1,0,23,721.0,404.0,404.0,317.0
15486,15486,108,13,0,1,0,23,690.0,366.0,366.0,324.0
15487,15487,108,13,10,1,0,23,686.0,340.0,340.0,346.0
15488,15488,108,13,20,1,0,23,641.0,338.0,338.0,303.0
15489,15489,108,13,30,1,0,23,650.0,347.0,347.0,303.0
15490,15490,108,13,40,1,0,23,790.0,323.0,323.0,467.0
15491,15491,108,13,50,1,0,23,620.0,294.0,294.0,326.0
15492,15492,108,14,0,1,0,23,627.0,315.0,315.0,312.0
15493,15493,108,14,10,1,0,23,809.0,443.0,443.0,366.0
15494,15494,108,14,20,1,0,23,539.0,216.0,216.0,323.0
15495,15495,108,14,30,1,0,23,624.0,339.0,339.0,285.0
15496,15496,108,14,40,1,0,23,821.0,424.0,424.0,397.0
15497,15497,108,14,50,1,0,23,659.0,356.0,356.0,303.0
15498,15498,108,15,0,1,0,23,542.0,247.0,247.0,295.0
15499,15499,108,15,10,1,0,23,739.0,392.0,392.0,347.0
15500,15500,108,15,20,1,0,23,666.0,246.0,246.0,420.0
15501,15501,108,15,30,1,0,23,800.0,389.0,389.0,411.0
15502,15502,108,15,40,1,0,23,765.0,326.0,326.0,439.0
15503,15503,108,15,50,1,0,23,852.0,409.0,409.0,443.0
15504,15504,108,16,0,1,0,23,704.0,335.0,335.0,369.0
15505,15505,108,16,10,1,0,23,737.0,374.0,374.0,363.0
15506,15506,108,16,20,1,0,23,761.0,316.0,316.0,445.0
15507,15507,108,16,30,1,0,23,936.0,402.0,402.0,534.0
15508,15508,108,16,40,1,0,23,993.0,375.0,375.0,618.0
15509,15509,108,16,50,1,0,23,972.0,418.0,418.0,554.0
15510,15510,108,17,0,1,0,23,1134.0,440.0,440.0,694.0
15511,15511,108,17,10,1,0,23,1452.0,514.0,514.0,938.0
15512,15512,108,17,20,1,0,23,1322.0,496.0,496.0,826.0
15513,15513,108,17,30,1,0,23,1478.0,586.0,586.0,892.0
15514,15514,108,17,40,1,0,23,2032.0,699.0,699.0,1333.0
15515,15515,108,17,50,1,0,23,1701.0,579.0,579.0,1122.0
15516,15516,108,18,0,1,0,23,1827.0,602.0,602.0,1225.0
15517,15517,108,18,10,1,0,23,1780.0,622.0,622.0,1158.0
15518,15518,108,18,20,1,0,23,2112.0,831.0,831.0,1281.0
15519,15519,108,18,30,1,0,23,1665.0,630.0,630.0,1035.0
15520,15520,108,18,40,1,0,23,1402.0,391.0,391.0,1011.0
15521,15521,108,18,50,1,0,23,1339.0,421.0,421.0,918.0
15522,15522,108,19,0,1,0,23,1205.0,520.0,520.0,685.0
15523,15523,108,19,10,1,0,23,983.0,351.0,351.0,632.0
15524,15524,108,19,20,1,0,23,920.0,360.0,360.0,560.0
15525,15525,108,19,30,1,0,23,752.0,327.0,327.0,425.0
15526,15526,108,19,40,1,0,23,821.0,230.0,230.0,591.0
15527,15527,108,19,50,1,0,23,627.0,291.0,291.0,336.0
15528,15528,108,20,0,1,0,23,505.0,209.0,209.0,296.0
15529,15529,108,20,10,1,0,23,481.0,196.0,196.0,285.0
15530,15530,108,20,20,1,0,23,472.0,217.0,217.0,255.0
15531,15531,108,20,30,1,0,23,589.0,261.0,261.0,328.0
15532,15532,108,20,40,1,0,23,572.0,208.0,208.0,364.0
15533,15533,108,20,50,1,0,23,440.0,188.0,188.0,252.0
15534,15534,108,21,0,1,0,23,378.0,146.0,146.0,232.0
15535,15535,108,21,10,1,0,23,403.0,185.0,185.0,218.0
15536,15536,108,21,20,1,0,23,475.0,267.0,267.0,208.0
15537,15537,108,21,30,1,0,23,430.0,226.0,226.0,204.0
15538,15538,108,21,40,1,0,23,500.0,240.0,240.0,260.0
15539,15539,108,21,50,1,0,23,405.0,172.0,172.0,233.0
15540,15540,108,22,0,1,0,23,374.0,146.0,146.0,228.0
15541,15541,108,22,10,1,0,23,418.0,206.0,206.0,212.0
15542,15542,108,22,20,1,0,23,284.0,141.0,141.0,143.0
15543,15543,108,22,30,1,0,23,325.0,181.0,181.0,144.0
15544,15544,108,22,40,1,0,23,234.0,130.0,130.0,104.0
15545,15545,108,22,50,1,0,23,127.0,80.0,80.0,47.0
15582,15582,109,5,0,1,0,23,0.0,0.0,0.0,0.0
15583,15583,109,5,10,1,0,23,2.0,0.0,0.0,2.0
15584,15584,109,5,20,1,0,23,6.0,0.0,0.0,6.0
15585,15585,109,5,30,1,0,23,7.0,1.0,1.0,6.0
15586,15586,109,5,40,1,0,23,15.0,1.0,1.0,14.0
15587,15587,109,5,50,1,0,23,26.0,8.0,8.0,18.0
15588,15588,109,6,0,1,0,23,41.0,11.0,11.0,30.0
15589,15589,109,6,10,1,0,23,59.0,15.0,15.0,44.0
15590,15590,109,6,20,1,0,23,120.0,38.0,38.0,82.0
15591,15591,109,6,30,1,0,23,150.0,51.0,51.0,99.0
15592,15592,109,6,40,1,0,23,202.0,71.0,71.0,131.0
15593,15593,109,6,50,1,0,23,317.0,104.0,104.0,213.0
15594,15594,109,7,0,1,0,23,319.0,109.0,109.0,210.0
15595,15595,109,7,10,1,0,23,378.0,111.0,111.0,267.0
15596,15596,109,7,20,1,0,23,465.0,163.0,163.0,302.0
15597,15597,109,7,30,1,0,23,567.0,200.0,200.0,367.0
15598,15598,109,7,40,1,0,23,725.0,283.0,283.0,442.0
15599,15599,109,7,50,1,0,23,828.0,334.0,334.0,494.0
15600,15600,109,8,0,1,0,23,1047.0,462.0,462.0,585.0
15601,15601,109,8,10,1,0,23,1287.0,651.0,651.0,636.0
15602,15602,109,8,20,1,0,23,1401.0,802.0,802.0,599.0
15603,15603,109,8,30,1,0,23,1694.0,1146.0,1146.0,548.0
15604,15604,109,8,40,1,0,23,1051.0,619.0,619.0,432.0
15605,15605,109,8,50,1,0,23,1366.0,983.0,983.0,383.0
15606,15606,109,9,0,1,0,23,875.0,536.0,536.0,339.0
15607,15607,109,9,10,1,0,23,628.0,367.0,367.0,261.0
15608,15608,109,9,20,1,0,23,669.0,448.0,448.0,221.0
15609,15609,109,9,30,1,0,23,455.0,285.0,285.0,170.0
15610,15610,109,9,40,1,0,23,526.0,313.0,313.0,213.0
15611,15611,109,9,50,1,0,23,342.0,224.0,224.0,118.0
15612,15612,109,10,0,1,0,23,285.0,140.0,140.0,145.0
15613,15613,109,10,10,1,0,23,289.0,174.0,174.0,115.0
15614,15614,109,10,20,1,0,23,234.0,127.0,127.0,107.0
15615,15615,109,10,30,1,0,23,223.0,127.0,127.0,96.0
15616,15616,109,10,40,1,0,23,210.0,110.0,110.0,100.0
15617,15617,109,10,50,1,0,23,217.0,117.0,117.0,100.0
15618,15618,109,11,0,1,0,23,197.0,106.0,106.0,91.0
15619,15619,109,11,10,1,0,23,165.0,65.0,65.0,100.0
15620,15620,109,11,20,1,0,23,223.0,133.0,133.0,90.0
15621,15621,109,11,30,1,0,23,271.0,141.0,141.0,130.0
15622,15622,109,11,40,1,0,23,236.0,118.0,118.0,118.0
15623,15623,109,11,50,1,0,23,225.0,83.0,83.0,142.0
15624,15624,109,12,0,1,0,23,233.0,114.0,114.0,119.0
15625,15625,109,12,10,1,0,23,175.0,63.0,63.0,112.0
15626,15626,109,12,20,1,0,23,209.0,96.0,96.0,113.0
15627,15627,109,12,30,1,0,23,196.0,88.0,88.0,108.0
15628,15628,109,12,40,1,0,23,169.0,51.0,51.0,118.0
15629,15629,109,12,50,1,0,23,273.0,149.0,149.0,124.0
15630,15630,109,13,0,1,0,23,207.0,120.0,120.0,87.0
15631,15631,109,13,10,1,0,23,200.0,92.0,92.0,108.0
15632,15632,109,13,20,1,0,23,191.0,67.0,67.0,124.0
15633,15633,109,13,30,1,0,23,248.0,133.0,133.0,115.0
15634,15634,109,13,40,1,0,23,251.0,126.0,126.0,125.0
15635,15635,109,13,50,1,0,23,254.0,120.0,120.0,134.0
15636,15636,109,14,0,1,0,23,147.0,36.0,36.0,111.0
15637,15637,109,14,10,1,0,23,212.0,103.0,103.0,109.0
15638,15638,109,14,20,1,0,23,238.0,116.0,116.0,122.0
15639,15639,109,14,30,1,0,23,246.0,121.0,121.0,125.0
15640,15640,109,14,40,1,0,23,241.0,105.0,105.0,136.0
15641,15641,109,14,50,1,0,23,229.0,103.0,103.0,126.0
15642,15642,109,15,0,1,0,23,181.0,58.0,58.0,123.0
15643,15643,109,15,10,1,0,23,254.0,108.0,108.0,146.0
15644,15644,109,15,20,1,0,23,246.0,119.0,119.0,127.0
15645,15645,109,15,30,1,0,23,256.0,127.0,127.0,129.0
15646,15646,109,15,40,1,0,23,249.0,126.0,126.0,123.0
15647,15647,109,15,50,1,0,23,260.0,117.0,117.0,143.0
15648,15648,109,16,0,1,0,23,234.0,95.0,95.0,139.0
15649,15649,109,16,10,1,0,23,257.0,92.0,92.0,165.0
15650,15650,109,16,20,1,0,23,293.0,122.0,122.0,171.0
15651,15651,109,16,30,1,0,23,337.0,165.0,165.0,172.0
15652,15652,109,16,40,1,0,23,323.0,83.0,83.0,240.0
15653,15653,109,16,50,1,0,23,397.0,191.0,191.0,206.0
15654,15654,109,17,0,1,0,23,365.0,52.0,52.0,313.0
15655,15655,109,17,10,1,0,23,755.0,257.0,257.0,498.0
15656,15656,109,17,20,1,0,23,508.0,129.0,129.0,379.0
15657,15657,109,17,30,1,0,23,602.0,245.0,245.0,357.0
15658,15658,109,17,40,1,0,23,1027.0,271.0,271.0,756.0
15659,15659,109,17,50,1,0,23,852.0,267.0,267.0,585.0
15660,15660,109,18,0,1,0,23,813.0,321.0,321.0,492.0
15661,15661,109,18,10,1,0,23,1084.0,266.0,266.0,818.0
15662,15662,109,18,20,1,0,23,1069.0,297.0,297.0,772.0
15663,15663,109,18,30,1,0,23,907.0,341.0,341.0,566.0
15664,15664,109,18,40,1,0,23,710.0,277.0,277.0,433.0
15665,15665,109,18,50,1,0,23,610.0,261.0,261.0,349.0
15666,15666,109,19,0,1,0,23,614.0,269.0,269.0,345.0
15667,15667,109,19,10,1,0,23,507.0,202.0,202.0,305.0
15668,15668,109,19,20,1,0,23,344.0,125.0,125.0,219.0
15669,15669,109,19,30,1,0,23,449.0,189.0,189.0,260.0
15670,15670,109,19,40,1,0,23,263.0,103.0,103.0,160.0
15671,15671,109,19,50,1,0,23,234.0,69.0,69.0,165.0
15672,15672,109,20,0,1,0,23,290.0,153.0,153.0,137.0
15673,15673,109,20,10,1,0,23,245.0,77.0,77.0,168.0
15674,15674,109,20,20,1,0,23,219.0,90.0,90.0,129.0
15675,15675,109,20,30,1,0,23,188.0,80.0,80.0,108.0
15676,15676,109,20,40,1,0,23,257.0,94.0,94.0,163.0
15677,15677,109,20,50,1,0,23,186.0,46.0,46.0,140.0
15678,15678,109,21,0,1,0,23,227.0,94.0,94.0,133.0
15679,15679,109,21,10,1,0,23,254.0,103.0,103.0,151.0
15680,15680,109,21,20,1,0,23,227.0,72.0,72.0,155.0
15681,15681,109,21,30,1,0,23,185.0,60.0,60.0,125.0
15682,15682,109,21,40,1,0,23,156.0,76.0,76.0,80.0
15683,15683,109,21,50,1,0,23,142.0,71.0,71.0,71.0
15684,15684,109,22,0,1,0,23,157.0,66.0,66.0,91.0
15685,15685,109,22,10,1,0,23,141.0,75.0,75.0,66.0
15686,15686,109,22,20,1,0,23,110.0,79.0,79.0,31.0
15687,15687,109,22,30,1,0,23,97.0,66.0,66.0,31.0
15688,15688,109,22,40,1,0,23,70.0,57.0,57.0,13.0
15689,15689,109,22,50,1,0,23,74.0,58.0,58.0,16.0
15726,15726,110,5,0,1,0,23,15.0,0.0,0.0,15.0
15727,15727,110,5,10,1,0,23,43.0,0.0,0.0,43.0
15728,15728,110,5,20,1,0,23,52.0,0.0,0.0,52.0
15729,15729,110,5,30,1,0,23,23.0,0.0,0.0,23.0
15730,15730,110,5,40,1,0,23,37.0,5.0,5.0,32.0
15731,15731,110,5,50,1,0,23,140.0,7.0,7.0,133.0
15732,15732,110,6,0,1,0,23,64.0,7.0,7.0,57.0
15733,15733,110,6,10,1,0,23,108.0,15.0,15.0,93.0
15734,15734,110,6,20,1,0,23,138.0,61.0,61.0,77.0
15735,15735,110,6,30,1,0,23,186.0,89.0,89.0,97.0
15736,15736,110,6,40,1,0,23,300.0,89.0,89.0,211.0
15737,15737,110,6,50,1,0,23,375.0,154.0,154.0,221.0
15738,15738,110,7,0,1,0,23,433.0,171.0,171.0,262.0
15739,15739,110,7,10,1,0,23,402.0,181.0,181.0,221.0
15740,15740,110,7,20,1,0,23,531.0,165.0,165.0,366.0
15741,15741,110,7,30,1,0,23,803.0,198.0,198.0,605.0
15742,15742,110,7,40,1,0,23,680.0,183.0,183.0,497.0
15743,15743,110,7,50,1,0,23,879.0,236.0,236.0,643.0
15744,15744,110,8,0,1,0,23,1055.0,258.0,258.0,797.0
15745,15745,110,8,10,1,0,23,887.0,261.0,261.0,626.0
15746,15746,110,8,20,1,0,23,791.0,226.0,226.0,565.0
15747,15747,110,8,30,1,0,23,1009.0,314.0,314.0,695.0
15748,15748,110,8,40,1,0,23,751.0,300.0,300.0,451.0
15749,15749,110,8,50,1,0,23,479.0,200.0,200.0,279.0
15750,15750,110,9,0,1,0,23,723.0,169.0,169.0,554.0
15751,15751,110,9,10,1,0,23,349.0,130.0,130.0,219.0
15752,15752,110,9,20,1,0,23,545.0,150.0,150.0,395.0
15753,15753,110,9,30,1,0,23,412.0,115.0,115.0,297.0
15754,15754,110,9,40,1,0,23,353.0,147.0,147.0,206.0
15755,15755,110,9,50,1,0,23,230.0,114.0,114.0,116.0
15756,15756,110,10,0,1,0,23,217.0,118.0,118.0,99.0
15757,15757,110,10,10,1,0,23,267.0,119.0,119.0,148.0
15758,15758,110,10,20,1,0,23,277.0,133.0,133.0,144.0
15759,15759,110,10,30,1,0,23,201.0,101.0,101.0,100.0
15760,15760,110,10,40,1,0,23,204.0,94.0,94.0,110.0
15761,15761,110,10,50,1,0,23,205.0,128.0,128.0,77.0
15762,15762,110,11,0,1,0,23,272.0,109.0,109.0,163.0
15763,15763,110,11,10,1,0,23,264.0,124.0,124.0,140.0
15764,15764,110,11,20,1,0,23,210.0,93.0,93.0,117.0
15765,15765,110,11,30,1,0,23,230.0,101.0,101.0,129.0
15766,15766,110,11,40,1,0,23,213.0,87.0,87.0,126.0
15767,15767,110,11,50,1,0,23,246.0,113.0,113.0,133.0
15768,15768,110,12,0,1,0,23,218.0,78.0,78.0,140.0
15769,15769,110,12,10,1,0,23,203.0,101.0,101.0,102.0
15770,15770,110,12,20,1,0,23,246.0,107.0,107.0,139.0
15771,15771,110,12,30,1,0,23,269.0,114.0,114.0,155.0
15772,15772,110,12,40,1,0,23,216.0,111.0,111.0,105.0
15773,15773,110,12,50,1,0,23,285.0,132.0,132.0,153.0
15774,15774,110,13,0,1,0,23,256.0,137.0,137.0,119.0
15775,15775,110,13,10,1,0,23,231.0,117.0,117.0,114.0
15776,15776,110,13,20,1,0,23,258.0,145.0,145.0,113.0
15777,15777,110,13,30,1,0,23,265.0,140.0,140.0,125.0
15778,15778,110,13,40,1,0,23,190.0,92.0,92.0,98.0
15779,15779,110,13,50,1,0,23,233.0,140.0,140.0,93.0
15780,15780,110,14,0,1,0,23,207.0,79.0,79.0,128.0
15781,15781,110,14,10,1,0,23,270.0,144.0,144.0,126.0
15782,15782,110,14,20,1,0,23,267.0,150.0,150.0,117.0
15783,15783,110,14,30,1,0,23,299.0,160.0,160.0,139.0
15784,15784,110,14,40,1,0,23,204.0,136.0,136.0,68.0
15785,15785,110,14,50,1,0,23,198.0,107.0,107.0,91.0
15786,15786,110,15,0,1,0,23,324.0,198.0,198.0,126.0
15787,15787,110,15,10,1,0,23,285.0,137.0,137.0,148.0
15788,15788,110,15,20,1,0,23,306.0,162.0,162.0,144.0
15789,15789,110,15,30,1,0,23,365.0,160.0,160.0,205.0
15790,15790,110,15,40,1,0,23,310.0,196.0,196.0,114.0
15791,15791,110,15,50,1,0,23,327.0,174.0,174.0,153.0
15792,15792,110,16,0,1,0,23,402.0,226.0,226.0,176.0
15793,15793,110,16,10,1,0,23,366.0,184.0,184.0,182.0
15794,15794,110,16,20,1,0,23,369.0,193.0,193.0,176.0
15795,15795,110,16,30,1,0,23,329.0,184.0,184.0,145.0
15796,15796,110,16,40,1,0,23,392.0,192.0,192.0,200.0
15797,15797,110,16,50,1,0,23,404.0,240.0,240.0,164.0
15798,15798,110,17,0,1,0,23,463.0,246.0,246.0,217.0
15799,15799,110,17,10,1,0,23,576.0,287.0,287.0,289.0
15800,15800,110,17,20,1,0,23,492.0,286.0,286.0,206.0
15801,15801,110,17,30,1,0,23,620.0,328.0,328.0,292.0
15802,15802,110,17,40,1,0,23,568.0,357.0,357.0,211.0
15803,15803,110,17,50,1,0,23,640.0,413.0,413.0,227.0
15804,15804,110,18,0,1,0,23,679.0,425.0,425.0,254.0
15805,15805,110,18,10,1,0,23,650.0,381.0,381.0,269.0
15806,15806,110,18,20,1,0,23,670.0,413.0,413.0,257.0
15807,15807,110,18,30,1,0,23,750.0,440.0,440.0,310.0
15808,15808,110,18,40,1,0,23,753.0,528.0,528.0,225.0
15809,15809,110,18,50,1,0,23,509.0,290.0,290.0,219.0
15810,15810,110,19,0,1,0,23,586.0,434.0,434.0,152.0
15811,15811,110,19,10,1,0,23,424.0,331.0,331.0,93.0
15812,15812,110,19,20,1,0,23,305.0,234.0,234.0,71.0
15813,15813,110,19,30,1,0,23,412.0,319.0,319.0,93.0
15814,15814,110,19,40,1,0,23,278.0,192.0,192.0,86.0
15815,15815,110,19,50,1,0,23,291.0,187.0,187.0,104.0
15816,15816,110,20,0,1,0,23,271.0,186.0,186.0,85.0
15817,15817,110,20,10,1,0,23,279.0,214.0,214.0,65.0
15818,15818,110,20,20,1,0,23,284.0,212.0,212.0,72.0
15819,15819,110,20,30,1,0,23,239.0,179.0,179.0,60.0
15820,15820,110,20,40,1,0,23,248.0,132.0,132.0,116.0
15821,15821,110,20,50,1,0,23,208.0,157.0,157.0,51.0
15822,15822,110,21,0,1,0,23,273.0,140.0,140.0,133.0
15823,15823,110,21,10,1,0,23,265.0,156.0,156.0,109.0
15824,15824,110,21,20,1,0,23,201.0,92.0,92.0,109.0
15825,15825,110,21,30,1,0,23,178.0,113.0,113.0,65.0
15826,15826,110,21,40,1,0,23,200.0,155.0,155.0,45.0
15827,15827,110,21,50,1,0,23,149.0,121.0,121.0,28.0
15828,15828,110,22,0,1,0,23,227.0,156.0,156.0,71.0
15829,15829,110,22,10,1,0,23,175.0,139.0,139.0,36.0
15830,15830,110,22,20,1,0,23,140.0,122.0,122.0,18.0
15831,15831,110,22,30,1,0,23,136.0,123.0,123.0,13.0
15832,15832,110,22,40,1,0,23,68.0,62.0,62.0,6.0
15833,15833,110,22,50,1,0,23,57.0,52.0,52.0,5.0
15870,15870,111,5,0,1,0,23,0.0,0.0,0.0,0.0
15871,15871,111,5,10,1,0,23,4.0,1.0,1.0,3.0
15872,15872,111,5,20,1,0,23,2.0,1.0,1.0,1.0
15873,15873,111,5,30,1,0,23,3.0,0.0,0.0,3.0
15874,15874,111,5,40,1,0,23,15.0,11.0,11.0,4.0
15875,15875,111,5,50,1,0,23,18.0,7.0,7.0,11.0
15876,15876,111,6,0,1,0,23,33.0,16.0,16.0,17.0
15877,15877,111,6,10,1,0,23,56.0,38.0,38.0,18.0
15878,15878,111,6,20,1,0,23,87.0,61.0,61.0,26.0
15879,15879,111,6,30,1,0,23,118.0,72.0,72.0,46.0
15880,15880,111,6,40,1,0,23,132.0,79.0,79.0,53.0
15881,15881,111,6,50,1,0,23,126.0,71.0,71.0,55.0
15882,15882,111,7,0,1,0,23,201.0,121.0,121.0,80.0
15883,15883,111,7,10,1,0,23,218.0,111.0,111.0,107.0
15884,15884,111,7,20,1,0,23,249.0,151.0,151.0,98.0
15885,15885,111,7,30,1,0,23,310.0,194.0,194.0,116.0
15886,15886,111,7,40,1,0,23,372.0,220.0,220.0,152.0
15887,15887,111,7,50,1,0,23,514.0,325.0,325.0,189.0
15888,15888,111,8,0,1,0,23,754.0,529.0,529.0,225.0
15889,15889,111,8,10,1,0,23,848.0,621.0,621.0,227.0
15890,15890,111,8,20,1,0,23,789.0,588.0,588.0,201.0
15891,15891,111,8,30,1,0,23,918.0,742.0,742.0,176.0
15892,15892,111,8,40,1,0,23,1139.0,974.0,974.0,165.0
15893,15893,111,8,50,1,0,23,868.0,764.0,764.0,104.0
15894,15894,111,9,0,1,0,23,632.0,498.0,498.0,134.0
15895,15895,111,9,10,1,0,23,540.0,450.0,450.0,90.0
15896,15896,111,9,20,1,0,23,559.0,463.0,463.0,96.0
15897,15897,111,9,30,1,0,23,408.0,331.0,331.0,77.0
15898,15898,111,9,40,1,0,23,348.0,265.0,265.0,83.0
15899,15899,111,9,50,1,0,23,281.0,209.0,209.0,72.0
15900,15900,111,10,0,1,0,23,229.0,166.0,166.0,63.0
15901,15901,111,10,10,1,0,23,222.0,147.0,147.0,75.0
15902,15902,111,10,20,1,0,23,177.0,120.0,120.0,57.0
15903,15903,111,10,30,1,0,23,221.0,157.0,157.0,64.0
15904,15904,111,10,40,1,0,23,225.0,160.0,160.0,65.0
15905,15905,111,10,50,1,0,23,187.0,119.0,119.0,68.0
15906,15906,111,11,0,1,0,23,173.0,117.0,117.0,56.0
15907,15907,111,11,10,1,0,23,205.0,112.0,112.0,93.0
15908,15908,111,11,20,1,0,23,189.0,116.0,116.0,73.0
15909,15909,111,11,30,1,0,23,170.0,106.0,106.0,64.0
15910,15910,111,11,40,1,0,23,171.0,107.0,107.0,64.0
15911,15911,111,11,50,1,0,23,184.0,128.0,128.0,56.0
15912,15912,111,12,0,1,0,23,182.0,122.0,122.0,60.0
15913,15913,111,12,10,1,0,23,112.0,48.0,48.0,64.0
15914,15914,111,12,20,1,0,23,231.0,178.0,178.0,53.0
15915,15915,111,12,30,1,0,23,211.0,148.0,148.0,63.0
15916,15916,111,12,40,1,0,23,190.0,97.0,97.0,93.0
15917,15917,111,12,50,1,0,23,236.0,162.0,162.0,74.0
15918,15918,111,13,0,1,0,23,239.0,167.0,167.0,72.0
15919,15919,111,13,10,1,0,23,267.0,163.0,163.0,104.0
15920,15920,111,13,20,1,0,23,235.0,154.0,154.0,81.0
15921,15921,111,13,30,1,0,23,229.0,150.0,150.0,79.0
15922,15922,111,13,40,1,0,23,223.0,148.0,148.0,75.0
15923,15923,111,13,50,1,0,23,243.0,157.0,157.0,86.0
15924,15924,111,14,0,1,0,23,231.0,158.0,158.0,73.0
15925,15925,111,14,10,1,0,23,204.0,127.0,127.0,77.0
15926,15926,111,14,20,1,0,23,216.0,131.0,131.0,85.0
15927,15927,111,14,30,1,0,23,160.0,106.0,106.0,54.0
15928,15928,111,14,40,1,0,23,237.0,140.0,140.0,97.0
15929,15929,111,14,50,1,0,23,221.0,119.0,119.0,102.0
15930,15930,111,15,0,1,0,23,237.0,114.0,114.0,123.0
15931,15931,111,15,10,1,0,23,277.0,161.0,161.0,116.0
15932,15932,111,15,20,1,0,23,185.0,95.0,95.0,90.0
15933,15933,111,15,30,1,0,23,239.0,160.0,160.0,79.0
15934,15934,111,15,40,1,0,23,261.0,151.0,151.0,110.0
15935,15935,111,15,50,1,0,23,256.0,157.0,157.0,99.0
15936,15936,111,16,0,1,0,23,260.0,151.0,151.0,109.0
15937,15937,111,16,10,1,0,23,265.0,158.0,158.0,107.0
15938,15938,111,16,20,1,0,23,246.0,134.0,134.0,112.0
15939,15939,111,16,30,1,0,23,248.0,130.0,130.0,118.0
15940,15940,111,16,40,1,0,23,310.0,171.0,171.0,139.0
15941,15941,111,16,50,1,0,23,330.0,172.0,172.0,158.0
15942,15942,111,17,0,1,0,23,353.0,193.0,193.0,160.0
15943,15943,111,17,10,1,0,23,446.0,218.0,218.0,228.0
15944,15944,111,17,20,1,0,23,473.0,246.0,246.0,227.0
15945,15945,111,17,30,1,0,23,539.0,271.0,271.0,268.0
15946,15946,111,17,40,1,0,23,636.0,257.0,257.0,379.0
15947,15947,111,17,50,1,0,23,687.0,319.0,319.0,368.0
15948,15948,111,18,0,1,0,23,596.0,355.0,355.0,241.0
15949,15949,111,18,10,1,0,23,707.0,338.0,338.0,369.0
15950,15950,111,18,20,1,0,23,616.0,320.0,320.0,296.0
15951,15951,111,18,30,1,0,23,607.0,382.0,382.0,225.0
15952,15952,111,18,40,1,0,23,429.0,248.0,248.0,181.0
15953,15953,111,18,50,1,0,23,448.0,295.0,295.0,153.0
15954,15954,111,19,0,1,0,23,360.0,244.0,244.0,116.0
15955,15955,111,19,10,1,0,23,262.0,154.0,154.0,108.0
15956,15956,111,19,20,1,0,23,294.0,172.0,172.0,122.0
15957,15957,111,19,30,1,0,23,230.0,143.0,143.0,87.0
15958,15958,111,19,40,1,0,23,219.0,130.0,130.0,89.0
15959,15959,111,19,50,1,0,23,195.0,111.0,111.0,84.0
15960,15960,111,20,0,1,0,23,176.0,111.0,111.0,65.0
15961,15961,111,20,10,1,0,23,144.0,79.0,79.0,65.0
15962,15962,111,20,20,1,0,23,164.0,91.0,91.0,73.0
15963,15963,111,20,30,1,0,23,165.0,88.0,88.0,77.0
15964,15964,111,20,40,1,0,23,194.0,113.0,113.0,81.0
15965,15965,111,20,50,1,0,23,133.0,77.0,77.0,56.0
15966,15966,111,21,0,1,0,23,157.0,75.0,75.0,82.0
15967,15967,111,21,10,1,0,23,175.0,79.0,79.0,96.0
15968,15968,111,21,20,1,0,23,148.0,73.0,73.0,75.0
15969,15969,111,21,30,1,0,23,138.0,93.0,93.0,45.0
15970,15970,111,21,40,1,0,23,143.0,97.0,97.0,46.0
15971,15971,111,21,50,1,0,23,118.0,82.0,82.0,36.0
15972,15972,111,22,0,1,0,23,124.0,60.0,60.0,64.0
15973,15973,111,22,10,1,0,23,118.0,64.0,64.0,54.0
15974,15974,111,22,20,1,0,23,111.0,76.0,76.0,35.0
15975,15975,111,22,30,1,0,23,99.0,77.0,77.0,22.0
15976,15976,111,22,40,1,0,23,49.0,40.0,40.0,9.0
15977,15977,111,22,50,1,0,23,34.0,31.0,31.0,3.0
16014,16014,112,5,0,1,0,23,4.0,0.0,0.0,4.0
16015,16015,112,5,10,1,0,23,38.0,1.0,1.0,37.0
16016,16016,112,5,20,1,0,23,67.0,1.0,1.0,66.0
16017,16017,112,5,30,1,0,23,54.0,1.0,1.0,53.0
16018,16018,112,5,40,1,0,23,107.0,0.0,0.0,107.0
16019,16019,112,5,50,1,0,23,135.0,0.0,0.0,135.0
16020,16020,112,6,0,1,0,23,248.0,32.0,32.0,216.0
16021,16021,112,6,10,1,0,23,416.0,31.0,31.0,385.0
16022,16022,112,6,20,1,0,23,556.0,117.0,117.0,439.0
16023,16023,112,6,30,1,0,23,815.0,136.0,136.0,679.0
16024,16024,112,6,40,1,0,23,1143.0,313.0,313.0,830.0
16025,16025,112,6,50,1,0,23,1289.0,354.0,354.0,935.0
16026,16026,112,7,0,1,0,23,1741.0,476.0,476.0,1265.0
16027,16027,112,7,10,1,0,23,2257.0,484.0,484.0,1773.0
16028,16028,112,7,20,1,0,23,2553.0,641.0,641.0,1912.0
16029,16029,112,7,30,1,0,23,3019.0,586.0,586.0,2433.0
16030,16030,112,7,40,1,0,23,3275.0,801.0,801.0,2474.0
16031,16031,112,7,50,1,0,23,3401.0,780.0,780.0,2621.0
16032,16032,112,8,0,1,0,23,3728.0,953.0,953.0,2775.0
16033,16033,112,8,10,1,0,23,3746.0,1006.0,1006.0,2740.0
16034,16034,112,8,20,1,0,23,3243.0,1011.0,1011.0,2232.0
16035,16035,112,8,30,1,0,23,3250.0,990.0,990.0,2260.0
16036,16036,112,8,40,1,0,23,2687.0,1054.0,1054.0,1633.0
16037,16037,112,8,50,1,0,23,2314.0,796.0,796.0,1518.0
16038,16038,112,9,0,1,0,23,1603.0,535.0,535.0,1068.0
16039,16039,112,9,10,1,0,23,1544.0,475.0,475.0,1069.0
16040,16040,112,9,20,1,0,23,1341.0,427.0,427.0,914.0
16041,16041,112,9,30,1,0,23,1346.0,514.0,514.0,832.0
16042,16042,112,9,40,1,0,23,1037.0,419.0,419.0,618.0
16043,16043,112,9,50,1,0,23,1021.0,400.0,400.0,621.0
16044,16044,112,10,0,1,0,23,863.0,401.0,401.0,462.0
16045,16045,112,10,10,1,0,23,883.0,356.0,356.0,527.0
16046,16046,112,10,20,1,0,23,866.0,339.0,339.0,527.0
16047,16047,112,10,30,1,0,23,833.0,310.0,310.0,523.0
16048,16048,112,10,40,1,0,23,702.0,304.0,304.0,398.0
16049,16049,112,10,50,1,0,23,684.0,319.0,319.0,365.0
16050,16050,112,11,0,1,0,23,541.0,142.0,142.0,399.0
16051,16051,112,11,10,1,0,23,918.0,474.0,474.0,444.0
16052,16052,112,11,20,1,0,23,662.0,304.0,304.0,358.0
16053,16053,112,11,30,1,0,23,685.0,296.0,296.0,389.0
16054,16054,112,11,40,1,0,23,695.0,344.0,344.0,351.0
16055,16055,112,11,50,1,0,23,700.0,316.0,316.0,384.0
16056,16056,112,12,0,1,0,23,588.0,197.0,197.0,391.0
16057,16057,112,12,10,1,0,23,723.0,245.0,245.0,478.0
16058,16058,112,12,20,1,0,23,903.0,479.0,479.0,424.0
16059,16059,112,12,30,1,0,23,866.0,432.0,432.0,434.0
16060,16060,112,12,40,1,0,23,864.0,406.0,406.0,458.0
16061,16061,112,12,50,1,0,23,784.0,366.0,366.0,418.0
16062,16062,112,13,0,1,0,23,859.0,449.0,449.0,410.0
16063,16063,112,13,10,1,0,23,838.0,424.0,424.0,414.0
16064,16064,112,13,20,1,0,23,681.0,275.0,275.0,406.0
16065,16065,112,13,30,1,0,23,826.0,469.0,469.0,357.0
16066,16066,112,13,40,1,0,23,711.0,384.0,384.0,327.0
16067,16067,112,13,50,1,0,23,747.0,367.0,367.0,380.0
16068,16068,112,14,0,1,0,23,691.0,301.0,301.0,390.0
16069,16069,112,14,10,1,0,23,731.0,409.0,409.0,322.0
16070,16070,112,14,20,1,0,23,744.0,373.0,373.0,371.0
16071,16071,112,14,30,1,0,23,795.0,462.0,462.0,333.0
16072,16072,112,14,40,1,0,23,680.0,384.0,384.0,296.0
16073,16073,112,14,50,1,0,23,829.0,475.0,475.0,354.0
16074,16074,112,15,0,1,0,23,758.0,378.0,378.0,380.0
16075,16075,112,15,10,1,0,23,869.0,565.0,565.0,304.0
16076,16076,112,15,20,1,0,23,810.0,433.0,433.0,377.0
16077,16077,112,15,30,1,0,23,880.0,581.0,581.0,299.0
16078,16078,112,15,40,1,0,23,910.0,516.0,516.0,394.0
16079,16079,112,15,50,1,0,23,870.0,547.0,547.0,323.0
16080,16080,112,16,0,1,0,23,890.0,505.0,505.0,385.0
16081,16081,112,16,10,1,0,23,1099.0,644.0,644.0,455.0
16082,16082,112,16,20,1,0,23,1070.0,618.0,618.0,452.0
16083,16083,112,16,30,1,0,23,1196.0,737.0,737.0,459.0
16084,16084,112,16,40,1,0,23,1287.0,714.0,714.0,573.0
16085,16085,112,16,50,1,0,23,1345.0,693.0,693.0,652.0
16086,16086,112,17,0,1,0,23,1570.0,993.0,993.0,577.0
16087,16087,112,17,10,1,0,23,1596.0,808.0,808.0,788.0
16088,16088,112,17,20,1,0,23,1797.0,1044.0,1044.0,753.0
16089,16089,112,17,30,1,0,23,1810.0,982.0,982.0,828.0
16090,16090,112,17,40,1,0,23,2352.0,1406.0,1406.0,946.0
16091,16091,112,17,50,1,0,23,2293.0,1456.0,1456.0,837.0
16092,16092,112,18,0,1,0,23,2440.0,1622.0,1622.0,818.0
16093,16093,112,18,10,1,0,23,2195.0,1459.0,1459.0,736.0
16094,16094,112,18,20,1,0,23,2375.0,1639.0,1639.0,736.0
16095,16095,112,18,30,1,0,23,2314.0,1773.0,1773.0,541.0
16096,16096,112,18,40,1,0,23,2069.0,1557.0,1557.0,512.0
16097,16097,112,18,50,1,0,23,2401.0,1952.0,1952.0,449.0
16098,16098,112,19,0,1,0,23,1907.0,1516.0,1516.0,391.0
16099,16099,112,19,10,1,0,23,1626.0,1347.0,1347.0,279.0
16100,16100,112,19,20,1,0,23,1530.0,1159.0,1159.0,371.0
16101,16101,112,19,30,1,0,23,1389.0,1136.0,1136.0,253.0
16102,16102,112,19,40,1,0,23,1109.0,837.0,837.0,272.0
16103,16103,112,19,50,1,0,23,1026.0,740.0,740.0,286.0
16104,16104,112,20,0,1,0,23,888.0,648.0,648.0,240.0
16105,16105,112,20,10,1,0,23,869.0,608.0,608.0,261.0
16106,16106,112,20,20,1,0,23,741.0,428.0,428.0,313.0
16107,16107,112,20,30,1,0,23,706.0,442.0,442.0,264.0
16108,16108,112,20,40,1,0,23,897.0,628.0,628.0,269.0
16109,16109,112,20,50,1,0,23,945.0,640.0,640.0,305.0
16110,16110,112,21,0,1,0,23,789.0,511.0,511.0,278.0
16111,16111,112,21,10,1,0,23,800.0,505.0,505.0,295.0
16112,16112,112,21,20,1,0,23,744.0,499.0,499.0,245.0
16113,16113,112,21,30,1,0,23,621.0,405.0,405.0,216.0
16114,16114,112,21,40,1,0,23,731.0,533.0,533.0,198.0
16115,16115,112,21,50,1,0,23,692.0,506.0,506.0,186.0
16116,16116,112,22,0,1,0,23,636.0,460.0,460.0,176.0
16117,16117,112,22,10,1,0,23,651.0,445.0,445.0,206.0
16118,16118,112,22,20,1,0,23,454.0,350.0,350.0,104.0
16119,16119,112,22,30,1,0,23,560.0,559.0,559.0,1.0
16120,16120,112,22,40,1,0,23,381.0,379.0,379.0,2.0
16121,16121,112,22,50,1,0,23,337.0,336.0,336.0,1.0
16158,16158,113,5,0,1,0,23,1.0,1.0,1.0,0.0
16159,16159,113,5,10,1,0,23,4.0,0.0,0.0,4.0
16160,16160,113,5,20,1,0,23,22.0,0.0,0.0,22.0
16161,16161,113,5,30,1,0,23,77.0,0.0,0.0,77.0
16162,16162,113,5,40,1,0,23,115.0,3.0,3.0,112.0
16163,16163,113,5,50,1,0,23,149.0,5.0,5.0,144.0
16164,16164,113,6,0,1,0,23,213.0,23.0,23.0,190.0
16165,16165,113,6,10,1,0,23,275.0,15.0,15.0,260.0
16166,16166,113,6,20,1,0,23,374.0,20.0,20.0,354.0
16167,16167,113,6,30,1,0,23,439.0,23.0,23.0,416.0
16168,16168,113,6,40,1,0,23,583.0,40.0,40.0,543.0
16169,16169,113,6,50,1,0,23,759.0,88.0,88.0,671.0
16170,16170,113,7,0,1,0,23,778.0,64.0,64.0,714.0
16171,16171,113,7,10,1,0,23,914.0,58.0,58.0,856.0
16172,16172,113,7,20,1,0,23,1221.0,109.0,109.0,1112.0
16173,16173,113,7,30,1,0,23,1405.0,91.0,91.0,1314.0
16174,16174,113,7,40,1,0,23,1587.0,102.0,102.0,1485.0
16175,16175,113,7,50,1,0,23,1530.0,107.0,107.0,1423.0
16176,16176,113,8,0,1,0,23,1621.0,88.0,88.0,1533.0
16177,16177,113,8,10,1,0,23,1664.0,116.0,116.0,1548.0
16178,16178,113,8,20,1,0,23,1388.0,101.0,101.0,1287.0
16179,16179,113,8,30,1,0,23,1080.0,95.0,95.0,985.0
16180,16180,113,8,40,1,0,23,977.0,118.0,118.0,859.0
16181,16181,113,8,50,1,0,23,751.0,72.0,72.0,679.0
16182,16182,113,9,0,1,0,23,641.0,90.0,90.0,551.0
16183,16183,113,9,10,1,0,23,592.0,95.0,95.0,497.0
16184,16184,113,9,20,1,0,23,399.0,73.0,73.0,326.0
16185,16185,113,9,30,1,0,23,376.0,85.0,85.0,291.0
16186,16186,113,9,40,1,0,23,369.0,80.0,80.0,289.0
16187,16187,113,9,50,1,0,23,322.0,81.0,81.0,241.0
16188,16188,113,10,0,1,0,23,280.0,77.0,77.0,203.0
16189,16189,113,10,10,1,0,23,262.0,68.0,68.0,194.0
16190,16190,113,10,20,1,0,23,263.0,103.0,103.0,160.0
16191,16191,113,10,30,1,0,23,175.0,33.0,33.0,142.0
16192,16192,113,10,40,1,0,23,223.0,73.0,73.0,150.0
16193,16193,113,10,50,1,0,23,193.0,63.0,63.0,130.0
16194,16194,113,11,0,1,0,23,208.0,84.0,84.0,124.0
16195,16195,113,11,10,1,0,23,207.0,91.0,91.0,116.0
16196,16196,113,11,20,1,0,23,188.0,61.0,61.0,127.0
16197,16197,113,11,30,1,0,23,196.0,87.0,87.0,109.0
16198,16198,113,11,40,1,0,23,241.0,122.0,122.0,119.0
16199,16199,113,11,50,1,0,23,256.0,89.0,89.0,167.0
16200,16200,113,12,0,1,0,23,253.0,92.0,92.0,161.0
16201,16201,113,12,10,1,0,23,270.0,93.0,93.0,177.0
16202,16202,113,12,20,1,0,23,215.0,69.0,69.0,146.0
16203,16203,113,12,30,1,0,23,241.0,108.0,108.0,133.0
16204,16204,113,12,40,1,0,23,244.0,85.0,85.0,159.0
16205,16205,113,12,50,1,0,23,175.0,53.0,53.0,122.0
16206,16206,113,13,0,1,0,23,247.0,127.0,127.0,120.0
16207,16207,113,13,10,1,0,23,217.0,103.0,103.0,114.0
16208,16208,113,13,20,1,0,23,164.0,51.0,51.0,113.0
16209,16209,113,13,30,1,0,23,224.0,100.0,100.0,124.0
16210,16210,113,13,40,1,0,23,246.0,146.0,146.0,100.0
16211,16211,113,13,50,1,0,23,209.0,106.0,106.0,103.0
16212,16212,113,14,0,1,0,23,210.0,125.0,125.0,85.0
16213,16213,113,14,10,1,0,23,124.0,44.0,44.0,80.0
16214,16214,113,14,20,1,0,23,240.0,133.0,133.0,107.0
16215,16215,113,14,30,1,0,23,203.0,124.0,124.0,79.0
16216,16216,113,14,40,1,0,23,221.0,145.0,145.0,76.0
16217,16217,113,14,50,1,0,23,196.0,109.0,109.0,87.0
16218,16218,113,15,0,1,0,23,235.0,164.0,164.0,71.0
16219,16219,113,15,10,1,0,23,184.0,73.0,73.0,111.0
16220,16220,113,15,20,1,0,23,295.0,214.0,214.0,81.0
16221,16221,113,15,30,1,0,23,279.0,192.0,192.0,87.0
16222,16222,113,15,40,1,0,23,263.0,189.0,189.0,74.0
16223,16223,113,15,50,1,0,23,217.0,140.0,140.0,77.0
16224,16224,113,16,0,1,0,23,356.0,251.0,251.0,105.0
16225,16225,113,16,10,1,0,23,144.0,78.0,78.0,66.0
16226,16226,113,16,20,1,0,23,412.0,303.0,303.0,109.0
16227,16227,113,16,30,1,0,23,366.0,234.0,234.0,132.0
16228,16228,113,16,40,1,0,23,453.0,315.0,315.0,138.0
16229,16229,113,16,50,1,0,23,351.0,202.0,202.0,149.0
16230,16230,113,17,0,1,0,23,490.0,353.0,353.0,137.0
16231,16231,113,17,10,1,0,23,307.0,196.0,196.0,111.0
16232,16232,113,17,20,1,0,23,674.0,519.0,519.0,155.0
16233,16233,113,17,30,1,0,23,447.0,300.0,300.0,147.0
16234,16234,113,17,40,1,0,23,655.0,508.0,508.0,147.0
16235,16235,113,17,50,1,0,23,1049.0,858.0,858.0,191.0
16236,16236,113,18,0,1,0,23,880.0,724.0,724.0,156.0
16237,16237,113,18,10,1,0,23,896.0,765.0,765.0,131.0
16238,16238,113,18,20,1,0,23,995.0,796.0,796.0,199.0
16239,16239,113,18,30,1,0,23,921.0,771.0,771.0,150.0
16240,16240,113,18,40,1,0,23,941.0,783.0,783.0,158.0
16241,16241,113,18,50,1,0,23,955.0,811.0,811.0,144.0
16242,16242,113,19,0,1,0,23,819.0,673.0,673.0,146.0
16243,16243,113,19,10,1,0,23,696.0,577.0,577.0,119.0
16244,16244,113,19,20,1,0,23,615.0,499.0,499.0,116.0
16245,16245,113,19,30,1,0,23,354.0,292.0,292.0,62.0
16246,16246,113,19,40,1,0,23,581.0,482.0,482.0,99.0
16247,16247,113,19,50,1,0,23,386.0,283.0,283.0,103.0
16248,16248,113,20,0,1,0,23,247.0,179.0,179.0,68.0
16249,16249,113,20,10,1,0,23,404.0,322.0,322.0,82.0
16250,16250,113,20,20,1,0,23,318.0,240.0,240.0,78.0
16251,16251,113,20,30,1,0,23,200.0,145.0,145.0,55.0
16252,16252,113,20,40,1,0,23,291.0,229.0,229.0,62.0
16253,16253,113,20,50,1,0,23,292.0,224.0,224.0,68.0
16254,16254,113,21,0,1,0,23,259.0,205.0,205.0,54.0
16255,16255,113,21,10,1,0,23,302.0,237.0,237.0,65.0
16256,16256,113,21,20,1,0,23,279.0,219.0,219.0,60.0
16257,16257,113,21,30,1,0,23,231.0,193.0,193.0,38.0
16258,16258,113,21,40,1,0,23,235.0,199.0,199.0,36.0
16259,16259,113,21,50,1,0,23,240.0,208.0,208.0,32.0
16260,16260,113,22,0,1,0,23,210.0,176.0,176.0,34.0
16261,16261,113,22,10,1,0,23,192.0,164.0,164.0,28.0
16262,16262,113,22,20,1,0,23,225.0,202.0,202.0,23.0
16263,16263,113,22,30,1,0,23,213.0,193.0,193.0,20.0
16264,16264,113,22,40,1,0,23,276.0,262.0,262.0,14.0
16265,16265,113,22,50,1,0,23,212.0,193.0,193.0,19.0
16302,16302,114,5,0,1,0,23,0.0,0.0,0.0,0.0
16303,16303,114,5,10,1,0,23,2.0,0.0,0.0,2.0
16304,16304,114,5,20,1,0,23,16.0,0.0,0.0,16.0
16305,16305,114,5,30,1,0,23,17.0,0.0,0.0,17.0
16306,16306,114,5,40,1,0,23,24.0,0.0,0.0,24.0
16307,16307,114,5,50,1,0,23,26.0,0.0,0.0,26.0
16308,16308,114,6,0,1,0,23,38.0,6.0,6.0,32.0
16309,16309,114,6,10,1,0,23,75.0,5.0,5.0,70.0
16310,16310,114,6,20,1,0,23,109.0,6.0,6.0,103.0
16311,16311,114,6,30,1,0,23,163.0,26.0,26.0,137.0
16312,16312,114,6,40,1,0,23,227.0,19.0,19.0,208.0
16313,16313,114,6,50,1,0,23,278.0,31.0,31.0,247.0
16314,16314,114,7,0,1,0,23,387.0,78.0,78.0,309.0
16315,16315,114,7,10,1,0,23,501.0,88.0,88.0,413.0
16316,16316,114,7,20,1,0,23,670.0,118.0,118.0,552.0
16317,16317,114,7,30,1,0,23,762.0,144.0,144.0,618.0
16318,16318,114,7,40,1,0,23,848.0,109.0,109.0,739.0
16319,16319,114,7,50,1,0,23,1007.0,157.0,157.0,850.0
16320,16320,114,8,0,1,0,23,924.0,114.0,114.0,810.0
16321,16321,114,8,10,1,0,23,908.0,127.0,127.0,781.0
16322,16322,114,8,20,1,0,23,765.0,98.0,98.0,667.0
16323,16323,114,8,30,1,0,23,748.0,110.0,110.0,638.0
16324,16324,114,8,40,1,0,23,638.0,83.0,83.0,555.0
16325,16325,114,8,50,1,0,23,493.0,82.0,82.0,411.0
16326,16326,114,9,0,1,0,23,462.0,71.0,71.0,391.0
16327,16327,114,9,10,1,0,23,325.0,53.0,53.0,272.0
16328,16328,114,9,20,1,0,23,255.0,56.0,56.0,199.0
16329,16329,114,9,30,1,0,23,269.0,84.0,84.0,185.0
16330,16330,114,9,40,1,0,23,241.0,61.0,61.0,180.0
16331,16331,114,9,50,1,0,23,188.0,52.0,52.0,136.0
16332,16332,114,10,0,1,0,23,168.0,48.0,48.0,120.0
16333,16333,114,10,10,1,0,23,154.0,45.0,45.0,109.0
16334,16334,114,10,20,1,0,23,97.0,24.0,24.0,73.0
16335,16335,114,10,30,1,0,23,155.0,51.0,51.0,104.0
16336,16336,114,10,40,1,0,23,107.0,50.0,50.0,57.0
16337,16337,114,10,50,1,0,23,116.0,44.0,44.0,72.0
16338,16338,114,11,0,1,0,23,121.0,39.0,39.0,82.0
16339,16339,114,11,10,1,0,23,137.0,53.0,53.0,84.0
16340,16340,114,11,20,1,0,23,144.0,34.0,34.0,110.0
16341,16341,114,11,30,1,0,23,135.0,48.0,48.0,87.0
16342,16342,114,11,40,1,0,23,118.0,48.0,48.0,70.0
16343,16343,114,11,50,1,0,23,147.0,54.0,54.0,93.0
16344,16344,114,12,0,1,0,23,106.0,29.0,29.0,77.0
16345,16345,114,12,10,1,0,23,140.0,65.0,65.0,75.0
16346,16346,114,12,20,1,0,23,157.0,90.0,90.0,67.0
16347,16347,114,12,30,1,0,23,119.0,35.0,35.0,84.0
16348,16348,114,12,40,1,0,23,154.0,91.0,91.0,63.0
16349,16349,114,12,50,1,0,23,145.0,88.0,88.0,57.0
16350,16350,114,13,0,1,0,23,104.0,50.0,50.0,54.0
16351,16351,114,13,10,1,0,23,122.0,62.0,62.0,60.0
16352,16352,114,13,20,1,0,23,118.0,57.0,57.0,61.0
16353,16353,114,13,30,1,0,23,135.0,85.0,85.0,50.0
16354,16354,114,13,40,1,0,23,115.0,51.0,51.0,64.0
16355,16355,114,13,50,1,0,23,113.0,61.0,61.0,52.0
16356,16356,114,14,0,1,0,23,138.0,74.0,74.0,64.0
16357,16357,114,14,10,1,0,23,109.0,52.0,52.0,57.0
16358,16358,114,14,20,1,0,23,204.0,80.0,80.0,124.0
16359,16359,114,14,30,1,0,23,225.0,91.0,91.0,134.0
16360,16360,114,14,40,1,0,23,117.0,66.0,66.0,51.0
16361,16361,114,14,50,1,0,23,155.0,106.0,106.0,49.0
16362,16362,114,15,0,1,0,23,140.0,68.0,68.0,72.0
16363,16363,114,15,10,1,0,23,167.0,111.0,111.0,56.0
16364,16364,114,15,20,1,0,23,150.0,92.0,92.0,58.0
16365,16365,114,15,30,1,0,23,177.0,117.0,117.0,60.0
16366,16366,114,15,40,1,0,23,170.0,109.0,109.0,61.0
16367,16367,114,15,50,1,0,23,176.0,97.0,97.0,79.0
16368,16368,114,16,0,1,0,23,253.0,147.0,147.0,106.0
16369,16369,114,16,10,1,0,23,196.0,121.0,121.0,75.0
16370,16370,114,16,20,1,0,23,252.0,150.0,150.0,102.0
16371,16371,114,16,30,1,0,23,191.0,114.0,114.0,77.0
16372,16372,114,16,40,1,0,23,261.0,181.0,181.0,80.0
16373,16373,114,16,50,1,0,23,235.0,154.0,154.0,81.0
16374,16374,114,17,0,1,0,23,345.0,251.0,251.0,94.0
16375,16375,114,17,10,1,0,23,371.0,245.0,245.0,126.0
16376,16376,114,17,20,1,0,23,330.0,244.0,244.0,86.0
16377,16377,114,17,30,1,0,23,400.0,284.0,284.0,116.0
16378,16378,114,17,40,1,0,23,438.0,319.0,319.0,119.0
16379,16379,114,17,50,1,0,23,430.0,324.0,324.0,106.0
16380,16380,114,18,0,1,0,23,567.0,454.0,454.0,113.0
16381,16381,114,18,10,1,0,23,559.0,441.0,441.0,118.0
16382,16382,114,18,20,1,0,23,570.0,456.0,456.0,114.0
16383,16383,114,18,30,1,0,23,556.0,485.0,485.0,71.0
16384,16384,114,18,40,1,0,23,526.0,469.0,469.0,57.0
16385,16385,114,18,50,1,0,23,517.0,462.0,462.0,55.0
16386,16386,114,19,0,1,0,23,400.0,376.0,376.0,24.0
16387,16387,114,19,10,1,0,23,448.0,407.0,407.0,41.0
16388,16388,114,19,20,1,0,23,259.0,214.0,214.0,45.0
16389,16389,114,19,30,1,0,23,330.0,287.0,287.0,43.0
16390,16390,114,19,40,1,0,23,252.0,212.0,212.0,40.0
16391,16391,114,19,50,1,0,23,179.0,157.0,157.0,22.0
16392,16392,114,20,0,1,0,23,204.0,164.0,164.0,40.0
16393,16393,114,20,10,1,0,23,159.0,139.0,139.0,20.0
16394,16394,114,20,20,1,0,23,161.0,136.0,136.0,25.0
16395,16395,114,20,30,1,0,23,144.0,114.0,114.0,30.0
16396,16396,114,20,40,1,0,23,156.0,131.0,131.0,25.0
16397,16397,114,20,50,1,0,23,162.0,143.0,143.0,19.0
16398,16398,114,21,0,1,0,23,137.0,121.0,121.0,16.0
16399,16399,114,21,10,1,0,23,160.0,134.0,134.0,26.0
16400,16400,114,21,20,1,0,23,163.0,145.0,145.0,18.0
16401,16401,114,21,30,1,0,23,158.0,137.0,137.0,21.0
16402,16402,114,21,40,1,0,23,117.0,111.0,111.0,6.0
16403,16403,114,21,50,1,0,23,133.0,118.0,118.0,15.0
16404,16404,114,22,0,1,0,23,107.0,99.0,99.0,8.0
16405,16405,114,22,10,1,0,23,106.0,100.0,100.0,6.0
16406,16406,114,22,20,1,0,23,80.0,75.0,75.0,5.0
16407,16407,114,22,30,1,0,23,84.0,83.0,83.0,1.0
16408,16408,114,22,40,1,0,23,48.0,47.0,47.0,1.0
16409,16409,114,22,50,1,0,23,42.0,40.0,40.0,2.0
16446,16446,115,5,0,1,0,23,0.0,0.0,0.0,0.0
16447,16447,115,5,10,1,0,23,0.0,0.0,0.0,0.0
16448,16448,115,5,20,1,0,23,2.0,0.0,0.0,2.0
16449,16449,115,5,30,1,0,23,4.0,0.0,0.0,4.0
16450,16450,115,5,40,1,0,23,17.0,0.0,0.0,17.0
16451,16451,115,5,50,1,0,23,51.0,29.0,29.0,22.0
16452,16452,115,6,0,1,0,23,49.0,22.0,22.0,27.0
16453,16453,115,6,10,1,0,23,73.0,30.0,30.0,43.0
16454,16454,115,6,20,1,0,23,88.0,45.0,45.0,43.0
16455,16455,115,6,30,1,0,23,125.0,54.0,54.0,71.0
16456,16456,115,6,40,1,0,23,148.0,55.0,55.0,93.0
16457,16457,115,6,50,1,0,23,251.0,88.0,88.0,163.0
16458,16458,115,7,0,1,0,23,204.0,96.0,96.0,108.0
16459,16459,115,7,10,1,0,23,331.0,144.0,144.0,187.0
16460,16460,115,7,20,1,0,23,375.0,193.0,193.0,182.0
16461,16461,115,7,30,1,0,23,566.0,268.0,268.0,298.0
16462,16462,115,7,40,1,0,23,569.0,249.0,249.0,320.0
16463,16463,115,7,50,1,0,23,669.0,347.0,347.0,322.0
16464,16464,115,8,0,1,0,23,1138.0,814.0,814.0,324.0
16465,16465,115,8,10,1,0,23,1335.0,902.0,902.0,433.0
16466,16466,115,8,20,1,0,23,1230.0,877.0,877.0,353.0
16467,16467,115,8,30,1,0,23,1234.0,924.0,924.0,310.0
16468,16468,115,8,40,1,0,23,1199.0,874.0,874.0,325.0
16469,16469,115,8,50,1,0,23,1072.0,763.0,763.0,309.0
16470,16470,115,9,0,1,0,23,686.0,455.0,455.0,231.0
16471,16471,115,9,10,1,0,23,580.0,393.0,393.0,187.0
16472,16472,115,9,20,1,0,23,526.0,354.0,354.0,172.0
16473,16473,115,9,30,1,0,23,426.0,247.0,247.0,179.0
16474,16474,115,9,40,1,0,23,299.0,186.0,186.0,113.0
16475,16475,115,9,50,1,0,23,293.0,164.0,164.0,129.0
16476,16476,115,10,0,1,0,23,291.0,177.0,177.0,114.0
16477,16477,115,10,10,1,0,23,231.0,123.0,123.0,108.0
16478,16478,115,10,20,1,0,23,186.0,88.0,88.0,98.0
16479,16479,115,10,30,1,0,23,244.0,125.0,125.0,119.0
16480,16480,115,10,40,1,0,23,188.0,85.0,85.0,103.0
16481,16481,115,10,50,1,0,23,217.0,104.0,104.0,113.0
16482,16482,115,11,0,1,0,23,180.0,74.0,74.0,106.0
16483,16483,115,11,10,1,0,23,189.0,86.0,86.0,103.0
16484,16484,115,11,20,1,0,23,227.0,95.0,95.0,132.0
16485,16485,115,11,30,1,0,23,212.0,94.0,94.0,118.0
16486,16486,115,11,40,1,0,23,197.0,101.0,101.0,96.0
16487,16487,115,11,50,1,0,23,148.0,49.0,49.0,99.0
16488,16488,115,12,0,1,0,23,206.0,94.0,94.0,112.0
16489,16489,115,12,10,1,0,23,225.0,90.0,90.0,135.0
16490,16490,115,12,20,1,0,23,218.0,116.0,116.0,102.0
16491,16491,115,12,30,1,0,23,202.0,93.0,93.0,109.0
16492,16492,115,12,40,1,0,23,165.0,64.0,64.0,101.0
16493,16493,115,12,50,1,0,23,257.0,144.0,144.0,113.0
16494,16494,115,13,0,1,0,23,260.0,146.0,146.0,114.0
16495,16495,115,13,10,1,0,23,156.0,64.0,64.0,92.0
16496,16496,115,13,20,1,0,23,274.0,163.0,163.0,111.0
16497,16497,115,13,30,1,0,23,218.0,117.0,117.0,101.0
16498,16498,115,13,40,1,0,23,179.0,88.0,88.0,91.0
16499,16499,115,13,50,1,0,23,188.0,80.0,80.0,108.0
16500,16500,115,14,0,1,0,23,178.0,78.0,78.0,100.0
16501,16501,115,14,10,1,0,23,190.0,99.0,99.0,91.0
16502,16502,115,14,20,1,0,23,214.0,100.0,100.0,114.0
16503,16503,115,14,30,1,0,23,181.0,80.0,80.0,101.0
16504,16504,115,14,40,1,0,23,144.0,54.0,54.0,90.0
16505,16505,115,14,50,1,0,23,229.0,107.0,107.0,122.0
16506,16506,115,15,0,1,0,23,242.0,118.0,118.0,124.0
16507,16507,115,15,10,1,0,23,265.0,115.0,115.0,150.0
16508,16508,115,15,20,1,0,23,274.0,123.0,123.0,151.0
16509,16509,115,15,30,1,0,23,226.0,119.0,119.0,107.0
16510,16510,115,15,40,1,0,23,262.0,112.0,112.0,150.0
16511,16511,115,15,50,1,0,23,192.0,43.0,43.0,149.0
16512,16512,115,16,0,1,0,23,252.0,121.0,121.0,131.0
16513,16513,115,16,10,1,0,23,303.0,128.0,128.0,175.0
16514,16514,115,16,20,1,0,23,265.0,129.0,129.0,136.0
16515,16515,115,16,30,1,0,23,392.0,91.0,91.0,301.0
16516,16516,115,16,40,1,0,23,350.0,135.0,135.0,215.0
16517,16517,115,16,50,1,0,23,265.0,74.0,74.0,191.0
16518,16518,115,17,0,1,0,23,412.0,142.0,142.0,270.0
16519,16519,115,17,10,1,0,23,639.0,100.0,100.0,539.0
16520,16520,115,17,20,1,0,23,615.0,152.0,152.0,463.0
16521,16521,115,17,30,1,0,23,514.0,114.0,114.0,400.0
16522,16522,115,17,40,1,0,23,859.0,211.0,211.0,648.0
16523,16523,115,17,50,1,0,23,871.0,183.0,183.0,688.0
16524,16524,115,18,0,1,0,23,671.0,111.0,111.0,560.0
16525,16525,115,18,10,1,0,23,909.0,209.0,209.0,700.0
16526,16526,115,18,20,1,0,23,900.0,190.0,190.0,710.0
16527,16527,115,18,30,1,0,23,674.0,158.0,158.0,516.0
16528,16528,115,18,40,1,0,23,569.0,238.0,238.0,331.0
16529,16529,115,18,50,1,0,23,421.0,143.0,143.0,278.0
16530,16530,115,19,0,1,0,23,397.0,174.0,174.0,223.0
16531,16531,115,19,10,1,0,23,361.0,161.0,161.0,200.0
16532,16532,115,19,20,1,0,23,293.0,112.0,112.0,181.0
16533,16533,115,19,30,1,0,23,179.0,57.0,57.0,122.0
16534,16534,115,19,40,1,0,23,244.0,139.0,139.0,105.0
16535,16535,115,19,50,1,0,23,192.0,95.0,95.0,97.0
16536,16536,115,20,0,1,0,23,162.0,63.0,63.0,99.0
16537,16537,115,20,10,1,0,23,153.0,82.0,82.0,71.0
16538,16538,115,20,20,1,0,23,157.0,47.0,47.0,110.0
16539,16539,115,20,30,1,0,23,165.0,74.0,74.0,91.0
16540,16540,115,20,40,1,0,23,126.0,49.0,49.0,77.0
16541,16541,115,20,50,1,0,23,133.0,68.0,68.0,65.0
16542,16542,115,21,0,1,0,23,125.0,54.0,54.0,71.0
16543,16543,115,21,10,1,0,23,137.0,67.0,67.0,70.0
16544,16544,115,21,20,1,0,23,118.0,54.0,54.0,64.0
16545,16545,115,21,30,1,0,23,124.0,48.0,48.0,76.0
16546,16546,115,21,40,1,0,23,106.0,61.0,61.0,45.0
16547,16547,115,21,50,1,0,23,97.0,51.0,51.0,46.0
16548,16548,115,22,0,1,0,23,102.0,51.0,51.0,51.0
16549,16549,115,22,10,1,0,23,81.0,49.0,49.0,32.0
16550,16550,115,22,20,1,0,23,76.0,50.0,50.0,26.0
16551,16551,115,22,30,1,0,23,79.0,59.0,59.0,20.0
16552,16552,115,22,40,1,0,23,43.0,30.0,30.0,13.0
16553,16553,115,22,50,1,0,23,32.0,28.0,28.0,4.0
16590,16590,116,5,0,1,0,23,1.0,0.0,0.0,1.0
16591,16591,116,5,10,1,0,23,4.0,0.0,0.0,4.0
16592,16592,116,5,20,1,0,23,14.0,9.0,9.0,5.0
16593,16593,116,5,30,1,0,23,14.0,1.0,1.0,13.0
16594,16594,116,5,40,1,0,23,17.0,0.0,0.0,17.0
16595,16595,116,5,50,1,0,23,22.0,2.0,2.0,20.0
16596,16596,116,6,0,1,0,23,52.0,23.0,23.0,29.0
16597,16597,116,6,10,1,0,23,59.0,21.0,21.0,38.0
16598,16598,116,6,20,1,0,23,69.0,25.0,25.0,44.0
16599,16599,116,6,30,1,0,23,93.0,38.0,38.0,55.0
16600,16600,116,6,40,1,0,23,124.0,51.0,51.0,73.0
16601,16601,116,6,50,1,0,23,159.0,78.0,78.0,81.0
16602,16602,116,7,0,1,0,23,201.0,94.0,94.0,107.0
16603,16603,116,7,10,1,0,23,227.0,119.0,119.0,108.0
16604,16604,116,7,20,1,0,23,217.0,94.0,94.0,123.0
16605,16605,116,7,30,1,0,23,333.0,212.0,212.0,121.0
16606,16606,116,7,40,1,0,23,353.0,205.0,205.0,148.0
16607,16607,116,7,50,1,0,23,415.0,240.0,240.0,175.0
16608,16608,116,8,0,1,0,23,565.0,372.0,372.0,193.0
16609,16609,116,8,10,1,0,23,616.0,409.0,409.0,207.0
16610,16610,116,8,20,1,0,23,741.0,518.0,518.0,223.0
16611,16611,116,8,30,1,0,23,807.0,604.0,604.0,203.0
16612,16612,116,8,40,1,0,23,819.0,611.0,611.0,208.0
16613,16613,116,8,50,1,0,23,723.0,549.0,549.0,174.0
16614,16614,116,9,0,1,0,23,660.0,495.0,495.0,165.0
16615,16615,116,9,10,1,0,23,573.0,405.0,405.0,168.0
16616,16616,116,9,20,1,0,23,449.0,319.0,319.0,130.0
16617,16617,116,9,30,1,0,23,405.0,263.0,263.0,142.0
16618,16618,116,9,40,1,0,23,350.0,237.0,237.0,113.0
16619,16619,116,9,50,1,0,23,352.0,241.0,241.0,111.0
16620,16620,116,10,0,1,0,23,335.0,223.0,223.0,112.0
16621,16621,116,10,10,1,0,23,294.0,174.0,174.0,120.0
16622,16622,116,10,20,1,0,23,245.0,137.0,137.0,108.0
16623,16623,116,10,30,1,0,23,204.0,113.0,113.0,91.0
16624,16624,116,10,40,1,0,23,228.0,146.0,146.0,82.0
16625,16625,116,10,50,1,0,23,209.0,139.0,139.0,70.0
16626,16626,116,11,0,1,0,23,171.0,78.0,78.0,93.0
16627,16627,116,11,10,1,0,23,193.0,105.0,105.0,88.0
16628,16628,116,11,20,1,0,23,194.0,107.0,107.0,87.0
16629,16629,116,11,30,1,0,23,160.0,84.0,84.0,76.0
16630,16630,116,11,40,1,0,23,209.0,108.0,108.0,101.0
16631,16631,116,11,50,1,0,23,179.0,99.0,99.0,80.0
16632,16632,116,12,0,1,0,23,202.0,110.0,110.0,92.0
16633,16633,116,12,10,1,0,23,167.0,69.0,69.0,98.0
16634,16634,116,12,20,1,0,23,178.0,100.0,100.0,78.0
16635,16635,116,12,30,1,0,23,251.0,146.0,146.0,105.0
16636,16636,116,12,40,1,0,23,186.0,95.0,95.0,91.0
16637,16637,116,12,50,1,0,23,223.0,138.0,138.0,85.0
16638,16638,116,13,0,1,0,23,216.0,127.0,127.0,89.0
16639,16639,116,13,10,1,0,23,185.0,80.0,80.0,105.0
16640,16640,116,13,20,1,0,23,238.0,132.0,132.0,106.0
16641,16641,116,13,30,1,0,23,205.0,98.0,98.0,107.0
16642,16642,116,13,40,1,0,23,191.0,111.0,111.0,80.0
16643,16643,116,13,50,1,0,23,209.0,108.0,108.0,101.0
16644,16644,116,14,0,1,0,23,202.0,95.0,95.0,107.0
16645,16645,116,14,10,1,0,23,174.0,70.0,70.0,104.0
16646,16646,116,14,20,1,0,23,233.0,101.0,101.0,132.0
16647,16647,116,14,30,1,0,23,162.0,59.0,59.0,103.0
16648,16648,116,14,40,1,0,23,203.0,103.0,103.0,100.0
16649,16649,116,14,50,1,0,23,224.0,99.0,99.0,125.0
16650,16650,116,15,0,1,0,23,202.0,60.0,60.0,142.0
16651,16651,116,15,10,1,0,23,232.0,85.0,85.0,147.0
16652,16652,116,15,20,1,0,23,231.0,84.0,84.0,147.0
16653,16653,116,15,30,1,0,23,240.0,80.0,80.0,160.0
16654,16654,116,15,40,1,0,23,233.0,96.0,96.0,137.0
16655,16655,116,15,50,1,0,23,248.0,88.0,88.0,160.0
16656,16656,116,16,0,1,0,23,267.0,83.0,83.0,184.0
16657,16657,116,16,10,1,0,23,278.0,89.0,89.0,189.0
16658,16658,116,16,20,1,0,23,264.0,92.0,92.0,172.0
16659,16659,116,16,30,1,0,23,275.0,66.0,66.0,209.0
16660,16660,116,16,40,1,0,23,292.0,95.0,95.0,197.0
16661,16661,116,16,50,1,0,23,281.0,89.0,89.0,192.0
16662,16662,116,17,0,1,0,23,427.0,104.0,104.0,323.0
16663,16663,116,17,10,1,0,23,428.0,104.0,104.0,324.0
16664,16664,116,17,20,1,0,23,436.0,163.0,163.0,273.0
16665,16665,116,17,30,1,0,23,562.0,109.0,109.0,453.0
16666,16666,116,17,40,1,0,23,562.0,126.0,126.0,436.0
16667,16667,116,17,50,1,0,23,520.0,140.0,140.0,380.0
16668,16668,116,18,0,1,0,23,502.0,146.0,146.0,356.0
16669,16669,116,18,10,1,0,23,504.0,133.0,133.0,371.0
16670,16670,116,18,20,1,0,23,439.0,112.0,112.0,327.0
16671,16671,116,18,30,1,0,23,457.0,180.0,180.0,277.0
16672,16672,116,18,40,1,0,23,355.0,153.0,153.0,202.0
16673,16673,116,18,50,1,0,23,282.0,102.0,102.0,180.0
16674,16674,116,19,0,1,0,23,276.0,110.0,110.0,166.0
16675,16675,116,19,10,1,0,23,227.0,83.0,83.0,144.0
16676,16676,116,19,20,1,0,23,194.0,83.0,83.0,111.0
16677,16677,116,19,30,1,0,23,147.0,61.0,61.0,86.0
16678,16678,116,19,40,1,0,23,146.0,68.0,68.0,78.0
16679,16679,116,19,50,1,0,23,148.0,52.0,52.0,96.0
16680,16680,116,20,0,1,0,23,136.0,52.0,52.0,84.0
16681,16681,116,20,10,1,0,23,141.0,55.0,55.0,86.0
16682,16682,116,20,20,1,0,23,118.0,56.0,56.0,62.0
16683,16683,116,20,30,1,0,23,162.0,63.0,63.0,99.0
16684,16684,116,20,40,1,0,23,133.0,62.0,62.0,71.0
16685,16685,116,20,50,1,0,23,152.0,69.0,69.0,83.0
16686,16686,116,21,0,1,0,23,133.0,47.0,47.0,86.0
16687,16687,116,21,10,1,0,23,100.0,48.0,48.0,52.0
16688,16688,116,21,20,1,0,23,132.0,57.0,57.0,75.0
16689,16689,116,21,30,1,0,23,120.0,47.0,47.0,73.0
16690,16690,116,21,40,1,0,23,133.0,74.0,74.0,59.0
16691,16691,116,21,50,1,0,23,88.0,49.0,49.0,39.0
16692,16692,116,22,0,1,0,23,112.0,73.0,73.0,39.0
16693,16693,116,22,10,1,0,23,98.0,51.0,51.0,47.0
16694,16694,116,22,20,1,0,23,107.0,69.0,69.0,38.0
16695,16695,116,22,30,1,0,23,94.0,64.0,64.0,30.0
16696,16696,116,22,40,1,0,23,59.0,43.0,43.0,16.0
16697,16697,116,22,50,1,0,23,63.0,50.0,50.0,13.0
16734,16734,117,5,0,1,0,23,0.0,0.0,0.0,0.0
16735,16735,117,5,10,1,0,23,5.0,0.0,0.0,5.0
16736,16736,117,5,20,1,0,23,7.0,0.0,0.0,7.0
16737,16737,117,5,30,1,0,23,5.0,1.0,1.0,4.0
16738,16738,117,5,40,1,0,23,27.0,11.0,11.0,16.0
16739,16739,117,5,50,1,0,23,25.0,8.0,8.0,17.0
16740,16740,117,6,0,1,0,23,41.0,12.0,12.0,29.0
16741,16741,117,6,10,1,0,23,87.0,50.0,50.0,37.0
16742,16742,117,6,20,1,0,23,93.0,49.0,49.0,44.0
16743,16743,117,6,30,1,0,23,165.0,106.0,106.0,59.0
16744,16744,117,6,40,1,0,23,204.0,96.0,96.0,108.0
16745,16745,117,6,50,1,0,23,334.0,228.0,228.0,106.0
16746,16746,117,7,0,1,0,23,390.0,279.0,279.0,111.0
16747,16747,117,7,10,1,0,23,566.0,397.0,397.0,169.0
16748,16748,117,7,20,1,0,23,644.0,463.0,463.0,181.0
16749,16749,117,7,30,1,0,23,697.0,495.0,495.0,202.0
16750,16750,117,7,40,1,0,23,789.0,581.0,581.0,208.0
16751,16751,117,7,50,1,0,23,830.0,571.0,571.0,259.0
16752,16752,117,8,0,1,0,23,1273.0,983.0,983.0,290.0
16753,16753,117,8,10,1,0,23,1721.0,1360.0,1360.0,361.0
16754,16754,117,8,20,1,0,23,1989.0,1633.0,1633.0,356.0
16755,16755,117,8,30,1,0,23,2283.0,1948.0,1948.0,335.0
16756,16756,117,8,40,1,0,23,3023.0,2692.0,2692.0,331.0
16757,16757,117,8,50,1,0,23,2480.0,2177.0,2177.0,303.0
16758,16758,117,9,0,1,0,23,1935.0,1664.0,1664.0,271.0
16759,16759,117,9,10,1,0,23,1888.0,1611.0,1611.0,277.0
16760,16760,117,9,20,1,0,23,1862.0,1617.0,1617.0,245.0
16761,16761,117,9,30,1,0,23,1459.0,1187.0,1187.0,272.0
16762,16762,117,9,40,1,0,23,1243.0,983.0,983.0,260.0
16763,16763,117,9,50,1,0,23,1105.0,914.0,914.0,191.0
16764,16764,117,10,0,1,0,23,912.0,682.0,682.0,230.0
16765,16765,117,10,10,1,0,23,863.0,605.0,605.0,258.0
16766,16766,117,10,20,1,0,23,829.0,573.0,573.0,256.0
16767,16767,117,10,30,1,0,23,802.0,513.0,513.0,289.0
16768,16768,117,10,40,1,0,23,793.0,495.0,495.0,298.0
16769,16769,117,10,50,1,0,23,769.0,464.0,464.0,305.0
16770,16770,117,11,0,1,0,23,712.0,435.0,435.0,277.0
16771,16771,117,11,10,1,0,23,847.0,496.0,496.0,351.0
16772,16772,117,11,20,1,0,23,793.0,467.0,467.0,326.0
16773,16773,117,11,30,1,0,23,788.0,464.0,464.0,324.0
16774,16774,117,11,40,1,0,23,816.0,477.0,477.0,339.0
16775,16775,117,11,50,1,0,23,812.0,460.0,460.0,352.0
16776,16776,117,12,0,1,0,23,782.0,432.0,432.0,350.0
16777,16777,117,12,10,1,0,23,783.0,429.0,429.0,354.0
16778,16778,117,12,20,1,0,23,827.0,435.0,435.0,392.0
16779,16779,117,12,30,1,0,23,802.0,444.0,444.0,358.0
16780,16780,117,12,40,1,0,23,882.0,490.0,490.0,392.0
16781,16781,117,12,50,1,0,23,890.0,430.0,430.0,460.0
16782,16782,117,13,0,1,0,23,876.0,449.0,449.0,427.0
16783,16783,117,13,10,1,0,23,867.0,433.0,433.0,434.0
16784,16784,117,13,20,1,0,23,885.0,436.0,436.0,449.0
16785,16785,117,13,30,1,0,23,904.0,428.0,428.0,476.0
16786,16786,117,13,40,1,0,23,891.0,448.0,448.0,443.0
16787,16787,117,13,50,1,0,23,888.0,427.0,427.0,461.0
16788,16788,117,14,0,1,0,23,934.0,414.0,414.0,520.0
16789,16789,117,14,10,1,0,23,916.0,433.0,433.0,483.0
16790,16790,117,14,20,1,0,23,886.0,433.0,433.0,453.0
16791,16791,117,14,30,1,0,23,918.0,422.0,422.0,496.0
16792,16792,117,14,40,1,0,23,869.0,371.0,371.0,498.0
16793,16793,117,14,50,1,0,23,831.0,334.0,334.0,497.0
16794,16794,117,15,0,1,0,23,1034.0,477.0,477.0,557.0
16795,16795,117,15,10,1,0,23,844.0,336.0,336.0,508.0
16796,16796,117,15,20,1,0,23,1005.0,431.0,431.0,574.0
16797,16797,117,15,30,1,0,23,886.0,309.0,309.0,577.0
16798,16798,117,15,40,1,0,23,1025.0,455.0,455.0,570.0
16799,16799,117,15,50,1,0,23,957.0,394.0,394.0,563.0
16800,16800,117,16,0,1,0,23,1108.0,448.0,448.0,660.0
16801,16801,117,16,10,1,0,23,974.0,395.0,395.0,579.0
16802,16802,117,16,20,1,0,23,1236.0,463.0,463.0,773.0
16803,16803,117,16,30,1,0,23,1294.0,434.0,434.0,860.0
16804,16804,117,16,40,1,0,23,1265.0,409.0,409.0,856.0
16805,16805,117,16,50,1,0,23,1217.0,439.0,439.0,778.0
16806,16806,117,17,0,1,0,23,1507.0,503.0,503.0,1004.0
16807,16807,117,17,10,1,0,23,1608.0,482.0,482.0,1126.0
16808,16808,117,17,20,1,0,23,1810.0,569.0,569.0,1241.0
16809,16809,117,17,30,1,0,23,1954.0,649.0,649.0,1305.0
16810,16810,117,17,40,1,0,23,2434.0,645.0,645.0,1789.0
16811,16811,117,17,50,1,0,23,1979.0,696.0,696.0,1283.0
16812,16812,117,18,0,1,0,23,2148.0,770.0,770.0,1378.0
16813,16813,117,18,10,1,0,23,2651.0,763.0,763.0,1888.0
16814,16814,117,18,20,1,0,23,2263.0,789.0,789.0,1474.0
16815,16815,117,18,30,1,0,23,2126.0,883.0,883.0,1243.0
16816,16816,117,18,40,1,0,23,1918.0,747.0,747.0,1171.0
16817,16817,117,18,50,1,0,23,1654.0,718.0,718.0,936.0
16818,16818,117,19,0,1,0,23,1299.0,510.0,510.0,789.0
16819,16819,117,19,10,1,0,23,1375.0,539.0,539.0,836.0
16820,16820,117,19,20,1,0,23,1136.0,414.0,414.0,722.0
16821,16821,117,19,30,1,0,23,986.0,331.0,331.0,655.0
16822,16822,117,19,40,1,0,23,947.0,306.0,306.0,641.0
16823,16823,117,19,50,1,0,23,866.0,246.0,246.0,620.0
16824,16824,117,20,0,1,0,23,849.0,204.0,204.0,645.0
16825,16825,117,20,10,1,0,23,835.0,191.0,191.0,644.0
16826,16826,117,20,20,1,0,23,853.0,184.0,184.0,669.0
16827,16827,117,20,30,1,0,23,859.0,148.0,148.0,711.0
16828,16828,117,20,40,1,0,23,904.0,141.0,141.0,763.0
16829,16829,117,20,50,1,0,23,828.0,123.0,123.0,705.0
16830,16830,117,21,0,1,0,23,988.0,157.0,157.0,831.0
16831,16831,117,21,10,1,0,23,1002.0,141.0,141.0,861.0
16832,16832,117,21,20,1,0,23,766.0,115.0,115.0,651.0
16833,16833,117,21,30,1,0,23,957.0,147.0,147.0,810.0
16834,16834,117,21,40,1,0,23,715.0,111.0,111.0,604.0
16835,16835,117,21,50,1,0,23,673.0,94.0,94.0,579.0
16836,16836,117,22,0,1,0,23,1024.0,118.0,118.0,906.0
16837,16837,117,22,10,1,0,23,777.0,93.0,93.0,684.0
16838,16838,117,22,20,1,0,23,566.0,118.0,118.0,448.0
16839,16839,117,22,30,1,0,23,214.0,77.0,77.0,137.0
16840,16840,117,22,40,1,0,23,131.0,65.0,65.0,66.0
16841,16841,117,22,50,1,0,23,67.0,35.0,35.0,32.0
16878,16878,118,5,0,1,0,23,1.0,1.0,1.0,0.0
16879,16879,118,5,10,1,0,23,0.0,0.0,0.0,0.0
16880,16880,118,5,20,1,0,23,0.0,0.0,0.0,0.0
16881,16881,118,5,30,1,0,23,12.0,0.0,0.0,12.0
16882,16882,118,5,40,1,0,23,34.0,3.0,3.0,31.0
16883,16883,118,5,50,1,0,23,48.0,11.0,11.0,37.0
16884,16884,118,6,0,1,0,23,85.0,15.0,15.0,70.0
16885,16885,118,6,10,1,0,23,126.0,40.0,40.0,86.0
16886,16886,118,6,20,1,0,23,160.0,47.0,47.0,113.0
16887,16887,118,6,30,1,0,23,219.0,66.0,66.0,153.0
16888,16888,118,6,40,1,0,23,423.0,196.0,196.0,227.0
16889,16889,118,6,50,1,0,23,449.0,201.0,201.0,248.0
16890,16890,118,7,0,1,0,23,665.0,316.0,316.0,349.0
16891,16891,118,7,10,1,0,23,726.0,377.0,377.0,349.0
16892,16892,118,7,20,1,0,23,726.0,314.0,314.0,412.0
16893,16893,118,7,30,1,0,23,860.0,360.0,360.0,500.0
16894,16894,118,7,40,1,0,23,1076.0,375.0,375.0,701.0
16895,16895,118,7,50,1,0,23,1249.0,526.0,526.0,723.0
16896,16896,118,8,0,1,0,23,1192.0,421.0,421.0,771.0
16897,16897,118,8,10,1,0,23,1264.0,429.0,429.0,835.0
16898,16898,118,8,20,1,0,23,1023.0,275.0,275.0,748.0
16899,16899,118,8,30,1,0,23,1267.0,519.0,519.0,748.0
16900,16900,118,8,40,1,0,23,862.0,206.0,206.0,656.0
16901,16901,118,8,50,1,0,23,1067.0,509.0,509.0,558.0
16902,16902,118,9,0,1,0,23,825.0,372.0,372.0,453.0
16903,16903,118,9,10,1,0,23,857.0,419.0,419.0,438.0
16904,16904,118,9,20,1,0,23,733.0,339.0,339.0,394.0
16905,16905,118,9,30,1,0,23,515.0,203.0,203.0,312.0
16906,16906,118,9,40,1,0,23,568.0,292.0,292.0,276.0
16907,16907,118,9,50,1,0,23,521.0,227.0,227.0,294.0
16908,16908,118,10,0,1,0,23,399.0,180.0,180.0,219.0
16909,16909,118,10,10,1,0,23,503.0,251.0,251.0,252.0
16910,16910,118,10,20,1,0,23,351.0,163.0,163.0,188.0
16911,16911,118,10,30,1,0,23,411.0,196.0,196.0,215.0
16912,16912,118,10,40,1,0,23,358.0,178.0,178.0,180.0
16913,16913,118,10,50,1,0,23,329.0,130.0,130.0,199.0
16914,16914,118,11,0,1,0,23,297.0,111.0,111.0,186.0
16915,16915,118,11,10,1,0,23,292.0,100.0,100.0,192.0
16916,16916,118,11,20,1,0,23,446.0,225.0,225.0,221.0
16917,16917,118,11,30,1,0,23,266.0,84.0,84.0,182.0
16918,16918,118,11,40,1,0,23,363.0,163.0,163.0,200.0
16919,16919,118,11,50,1,0,23,385.0,160.0,160.0,225.0
16920,16920,118,12,0,1,0,23,348.0,133.0,133.0,215.0
16921,16921,118,12,10,1,0,23,374.0,175.0,175.0,199.0
16922,16922,118,12,20,1,0,23,279.0,108.0,108.0,171.0
16923,16923,118,12,30,1,0,23,362.0,166.0,166.0,196.0
16924,16924,118,12,40,1,0,23,241.0,64.0,64.0,177.0
16925,16925,118,12,50,1,0,23,412.0,236.0,236.0,176.0
16926,16926,118,13,0,1,0,23,390.0,202.0,202.0,188.0
16927,16927,118,13,10,1,0,23,409.0,194.0,194.0,215.0
16928,16928,118,13,20,1,0,23,350.0,100.0,100.0,250.0
16929,16929,118,13,30,1,0,23,365.0,146.0,146.0,219.0
16930,16930,118,13,40,1,0,23,400.0,225.0,225.0,175.0
16931,16931,118,13,50,1,0,23,397.0,191.0,191.0,206.0
16932,16932,118,14,0,1,0,23,278.0,119.0,119.0,159.0
16933,16933,118,14,10,1,0,23,323.0,135.0,135.0,188.0
16934,16934,118,14,20,1,0,23,290.0,89.0,89.0,201.0
16935,16935,118,14,30,1,0,23,372.0,190.0,190.0,182.0
16936,16936,118,14,40,1,0,23,418.0,199.0,199.0,219.0
16937,16937,118,14,50,1,0,23,414.0,179.0,179.0,235.0
16938,16938,118,15,0,1,0,23,463.0,191.0,191.0,272.0
16939,16939,118,15,10,1,0,23,483.0,193.0,193.0,290.0
16940,16940,118,15,20,1,0,23,341.0,110.0,110.0,231.0
16941,16941,118,15,30,1,0,23,404.0,182.0,182.0,222.0
16942,16942,118,15,40,1,0,23,486.0,195.0,195.0,291.0
16943,16943,118,15,50,1,0,23,479.0,191.0,191.0,288.0
16944,16944,118,16,0,1,0,23,404.0,164.0,164.0,240.0
16945,16945,118,16,10,1,0,23,400.0,175.0,175.0,225.0
16946,16946,118,16,20,1,0,23,394.0,147.0,147.0,247.0
16947,16947,118,16,30,1,0,23,497.0,250.0,250.0,247.0
16948,16948,118,16,40,1,0,23,567.0,269.0,269.0,298.0
16949,16949,118,16,50,1,0,23,436.0,169.0,169.0,267.0
16950,16950,118,17,0,1,0,23,523.0,178.0,178.0,345.0
16951,16951,118,17,10,1,0,23,808.0,351.0,351.0,457.0
16952,16952,118,17,20,1,0,23,585.0,284.0,284.0,301.0
16953,16953,118,17,30,1,0,23,866.0,542.0,542.0,324.0
16954,16954,118,17,40,1,0,23,860.0,499.0,499.0,361.0
16955,16955,118,17,50,1,0,23,707.0,349.0,349.0,358.0
16956,16956,118,18,0,1,0,23,1111.0,716.0,716.0,395.0
16957,16957,118,18,10,1,0,23,847.0,389.0,389.0,458.0
16958,16958,118,18,20,1,0,23,1099.0,730.0,730.0,369.0
16959,16959,118,18,30,1,0,23,799.0,523.0,523.0,276.0
16960,16960,118,18,40,1,0,23,832.0,557.0,557.0,275.0
16961,16961,118,18,50,1,0,23,617.0,359.0,359.0,258.0
16962,16962,118,19,0,1,0,23,874.0,596.0,596.0,278.0
16963,16963,118,19,10,1,0,23,509.0,293.0,293.0,216.0
16964,16964,118,19,20,1,0,23,572.0,393.0,393.0,179.0
16965,16965,118,19,30,1,0,23,479.0,302.0,302.0,177.0
16966,16966,118,19,40,1,0,23,262.0,134.0,134.0,128.0
16967,16967,118,19,50,1,0,23,427.0,244.0,244.0,183.0
16968,16968,118,20,0,1,0,23,328.0,193.0,193.0,135.0
16969,16969,118,20,10,1,0,23,360.0,204.0,204.0,156.0
16970,16970,118,20,20,1,0,23,334.0,152.0,152.0,182.0
16971,16971,118,20,30,1,0,23,309.0,155.0,155.0,154.0
16972,16972,118,20,40,1,0,23,268.0,146.0,146.0,122.0
16973,16973,118,20,50,1,0,23,352.0,174.0,174.0,178.0
16974,16974,118,21,0,1,0,23,331.0,191.0,191.0,140.0
16975,16975,118,21,10,1,0,23,230.0,71.0,71.0,159.0
16976,16976,118,21,20,1,0,23,248.0,131.0,131.0,117.0
16977,16977,118,21,30,1,0,23,256.0,135.0,135.0,121.0
16978,16978,118,21,40,1,0,23,257.0,152.0,152.0,105.0
16979,16979,118,21,50,1,0,23,382.0,269.0,269.0,113.0
16980,16980,118,22,0,1,0,23,146.0,59.0,59.0,87.0
16981,16981,118,22,10,1,0,23,275.0,174.0,174.0,101.0
16982,16982,118,22,20,1,0,23,163.0,113.0,113.0,50.0
16983,16983,118,22,30,1,0,23,198.0,150.0,150.0,48.0
16984,16984,118,22,40,1,0,23,162.0,117.0,117.0,45.0
16985,16985,118,22,50,1,0,23,164.0,144.0,144.0,20.0
17022,17022,119,5,0,1,0,23,0.0,0.0,0.0,0.0
17023,17023,119,5,10,1,0,23,2.0,0.0,0.0,2.0
17024,17024,119,5,20,1,0,23,15.0,0.0,0.0,15.0
17025,17025,119,5,30,1,0,23,11.0,0.0,0.0,11.0
17026,17026,119,5,40,1,0,23,15.0,0.0,0.0,15.0
17027,17027,119,5,50,1,0,23,22.0,0.0,0.0,22.0
17028,17028,119,6,0,1,0,23,25.0,0.0,0.0,25.0
17029,17029,119,6,10,1,0,23,38.0,6.0,6.0,32.0
17030,17030,119,6,20,1,0,23,38.0,2.0,2.0,36.0
17031,17031,119,6,30,1,0,23,53.0,6.0,6.0,47.0
17032,17032,119,6,40,1,0,23,71.0,5.0,5.0,66.0
17033,17033,119,6,50,1,0,23,114.0,5.0,5.0,109.0
17034,17034,119,7,0,1,0,23,126.0,9.0,9.0,117.0
17035,17035,119,7,10,1,0,23,185.0,10.0,10.0,175.0
17036,17036,119,7,20,1,0,23,202.0,13.0,13.0,189.0
17037,17037,119,7,30,1,0,23,255.0,30.0,30.0,225.0
17038,17038,119,7,40,1,0,23,290.0,32.0,32.0,258.0
17039,17039,119,7,50,1,0,23,285.0,30.0,30.0,255.0
17040,17040,119,8,0,1,0,23,264.0,41.0,41.0,223.0
17041,17041,119,8,10,1,0,23,237.0,47.0,47.0,190.0
17042,17042,119,8,20,1,0,23,170.0,29.0,29.0,141.0
17043,17043,119,8,30,1,0,23,172.0,44.0,44.0,128.0
17044,17044,119,8,40,1,0,23,159.0,53.0,53.0,106.0
17045,17045,119,8,50,1,0,23,110.0,34.0,34.0,76.0
17046,17046,119,9,0,1,0,23,100.0,33.0,33.0,67.0
17047,17047,119,9,10,1,0,23,86.0,24.0,24.0,62.0
17048,17048,119,9,20,1,0,23,67.0,10.0,10.0,57.0
17049,17049,119,9,30,1,0,23,50.0,16.0,16.0,34.0
17050,17050,119,9,40,1,0,23,60.0,18.0,18.0,42.0
17051,17051,119,9,50,1,0,23,54.0,17.0,17.0,37.0
17052,17052,119,10,0,1,0,23,41.0,19.0,19.0,22.0
17053,17053,119,10,10,1,0,23,32.0,16.0,16.0,16.0
17054,17054,119,10,20,1,0,23,35.0,14.0,14.0,21.0
17055,17055,119,10,30,1,0,23,25.0,11.0,11.0,14.0
17056,17056,119,10,40,1,0,23,23.0,9.0,9.0,14.0
17057,17057,119,10,50,1,0,23,27.0,7.0,7.0,20.0
17058,17058,119,11,0,1,0,23,37.0,16.0,16.0,21.0
17059,17059,119,11,10,1,0,23,36.0,6.0,6.0,30.0
17060,17060,119,11,20,1,0,23,36.0,17.0,17.0,19.0
17061,17061,119,11,30,1,0,23,28.0,7.0,7.0,21.0
17062,17062,119,11,40,1,0,23,30.0,15.0,15.0,15.0
17063,17063,119,11,50,1,0,23,38.0,10.0,10.0,28.0
17064,17064,119,12,0,1,0,23,35.0,7.0,7.0,28.0
17065,17065,119,12,10,1,0,23,26.0,8.0,8.0,18.0
17066,17066,119,12,20,1,0,23,45.0,12.0,12.0,33.0
17067,17067,119,12,30,1,0,23,23.0,5.0,5.0,18.0
17068,17068,119,12,40,1,0,23,38.0,16.0,16.0,22.0
17069,17069,119,12,50,1,0,23,37.0,15.0,15.0,22.0
17070,17070,119,13,0,1,0,23,24.0,4.0,4.0,20.0
17071,17071,119,13,10,1,0,23,32.0,14.0,14.0,18.0
17072,17072,119,13,20,1,0,23,33.0,20.0,20.0,13.0
17073,17073,119,13,30,1,0,23,28.0,9.0,9.0,19.0
17074,17074,119,13,40,1,0,23,38.0,18.0,18.0,20.0
17075,17075,119,13,50,1,0,23,35.0,19.0,19.0,16.0
17076,17076,119,14,0,1,0,23,38.0,26.0,26.0,12.0
17077,17077,119,14,10,1,0,23,28.0,11.0,11.0,17.0
17078,17078,119,14,20,1,0,23,20.0,5.0,5.0,15.0
17079,17079,119,14,30,1,0,23,30.0,13.0,13.0,17.0
17080,17080,119,14,40,1,0,23,36.0,11.0,11.0,25.0
17081,17081,119,14,50,1,0,23,27.0,12.0,12.0,15.0
17082,17082,119,15,0,1,0,23,34.0,14.0,14.0,20.0
17083,17083,119,15,10,1,0,23,37.0,21.0,21.0,16.0
17084,17084,119,15,20,1,0,23,25.0,6.0,6.0,19.0
17085,17085,119,15,30,1,0,23,52.0,22.0,22.0,30.0
17086,17086,119,15,40,1,0,23,40.0,27.0,27.0,13.0
17087,17087,119,15,50,1,0,23,33.0,21.0,21.0,12.0
17088,17088,119,16,0,1,0,23,60.0,29.0,29.0,31.0
17089,17089,119,16,10,1,0,23,33.0,18.0,18.0,15.0
17090,17090,119,16,20,1,0,23,42.0,16.0,16.0,26.0
17091,17091,119,16,30,1,0,23,67.0,30.0,30.0,37.0
17092,17092,119,16,40,1,0,23,67.0,42.0,42.0,25.0
17093,17093,119,16,50,1,0,23,69.0,42.0,42.0,27.0
17094,17094,119,17,0,1,0,23,75.0,26.0,26.0,49.0
17095,17095,119,17,10,1,0,23,85.0,42.0,42.0,43.0
17096,17096,119,17,20,1,0,23,56.0,20.0,20.0,36.0
17097,17097,119,17,30,1,0,23,115.0,62.0,62.0,53.0
17098,17098,119,17,40,1,0,23,66.0,27.0,27.0,39.0
17099,17099,119,17,50,1,0,23,126.0,95.0,95.0,31.0
17100,17100,119,18,0,1,0,23,120.0,98.0,98.0,22.0
17101,17101,119,18,10,1,0,23,129.0,94.0,94.0,35.0
17102,17102,119,18,20,1,0,23,104.0,86.0,86.0,18.0
17103,17103,119,18,30,1,0,23,121.0,105.0,105.0,16.0
17104,17104,119,18,40,1,0,23,115.0,99.0,99.0,16.0
17105,17105,119,18,50,1,0,23,112.0,101.0,101.0,11.0
17106,17106,119,19,0,1,0,23,112.0,101.0,101.0,11.0
17107,17107,119,19,10,1,0,23,109.0,95.0,95.0,14.0
17108,17108,119,19,20,1,0,23,88.0,68.0,68.0,20.0
17109,17109,119,19,30,1,0,23,70.0,59.0,59.0,11.0
17110,17110,119,19,40,1,0,23,38.0,34.0,34.0,4.0
17111,17111,119,19,50,1,0,23,69.0,56.0,56.0,13.0
17112,17112,119,20,0,1,0,23,44.0,37.0,37.0,7.0
17113,17113,119,20,10,1,0,23,39.0,29.0,29.0,10.0
17114,17114,119,20,20,1,0,23,60.0,50.0,50.0,10.0
17115,17115,119,20,30,1,0,23,55.0,49.0,49.0,6.0
17116,17116,119,20,40,1,0,23,43.0,40.0,40.0,3.0
17117,17117,119,20,50,1,0,23,50.0,42.0,42.0,8.0
17118,17118,119,21,0,1,0,23,44.0,37.0,37.0,7.0
17119,17119,119,21,10,1,0,23,29.0,25.0,25.0,4.0
17120,17120,119,21,20,1,0,23,40.0,34.0,34.0,6.0
17121,17121,119,21,30,1,0,23,35.0,31.0,31.0,4.0
17122,17122,119,21,40,1,0,23,34.0,29.0,29.0,5.0
17123,17123,119,21,50,1,0,23,40.0,31.0,31.0,9.0
17124,17124,119,22,0,1,0,23,29.0,29.0,29.0,0.0
17125,17125,119,22,10,1,0,23,25.0,23.0,23.0,2.0
17126,17126,119,22,20,1,0,23,30.0,26.0,26.0,4.0
17127,17127,119,22,30,1,0,23,37.0,37.0,37.0,0.0
17128,17128,119,22,40,1,0,23,34.0,34.0,34.0,0.0
17129,17129,119,22,50,1,0,23,38.0,38.0,38.0,0.0
17166,17166,120,5,0,1,0,23,0.0,0.0,0.0,0.0
17167,17167,120,5,10,1,0,23,0.0,0.0,0.0,0.0
17168,17168,120,5,20,1,0,23,4.0,0.0,0.0,4.0
17169,17169,120,5,30,1,0,23,10.0,0.0,0.0,10.0
17170,17170,120,5,40,1,0,23,16.0,2.0,2.0,14.0
17171,17171,120,5,50,1,0,23,46.0,14.0,14.0,32.0
17172,17172,120,6,0,1,0,23,53.0,12.0,12.0,41.0
17173,17173,120,6,10,1,0,23,84.0,8.0,8.0,76.0
17174,17174,120,6,20,1,0,23,107.0,28.0,28.0,79.0
17175,17175,120,6,30,1,0,23,154.0,49.0,49.0,105.0
17176,17176,120,6,40,1,0,23,223.0,77.0,77.0,146.0
17177,17177,120,6,50,1,0,23,310.0,168.0,168.0,142.0
17178,17178,120,7,0,1,0,23,421.0,211.0,211.0,210.0
17179,17179,120,7,10,1,0,23,420.0,182.0,182.0,238.0
17180,17180,120,7,20,1,0,23,375.0,133.0,133.0,242.0
17181,17181,120,7,30,1,0,23,494.0,154.0,154.0,340.0
17182,17182,120,7,40,1,0,23,562.0,183.0,183.0,379.0
17183,17183,120,7,50,1,0,23,665.0,198.0,198.0,467.0
17184,17184,120,8,0,1,0,23,832.0,320.0,320.0,512.0
17185,17185,120,8,10,1,0,23,815.0,304.0,304.0,511.0
17186,17186,120,8,20,1,0,23,710.0,210.0,210.0,500.0
17187,17187,120,8,30,1,0,23,791.0,322.0,322.0,469.0
17188,17188,120,8,40,1,0,23,654.0,248.0,248.0,406.0
17189,17189,120,8,50,1,0,23,533.0,220.0,220.0,313.0
17190,17190,120,9,0,1,0,23,564.0,262.0,262.0,302.0
17191,17191,120,9,10,1,0,23,377.0,141.0,141.0,236.0
17192,17192,120,9,20,1,0,23,352.0,133.0,133.0,219.0
17193,17193,120,9,30,1,0,23,323.0,153.0,153.0,170.0
17194,17194,120,9,40,1,0,23,299.0,142.0,142.0,157.0
17195,17195,120,9,50,1,0,23,260.0,106.0,106.0,154.0
17196,17196,120,10,0,1,0,23,183.0,63.0,63.0,120.0
17197,17197,120,10,10,1,0,23,184.0,78.0,78.0,106.0
17198,17198,120,10,20,1,0,23,216.0,85.0,85.0,131.0
17199,17199,120,10,30,1,0,23,192.0,79.0,79.0,113.0
17200,17200,120,10,40,1,0,23,149.0,51.0,51.0,98.0
17201,17201,120,10,50,1,0,23,195.0,102.0,102.0,93.0
17202,17202,120,11,0,1,0,23,206.0,106.0,106.0,100.0
17203,17203,120,11,10,1,0,23,204.0,76.0,76.0,128.0
17204,17204,120,11,20,1,0,23,172.0,58.0,58.0,114.0
17205,17205,120,11,30,1,0,23,208.0,100.0,100.0,108.0
17206,17206,120,11,40,1,0,23,185.0,49.0,49.0,136.0
17207,17207,120,11,50,1,0,23,278.0,127.0,127.0,151.0
17208,17208,120,12,0,1,0,23,249.0,117.0,117.0,132.0
17209,17209,120,12,10,1,0,23,231.0,114.0,114.0,117.0
17210,17210,120,12,20,1,0,23,232.0,115.0,115.0,117.0
17211,17211,120,12,30,1,0,23,186.0,65.0,65.0,121.0
17212,17212,120,12,40,1,0,23,190.0,99.0,99.0,91.0
17213,17213,120,12,50,1,0,23,194.0,86.0,86.0,108.0
17214,17214,120,13,0,1,0,23,151.0,66.0,66.0,85.0
17215,17215,120,13,10,1,0,23,220.0,84.0,84.0,136.0
17216,17216,120,13,20,1,0,23,162.0,57.0,57.0,105.0
17217,17217,120,13,30,1,0,23,118.0,28.0,28.0,90.0
17218,17218,120,13,40,1,0,23,220.0,125.0,125.0,95.0
17219,17219,120,13,50,1,0,23,162.0,72.0,72.0,90.0
17220,17220,120,14,0,1,0,23,203.0,99.0,99.0,104.0
17221,17221,120,14,10,1,0,23,166.0,83.0,83.0,83.0
17222,17222,120,14,20,1,0,23,141.0,58.0,58.0,83.0
17223,17223,120,14,30,1,0,23,148.0,59.0,59.0,89.0
17224,17224,120,14,40,1,0,23,187.0,82.0,82.0,105.0
17225,17225,120,14,50,1,0,23,196.0,102.0,102.0,94.0
17226,17226,120,15,0,1,0,23,190.0,97.0,97.0,93.0
17227,17227,120,15,10,1,0,23,237.0,94.0,94.0,143.0
17228,17228,120,15,20,1,0,23,181.0,78.0,78.0,103.0
17229,17229,120,15,30,1,0,23,211.0,122.0,122.0,89.0
17230,17230,120,15,40,1,0,23,171.0,72.0,72.0,99.0
17231,17231,120,15,50,1,0,23,238.0,154.0,154.0,84.0
17232,17232,120,16,0,1,0,23,234.0,142.0,142.0,92.0
17233,17233,120,16,10,1,0,23,233.0,109.0,109.0,124.0
17234,17234,120,16,20,1,0,23,277.0,128.0,128.0,149.0
17235,17235,120,16,30,1,0,23,272.0,123.0,123.0,149.0
17236,17236,120,16,40,1,0,23,317.0,86.0,86.0,231.0
17237,17237,120,16,50,1,0,23,402.0,165.0,165.0,237.0
17238,17238,120,17,0,1,0,23,380.0,147.0,147.0,233.0
17239,17239,120,17,10,1,0,23,468.0,195.0,195.0,273.0
17240,17240,120,17,20,1,0,23,382.0,189.0,189.0,193.0
17241,17241,120,17,30,1,0,23,501.0,258.0,258.0,243.0
17242,17242,120,17,40,1,0,23,572.0,258.0,258.0,314.0
17243,17243,120,17,50,1,0,23,481.0,253.0,253.0,228.0
17244,17244,120,18,0,1,0,23,565.0,328.0,328.0,237.0
17245,17245,120,18,10,1,0,23,492.0,282.0,282.0,210.0
17246,17246,120,18,20,1,0,23,542.0,339.0,339.0,203.0
17247,17247,120,18,30,1,0,23,533.0,372.0,372.0,161.0
17248,17248,120,18,40,1,0,23,393.0,265.0,265.0,128.0
17249,17249,120,18,50,1,0,23,370.0,243.0,243.0,127.0
17250,17250,120,19,0,1,0,23,393.0,292.0,292.0,101.0
17251,17251,120,19,10,1,0,23,342.0,230.0,230.0,112.0
17252,17252,120,19,20,1,0,23,204.0,130.0,130.0,74.0
17253,17253,120,19,30,1,0,23,254.0,173.0,173.0,81.0
17254,17254,120,19,40,1,0,23,316.0,196.0,196.0,120.0
17255,17255,120,19,50,1,0,23,215.0,136.0,136.0,79.0
17256,17256,120,20,0,1,0,23,215.0,140.0,140.0,75.0
17257,17257,120,20,10,1,0,23,213.0,101.0,101.0,112.0
17258,17258,120,20,20,1,0,23,220.0,104.0,104.0,116.0
17259,17259,120,20,30,1,0,23,193.0,108.0,108.0,85.0
17260,17260,120,20,40,1,0,23,204.0,114.0,114.0,90.0
17261,17261,120,20,50,1,0,23,205.0,138.0,138.0,67.0
17262,17262,120,21,0,1,0,23,208.0,143.0,143.0,65.0
17263,17263,120,21,10,1,0,23,164.0,118.0,118.0,46.0
17264,17264,120,21,20,1,0,23,171.0,107.0,107.0,64.0
17265,17265,120,21,30,1,0,23,168.0,125.0,125.0,43.0
17266,17266,120,21,40,1,0,23,146.0,95.0,95.0,51.0
17267,17267,120,21,50,1,0,23,180.0,133.0,133.0,47.0
17268,17268,120,22,0,1,0,23,131.0,101.0,101.0,30.0
17269,17269,120,22,10,1,0,23,148.0,115.0,115.0,33.0
17270,17270,120,22,20,1,0,23,154.0,135.0,135.0,19.0
17271,17271,120,22,30,1,0,23,107.0,90.0,90.0,17.0
17272,17272,120,22,40,1,0,23,108.0,88.0,88.0,20.0
17273,17273,120,22,50,1,0,23,81.0,71.0,71.0,10.0
17310,17310,121,5,0,1,0,23,1.0,0.0,0.0,1.0
17311,17311,121,5,10,1,0,23,1.0,0.0,0.0,1.0
17312,17312,121,5,20,1,0,23,12.0,0.0,0.0,12.0
17313,17313,121,5,30,1,0,23,31.0,1.0,1.0,30.0
17314,17314,121,5,40,1,0,23,49.0,3.0,3.0,46.0
17315,17315,121,5,50,1,0,23,55.0,6.0,6.0,49.0
17316,17316,121,6,0,1,0,23,82.0,4.0,4.0,78.0
17317,17317,121,6,10,1,0,23,87.0,5.0,5.0,82.0
17318,17318,121,6,20,1,0,23,154.0,26.0,26.0,128.0
17319,17319,121,6,30,1,0,23,209.0,12.0,12.0,197.0
17320,17320,121,6,40,1,0,23,253.0,28.0,28.0,225.0
17321,17321,121,6,50,1,0,23,295.0,48.0,48.0,247.0
17322,17322,121,7,0,1,0,23,461.0,69.0,69.0,392.0
17323,17323,121,7,10,1,0,23,423.0,51.0,51.0,372.0
17324,17324,121,7,20,1,0,23,534.0,108.0,108.0,426.0
17325,17325,121,7,30,1,0,23,684.0,162.0,162.0,522.0
17326,17326,121,7,40,1,0,23,869.0,135.0,135.0,734.0
17327,17327,121,7,50,1,0,23,1027.0,155.0,155.0,872.0
17328,17328,121,8,0,1,0,23,1082.0,176.0,176.0,906.0
17329,17329,121,8,10,1,0,23,1251.0,191.0,191.0,1060.0
17330,17330,121,8,20,1,0,23,1229.0,297.0,297.0,932.0
17331,17331,121,8,30,1,0,23,1086.0,234.0,234.0,852.0
17332,17332,121,8,40,1,0,23,835.0,218.0,218.0,617.0
17333,17333,121,8,50,1,0,23,855.0,273.0,273.0,582.0
17334,17334,121,9,0,1,0,23,655.0,184.0,184.0,471.0
17335,17335,121,9,10,1,0,23,607.0,156.0,156.0,451.0
17336,17336,121,9,20,1,0,23,462.0,110.0,110.0,352.0
17337,17337,121,9,30,1,0,23,380.0,127.0,127.0,253.0
17338,17338,121,9,40,1,0,23,398.0,132.0,132.0,266.0
17339,17339,121,9,50,1,0,23,326.0,106.0,106.0,220.0
17340,17340,121,10,0,1,0,23,316.0,100.0,100.0,216.0
17341,17341,121,10,10,1,0,23,245.0,102.0,102.0,143.0
17342,17342,121,10,20,1,0,23,209.0,70.0,70.0,139.0
17343,17343,121,10,30,1,0,23,265.0,117.0,117.0,148.0
17344,17344,121,10,40,1,0,23,231.0,107.0,107.0,124.0
17345,17345,121,10,50,1,0,23,202.0,83.0,83.0,119.0
17346,17346,121,11,0,1,0,23,281.0,144.0,144.0,137.0
17347,17347,121,11,10,1,0,23,217.0,89.0,89.0,128.0
17348,17348,121,11,20,1,0,23,223.0,102.0,102.0,121.0
17349,17349,121,11,30,1,0,23,220.0,96.0,96.0,124.0
17350,17350,121,11,40,1,0,23,205.0,74.0,74.0,131.0
17351,17351,121,11,50,1,0,23,244.0,97.0,97.0,147.0
17352,17352,121,12,0,1,0,23,244.0,96.0,96.0,148.0
17353,17353,121,12,10,1,0,23,221.0,93.0,93.0,128.0
17354,17354,121,12,20,1,0,23,240.0,95.0,95.0,145.0
17355,17355,121,12,30,1,0,23,256.0,115.0,115.0,141.0
17356,17356,121,12,40,1,0,23,224.0,90.0,90.0,134.0
17357,17357,121,12,50,1,0,23,217.0,110.0,110.0,107.0
17358,17358,121,13,0,1,0,23,228.0,94.0,94.0,134.0
17359,17359,121,13,10,1,0,23,251.0,98.0,98.0,153.0
17360,17360,121,13,20,1,0,23,212.0,85.0,85.0,127.0
17361,17361,121,13,30,1,0,23,226.0,98.0,98.0,128.0
17362,17362,121,13,40,1,0,23,213.0,111.0,111.0,102.0
17363,17363,121,13,50,1,0,23,210.0,102.0,102.0,108.0
17364,17364,121,14,0,1,0,23,228.0,108.0,108.0,120.0
17365,17365,121,14,10,1,0,23,243.0,138.0,138.0,105.0
17366,17366,121,14,20,1,0,23,221.0,105.0,105.0,116.0
17367,17367,121,14,30,1,0,23,224.0,125.0,125.0,99.0
17368,17368,121,14,40,1,0,23,160.0,74.0,74.0,86.0
17369,17369,121,14,50,1,0,23,255.0,161.0,161.0,94.0
17370,17370,121,15,0,1,0,23,249.0,154.0,154.0,95.0
17371,17371,121,15,10,1,0,23,272.0,162.0,162.0,110.0
17372,17372,121,15,20,1,0,23,239.0,141.0,141.0,98.0
17373,17373,121,15,30,1,0,23,213.0,120.0,120.0,93.0
17374,17374,121,15,40,1,0,23,271.0,175.0,175.0,96.0
17375,17375,121,15,50,1,0,23,229.0,145.0,145.0,84.0
17376,17376,121,16,0,1,0,23,270.0,175.0,175.0,95.0
17377,17377,121,16,10,1,0,23,270.0,144.0,144.0,126.0
17378,17378,121,16,20,1,0,23,285.0,166.0,166.0,119.0
17379,17379,121,16,30,1,0,23,367.0,234.0,234.0,133.0
17380,17380,121,16,40,1,0,23,345.0,227.0,227.0,118.0
17381,17381,121,16,50,1,0,23,327.0,192.0,192.0,135.0
17382,17382,121,17,0,1,0,23,393.0,184.0,184.0,209.0
17383,17383,121,17,10,1,0,23,482.0,271.0,271.0,211.0
17384,17384,121,17,20,1,0,23,466.0,317.0,317.0,149.0
17385,17385,121,17,30,1,0,23,587.0,410.0,410.0,177.0
17386,17386,121,17,40,1,0,23,719.0,472.0,472.0,247.0
17387,17387,121,17,50,1,0,23,680.0,480.0,480.0,200.0
17388,17388,121,18,0,1,0,23,752.0,565.0,565.0,187.0
17389,17389,121,18,10,1,0,23,770.0,571.0,571.0,199.0
17390,17390,121,18,20,1,0,23,739.0,540.0,540.0,199.0
17391,17391,121,18,30,1,0,23,808.0,663.0,663.0,145.0
17392,17392,121,18,40,1,0,23,787.0,637.0,637.0,150.0
17393,17393,121,18,50,1,0,23,682.0,581.0,581.0,101.0
17394,17394,121,19,0,1,0,23,594.0,498.0,498.0,96.0
17395,17395,121,19,10,1,0,23,575.0,467.0,467.0,108.0
17396,17396,121,19,20,1,0,23,425.0,358.0,358.0,67.0
17397,17397,121,19,30,1,0,23,331.0,253.0,253.0,78.0
17398,17398,121,19,40,1,0,23,345.0,256.0,256.0,89.0
17399,17399,121,19,50,1,0,23,347.0,280.0,280.0,67.0
17400,17400,121,20,0,1,0,23,220.0,168.0,168.0,52.0
17401,17401,121,20,10,1,0,23,338.0,263.0,263.0,75.0
17402,17402,121,20,20,1,0,23,248.0,194.0,194.0,54.0
17403,17403,121,20,30,1,0,23,253.0,180.0,180.0,73.0
17404,17404,121,20,40,1,0,23,329.0,246.0,246.0,83.0
17405,17405,121,20,50,1,0,23,211.0,150.0,150.0,61.0
17406,17406,121,21,0,1,0,23,334.0,256.0,256.0,78.0
17407,17407,121,21,10,1,0,23,248.0,197.0,197.0,51.0
17408,17408,121,21,20,1,0,23,264.0,212.0,212.0,52.0
17409,17409,121,21,30,1,0,23,240.0,185.0,185.0,55.0
17410,17410,121,21,40,1,0,23,246.0,172.0,172.0,74.0
17411,17411,121,21,50,1,0,23,227.0,174.0,174.0,53.0
17412,17412,121,22,0,1,0,23,248.0,208.0,208.0,40.0
17413,17413,121,22,10,1,0,23,189.0,152.0,152.0,37.0
17414,17414,121,22,20,1,0,23,197.0,175.0,175.0,22.0
17415,17415,121,22,30,1,0,23,171.0,156.0,156.0,15.0
17416,17416,121,22,40,1,0,23,122.0,114.0,114.0,8.0
17417,17417,121,22,50,1,0,23,123.0,113.0,113.0,10.0
17454,17454,122,5,0,1,0,23,0.0,0.0,0.0,0.0
17455,17455,122,5,10,1,0,23,0.0,0.0,0.0,0.0
17456,17456,122,5,20,1,0,23,1.0,1.0,1.0,0.0
17457,17457,122,5,30,1,0,23,1.0,1.0,1.0,0.0
17458,17458,122,5,40,1,0,23,0.0,0.0,0.0,0.0
17459,17459,122,5,50,1,0,23,36.0,3.0,3.0,33.0
17460,17460,122,6,0,1,0,23,97.0,1.0,1.0,96.0
17461,17461,122,6,10,1,0,23,174.0,5.0,5.0,169.0
17462,17462,122,6,20,1,0,23,178.0,3.0,3.0,175.0
17463,17463,122,6,30,1,0,23,241.0,5.0,5.0,236.0
17464,17464,122,6,40,1,0,23,264.0,51.0,51.0,213.0
17465,17465,122,6,50,1,0,23,292.0,45.0,45.0,247.0
17466,17466,122,7,0,1,0,23,446.0,116.0,116.0,330.0
17467,17467,122,7,10,1,0,23,455.0,91.0,91.0,364.0
17468,17468,122,7,20,1,0,23,652.0,108.0,108.0,544.0
17469,17469,122,7,30,1,0,23,666.0,91.0,91.0,575.0
17470,17470,122,7,40,1,0,23,845.0,47.0,47.0,798.0
17471,17471,122,7,50,1,0,23,813.0,111.0,111.0,702.0
17472,17472,122,8,0,1,0,23,668.0,75.0,75.0,593.0
17473,17473,122,8,10,1,0,23,644.0,103.0,103.0,541.0
17474,17474,122,8,20,1,0,23,584.0,129.0,129.0,455.0
17475,17475,122,8,30,1,0,23,448.0,74.0,74.0,374.0
17476,17476,122,8,40,1,0,23,446.0,158.0,158.0,288.0
17477,17477,122,8,50,1,0,23,408.0,112.0,112.0,296.0
17478,17478,122,9,0,1,0,23,265.0,80.0,80.0,185.0
17479,17479,122,9,10,1,0,23,296.0,112.0,112.0,184.0
17480,17480,122,9,20,1,0,23,242.0,80.0,80.0,162.0
17481,17481,122,9,30,1,0,23,154.0,54.0,54.0,100.0
17482,17482,122,9,40,1,0,23,234.0,102.0,102.0,132.0
17483,17483,122,9,50,1,0,23,209.0,107.0,107.0,102.0
17484,17484,122,10,0,1,0,23,123.0,36.0,36.0,87.0
17485,17485,122,10,10,1,0,23,159.0,67.0,67.0,92.0
17486,17486,122,10,20,1,0,23,182.0,104.0,104.0,78.0
17487,17487,122,10,30,1,0,23,119.0,53.0,53.0,66.0
17488,17488,122,10,40,1,0,23,179.0,86.0,86.0,93.0
17489,17489,122,10,50,1,0,23,119.0,61.0,61.0,58.0
17490,17490,122,11,0,1,0,23,169.0,84.0,84.0,85.0
17491,17491,122,11,10,1,0,23,142.0,84.0,84.0,58.0
17492,17492,122,11,20,1,0,23,139.0,54.0,54.0,85.0
17493,17493,122,11,30,1,0,23,123.0,52.0,52.0,71.0
17494,17494,122,11,40,1,0,23,138.0,54.0,54.0,84.0
17495,17495,122,11,50,1,0,23,169.0,69.0,69.0,100.0
17496,17496,122,12,0,1,0,23,212.0,117.0,117.0,95.0
17497,17497,122,12,10,1,0,23,157.0,59.0,59.0,98.0
17498,17498,122,12,20,1,0,23,147.0,58.0,58.0,89.0
17499,17499,122,12,30,1,0,23,150.0,58.0,58.0,92.0
17500,17500,122,12,40,1,0,23,163.0,89.0,89.0,74.0
17501,17501,122,12,50,1,0,23,153.0,79.0,79.0,74.0
17502,17502,122,13,0,1,0,23,163.0,96.0,96.0,67.0
17503,17503,122,13,10,1,0,23,114.0,52.0,52.0,62.0
17504,17504,122,13,20,1,0,23,144.0,75.0,75.0,69.0
17505,17505,122,13,30,1,0,23,104.0,43.0,43.0,61.0
17506,17506,122,13,40,1,0,23,122.0,73.0,73.0,49.0
17507,17507,122,13,50,1,0,23,185.0,104.0,104.0,81.0
17508,17508,122,14,0,1,0,23,148.0,86.0,86.0,62.0
17509,17509,122,14,10,1,0,23,200.0,125.0,125.0,75.0
17510,17510,122,14,20,1,0,23,131.0,57.0,57.0,74.0
17511,17511,122,14,30,1,0,23,130.0,76.0,76.0,54.0
17512,17512,122,14,40,1,0,23,118.0,46.0,46.0,72.0
17513,17513,122,14,50,1,0,23,211.0,156.0,156.0,55.0
17514,17514,122,15,0,1,0,23,177.0,111.0,111.0,66.0
17515,17515,122,15,10,1,0,23,136.0,81.0,81.0,55.0
17516,17516,122,15,20,1,0,23,150.0,75.0,75.0,75.0
17517,17517,122,15,30,1,0,23,158.0,81.0,81.0,77.0
17518,17518,122,15,40,1,0,23,170.0,97.0,97.0,73.0
17519,17519,122,15,50,1,0,23,233.0,174.0,174.0,59.0
17520,17520,122,16,0,1,0,23,205.0,123.0,123.0,82.0
17521,17521,122,16,10,1,0,23,186.0,128.0,128.0,58.0
17522,17522,122,16,20,1,0,23,235.0,137.0,137.0,98.0
17523,17523,122,16,30,1,0,23,236.0,160.0,160.0,76.0
17524,17524,122,16,40,1,0,23,306.0,194.0,194.0,112.0
17525,17525,122,16,50,1,0,23,376.0,189.0,189.0,187.0
17526,17526,122,17,0,1,0,23,241.0,128.0,128.0,113.0
17527,17527,122,17,10,1,0,23,352.0,248.0,248.0,104.0
17528,17528,122,17,20,1,0,23,228.0,125.0,125.0,103.0
17529,17529,122,17,30,1,0,23,388.0,295.0,295.0,93.0
17530,17530,122,17,40,1,0,23,256.0,162.0,162.0,94.0
17531,17531,122,17,50,1,0,23,451.0,366.0,366.0,85.0
17532,17532,122,18,0,1,0,23,353.0,277.0,277.0,76.0
17533,17533,122,18,10,1,0,23,438.0,357.0,357.0,81.0
17534,17534,122,18,20,1,0,23,479.0,421.0,421.0,58.0
17535,17535,122,18,30,1,0,23,343.0,280.0,280.0,63.0
17536,17536,122,18,40,1,0,23,505.0,457.0,457.0,48.0
17537,17537,122,18,50,1,0,23,352.0,301.0,301.0,51.0
17538,17538,122,19,0,1,0,23,517.0,480.0,480.0,37.0
17539,17539,122,19,10,1,0,23,288.0,235.0,235.0,53.0
17540,17540,122,19,20,1,0,23,433.0,382.0,382.0,51.0
17541,17541,122,19,30,1,0,23,401.0,357.0,357.0,44.0
17542,17542,122,19,40,1,0,23,242.0,179.0,179.0,63.0
17543,17543,122,19,50,1,0,23,281.0,240.0,240.0,41.0
17544,17544,122,20,0,1,0,23,121.0,84.0,84.0,37.0
17545,17545,122,20,10,1,0,23,261.0,212.0,212.0,49.0
17546,17546,122,20,20,1,0,23,181.0,139.0,139.0,42.0
17547,17547,122,20,30,1,0,23,199.0,171.0,171.0,28.0
17548,17548,122,20,40,1,0,23,217.0,178.0,178.0,39.0
17549,17549,122,20,50,1,0,23,137.0,101.0,101.0,36.0
17550,17550,122,21,0,1,0,23,237.0,207.0,207.0,30.0
17551,17551,122,21,10,1,0,23,121.0,95.0,95.0,26.0
17552,17552,122,21,20,1,0,23,174.0,153.0,153.0,21.0
17553,17553,122,21,30,1,0,23,178.0,159.0,159.0,19.0
17554,17554,122,21,40,1,0,23,90.0,71.0,71.0,19.0
17555,17555,122,21,50,1,0,23,199.0,173.0,173.0,26.0
17556,17556,122,22,0,1,0,23,38.0,31.0,31.0,7.0
17557,17557,122,22,10,1,0,23,175.0,168.0,168.0,7.0
17558,17558,122,22,20,1,0,23,75.0,75.0,75.0,0.0
17559,17559,122,22,30,1,0,23,24.0,24.0,24.0,0.0
17560,17560,122,22,40,1,0,23,45.0,44.0,44.0,1.0
17561,17561,122,22,50,1,0,23,0.0,0.0,0.0,0.0
17598,17598,123,5,0,1,0,23,0.0,0.0,0.0,0.0
17599,17599,123,5,10,1,0,23,0.0,0.0,0.0,0.0
17600,17600,123,5,20,1,0,23,0.0,0.0,0.0,0.0
17601,17601,123,5,30,1,0,23,0.0,0.0,0.0,0.0
17602,17602,123,5,40,1,0,23,0.0,0.0,0.0,0.0
17603,17603,123,5,50,1,0,23,1.0,0.0,0.0,1.0
17604,17604,123,6,0,1,0,23,3.0,0.0,0.0,3.0
17605,17605,123,6,10,1,0,23,18.0,0.0,0.0,18.0
17606,17606,123,6,20,1,0,23,20.0,0.0,0.0,20.0
17607,17607,123,6,30,1,0,23,18.0,1.0,1.0,17.0
17608,17608,123,6,40,1,0,23,29.0,4.0,4.0,25.0
17609,17609,123,6,50,1,0,23,39.0,3.0,3.0,36.0
17610,17610,123,7,0,1,0,23,36.0,4.0,4.0,32.0
17611,17611,123,7,10,1,0,23,69.0,14.0,14.0,55.0
17612,17612,123,7,20,1,0,23,77.0,9.0,9.0,68.0
17613,17613,123,7,30,1,0,23,92.0,21.0,21.0,71.0
17614,17614,123,7,40,1,0,23,142.0,14.0,14.0,128.0
17615,17615,123,7,50,1,0,23,148.0,32.0,32.0,116.0
17616,17616,123,8,0,1,0,23,133.0,20.0,20.0,113.0
17617,17617,123,8,10,1,0,23,109.0,23.0,23.0,86.0
17618,17618,123,8,20,1,0,23,70.0,31.0,31.0,39.0
17619,17619,123,8,30,1,0,23,85.0,30.0,30.0,55.0
17620,17620,123,8,40,1,0,23,33.0,11.0,11.0,22.0
17621,17621,123,8,50,1,0,23,47.0,20.0,20.0,27.0
17622,17622,123,9,0,1,0,23,29.0,19.0,19.0,10.0
17623,17623,123,9,10,1,0,23,20.0,4.0,4.0,16.0
17624,17624,123,9,20,1,0,23,24.0,14.0,14.0,10.0
17625,17625,123,9,30,1,0,23,28.0,12.0,12.0,16.0
17626,17626,123,9,40,1,0,23,19.0,9.0,9.0,10.0
17627,17627,123,9,50,1,0,23,27.0,18.0,18.0,9.0
17628,17628,123,10,0,1,0,23,23.0,9.0,9.0,14.0
17629,17629,123,10,10,1,0,23,10.0,5.0,5.0,5.0
17630,17630,123,10,20,1,0,23,14.0,8.0,8.0,6.0
17631,17631,123,10,30,1,0,23,13.0,7.0,7.0,6.0
17632,17632,123,10,40,1,0,23,20.0,10.0,10.0,10.0
17633,17633,123,10,50,1,0,23,13.0,5.0,5.0,8.0
17634,17634,123,11,0,1,0,23,17.0,14.0,14.0,3.0
17635,17635,123,11,10,1,0,23,24.0,14.0,14.0,10.0
17636,17636,123,11,20,1,0,23,7.0,2.0,2.0,5.0
17637,17637,123,11,30,1,0,23,13.0,4.0,4.0,9.0
17638,17638,123,11,40,1,0,23,13.0,6.0,6.0,7.0
17639,17639,123,11,50,1,0,23,11.0,4.0,4.0,7.0
17640,17640,123,12,0,1,0,23,20.0,11.0,11.0,9.0
17641,17641,123,12,10,1,0,23,14.0,12.0,12.0,2.0
17642,17642,123,12,20,1,0,23,12.0,6.0,6.0,6.0
17643,17643,123,12,30,1,0,23,18.0,6.0,6.0,12.0
17644,17644,123,12,40,1,0,23,14.0,7.0,7.0,7.0
17645,17645,123,12,50,1,0,23,12.0,2.0,2.0,10.0
17646,17646,123,13,0,1,0,23,16.0,6.0,6.0,10.0
17647,17647,123,13,10,1,0,23,10.0,6.0,6.0,4.0
17648,17648,123,13,20,1,0,23,11.0,10.0,10.0,1.0
17649,17649,123,13,30,1,0,23,18.0,8.0,8.0,10.0
17650,17650,123,13,40,1,0,23,9.0,3.0,3.0,6.0
17651,17651,123,13,50,1,0,23,14.0,7.0,7.0,7.0
17652,17652,123,14,0,1,0,23,20.0,14.0,14.0,6.0
17653,17653,123,14,10,1,0,23,15.0,12.0,12.0,3.0
17654,17654,123,14,20,1,0,23,7.0,4.0,4.0,3.0
17655,17655,123,14,30,1,0,23,12.0,8.0,8.0,4.0
17656,17656,123,14,40,1,0,23,17.0,9.0,9.0,8.0
17657,17657,123,14,50,1,0,23,19.0,12.0,12.0,7.0
17658,17658,123,15,0,1,0,23,11.0,6.0,6.0,5.0
17659,17659,123,15,10,1,0,23,16.0,10.0,10.0,6.0
17660,17660,123,15,20,1,0,23,16.0,6.0,6.0,10.0
17661,17661,123,15,30,1,0,23,13.0,5.0,5.0,8.0
17662,17662,123,15,40,1,0,23,20.0,11.0,11.0,9.0
17663,17663,123,15,50,1,0,23,30.0,20.0,20.0,10.0
17664,17664,123,16,0,1,0,23,12.0,3.0,3.0,9.0
17665,17665,123,16,10,1,0,23,23.0,8.0,8.0,15.0
17666,17666,123,16,20,1,0,23,28.0,16.0,16.0,12.0
17667,17667,123,16,30,1,0,23,33.0,16.0,16.0,17.0
17668,17668,123,16,40,1,0,23,38.0,14.0,14.0,24.0
17669,17669,123,16,50,1,0,23,46.0,25.0,25.0,21.0
17670,17670,123,17,0,1,0,23,28.0,7.0,7.0,21.0
17671,17671,123,17,10,1,0,23,42.0,23.0,23.0,19.0
17672,17672,123,17,20,1,0,23,25.0,3.0,3.0,22.0
17673,17673,123,17,30,1,0,23,35.0,20.0,20.0,15.0
17674,17674,123,17,40,1,0,23,52.0,25.0,25.0,27.0
17675,17675,123,17,50,1,0,23,49.0,26.0,26.0,23.0
17676,17676,123,18,0,1,0,23,43.0,29.0,29.0,14.0
17677,17677,123,18,10,1,0,23,40.0,23.0,23.0,17.0
17678,17678,123,18,20,1,0,23,54.0,46.0,46.0,8.0
17679,17679,123,18,30,1,0,23,29.0,24.0,24.0,5.0
17680,17680,123,18,40,1,0,23,57.0,46.0,46.0,11.0
17681,17681,123,18,50,1,0,23,60.0,55.0,55.0,5.0
17682,17682,123,19,0,1,0,23,31.0,22.0,22.0,9.0
17683,17683,123,19,10,1,0,23,72.0,59.0,59.0,13.0
17684,17684,123,19,20,1,0,23,24.0,21.0,21.0,3.0
17685,17685,123,19,30,1,0,23,45.0,41.0,41.0,4.0
17686,17686,123,19,40,1,0,23,19.0,15.0,15.0,4.0
17687,17687,123,19,50,1,0,23,14.0,9.0,9.0,5.0
17688,17688,123,20,0,1,0,23,17.0,16.0,16.0,1.0
17689,17689,123,20,10,1,0,23,20.0,16.0,16.0,4.0
17690,17690,123,20,20,1,0,23,21.0,18.0,18.0,3.0
17691,17691,123,20,30,1,0,23,12.0,9.0,9.0,3.0
17692,17692,123,20,40,1,0,23,20.0,17.0,17.0,3.0
17693,17693,123,20,50,1,0,23,10.0,7.0,7.0,3.0
17694,17694,123,21,0,1,0,23,23.0,20.0,20.0,3.0
17695,17695,123,21,10,1,0,23,18.0,17.0,17.0,1.0
17696,17696,123,21,20,1,0,23,6.0,5.0,5.0,1.0
17697,17697,123,21,30,1,0,23,16.0,14.0,14.0,2.0
17698,17698,123,21,40,1,0,23,7.0,6.0,6.0,1.0
17699,17699,123,21,50,1,0,23,19.0,16.0,16.0,3.0
17700,17700,123,22,0,1,0,23,22.0,22.0,22.0,0.0
17701,17701,123,22,10,1,0,23,15.0,15.0,15.0,0.0
17702,17702,123,22,20,1,0,23,4.0,3.0,3.0,1.0
17703,17703,123,22,30,1,0,23,4.0,4.0,4.0,0.0
17704,17704,123,22,40,1,0,23,0.0,0.0,0.0,0.0
17705,17705,123,22,50,1,0,23,0.0,0.0,0.0,0.0
17742,17742,124,5,0,1,0,23,1.0,0.0,0.0,1.0
17743,17743,124,5,10,1,0,23,8.0,0.0,0.0,8.0
17744,17744,124,5,20,1,0,23,17.0,0.0,0.0,17.0
17745,17745,124,5,30,1,0,23,29.0,3.0,3.0,26.0
17746,17746,124,5,40,1,0,23,33.0,2.0,2.0,31.0
17747,17747,124,5,50,1,0,23,46.0,10.0,10.0,36.0
17748,17748,124,6,0,1,0,23,59.0,5.0,5.0,54.0
17749,17749,124,6,10,1,0,23,124.0,50.0,50.0,74.0
17750,17750,124,6,20,1,0,23,148.0,63.0,63.0,85.0
17751,17751,124,6,30,1,0,23,149.0,38.0,38.0,111.0
17752,17752,124,6,40,1,0,23,253.0,91.0,91.0,162.0
17753,17753,124,6,50,1,0,23,329.0,179.0,179.0,150.0
17754,17754,124,7,0,1,0,23,471.0,268.0,268.0,203.0
17755,17755,124,7,10,1,0,23,454.0,214.0,214.0,240.0
17756,17756,124,7,20,1,0,23,528.0,256.0,256.0,272.0
17757,17757,124,7,30,1,0,23,844.0,463.0,463.0,381.0
17758,17758,124,7,40,1,0,23,976.0,540.0,540.0,436.0
17759,17759,124,7,50,1,0,23,1234.0,682.0,682.0,552.0
17760,17760,124,8,0,1,0,23,1574.0,972.0,972.0,602.0
17761,17761,124,8,10,1,0,23,2020.0,1327.0,1327.0,693.0
17762,17762,124,8,20,1,0,23,2347.0,1588.0,1588.0,759.0
17763,17763,124,8,30,1,0,23,2618.0,1899.0,1899.0,719.0
17764,17764,124,8,40,1,0,23,3071.0,2424.0,2424.0,647.0
17765,17765,124,8,50,1,0,23,2200.0,1715.0,1715.0,485.0
17766,17766,124,9,0,1,0,23,1706.0,1249.0,1249.0,457.0
17767,17767,124,9,10,1,0,23,1358.0,951.0,951.0,407.0
17768,17768,124,9,20,1,0,23,1217.0,819.0,819.0,398.0
17769,17769,124,9,30,1,0,23,815.0,511.0,511.0,304.0
17770,17770,124,9,40,1,0,23,922.0,661.0,661.0,261.0
17771,17771,124,9,50,1,0,23,664.0,418.0,418.0,246.0
17772,17772,124,10,0,1,0,23,576.0,302.0,302.0,274.0
17773,17773,124,10,10,1,0,23,458.0,217.0,217.0,241.0
17774,17774,124,10,20,1,0,23,459.0,244.0,244.0,215.0
17775,17775,124,10,30,1,0,23,439.0,221.0,221.0,218.0
17776,17776,124,10,40,1,0,23,434.0,198.0,198.0,236.0
17777,17777,124,10,50,1,0,23,352.0,156.0,156.0,196.0
17778,17778,124,11,0,1,0,23,391.0,205.0,205.0,186.0
17779,17779,124,11,10,1,0,23,361.0,178.0,178.0,183.0
17780,17780,124,11,20,1,0,23,372.0,178.0,178.0,194.0
17781,17781,124,11,30,1,0,23,414.0,209.0,209.0,205.0
17782,17782,124,11,40,1,0,23,435.0,210.0,210.0,225.0
17783,17783,124,11,50,1,0,23,449.0,200.0,200.0,249.0
17784,17784,124,12,0,1,0,23,387.0,182.0,182.0,205.0
17785,17785,124,12,10,1,0,23,441.0,181.0,181.0,260.0
17786,17786,124,12,20,1,0,23,397.0,205.0,205.0,192.0
17787,17787,124,12,30,1,0,23,458.0,206.0,206.0,252.0
17788,17788,124,12,40,1,0,23,427.0,212.0,212.0,215.0
17789,17789,124,12,50,1,0,23,504.0,228.0,228.0,276.0
17790,17790,124,13,0,1,0,23,482.0,258.0,258.0,224.0
17791,17791,124,13,10,1,0,23,515.0,246.0,246.0,269.0
17792,17792,124,13,20,1,0,23,463.0,211.0,211.0,252.0
17793,17793,124,13,30,1,0,23,467.0,219.0,219.0,248.0
17794,17794,124,13,40,1,0,23,507.0,253.0,253.0,254.0
17795,17795,124,13,50,1,0,23,428.0,193.0,193.0,235.0
17796,17796,124,14,0,1,0,23,401.0,201.0,201.0,200.0
17797,17797,124,14,10,1,0,23,441.0,206.0,206.0,235.0
17798,17798,124,14,20,1,0,23,485.0,212.0,212.0,273.0
17799,17799,124,14,30,1,0,23,442.0,199.0,199.0,243.0
17800,17800,124,14,40,1,0,23,531.0,186.0,186.0,345.0
17801,17801,124,14,50,1,0,23,501.0,248.0,248.0,253.0
17802,17802,124,15,0,1,0,23,455.0,191.0,191.0,264.0
17803,17803,124,15,10,1,0,23,453.0,176.0,176.0,277.0
17804,17804,124,15,20,1,0,23,494.0,255.0,255.0,239.0
17805,17805,124,15,30,1,0,23,485.0,207.0,207.0,278.0
17806,17806,124,15,40,1,0,23,515.0,275.0,275.0,240.0
17807,17807,124,15,50,1,0,23,430.0,203.0,203.0,227.0
17808,17808,124,16,0,1,0,23,439.0,160.0,160.0,279.0
17809,17809,124,16,10,1,0,23,665.0,289.0,289.0,376.0
17810,17810,124,16,20,1,0,23,625.0,258.0,258.0,367.0
17811,17811,124,16,30,1,0,23,496.0,186.0,186.0,310.0
17812,17812,124,16,40,1,0,23,664.0,280.0,280.0,384.0
17813,17813,124,16,50,1,0,23,688.0,277.0,277.0,411.0
17814,17814,124,17,0,1,0,23,845.0,273.0,273.0,572.0
17815,17815,124,17,10,1,0,23,1151.0,302.0,302.0,849.0
17816,17816,124,17,20,1,0,23,968.0,287.0,287.0,681.0
17817,17817,124,17,30,1,0,23,1120.0,375.0,375.0,745.0
17818,17818,124,17,40,1,0,23,1567.0,433.0,433.0,1134.0
17819,17819,124,17,50,1,0,23,1570.0,470.0,470.0,1100.0
17820,17820,124,18,0,1,0,23,1421.0,544.0,544.0,877.0
17821,17821,124,18,10,1,0,23,2053.0,546.0,546.0,1507.0
17822,17822,124,18,20,1,0,23,1768.0,399.0,399.0,1369.0
17823,17823,124,18,30,1,0,23,1493.0,534.0,534.0,959.0
17824,17824,124,18,40,1,0,23,1474.0,543.0,543.0,931.0
17825,17825,124,18,50,1,0,23,1111.0,442.0,442.0,669.0
17826,17826,124,19,0,1,0,23,992.0,395.0,395.0,597.0
17827,17827,124,19,10,1,0,23,864.0,369.0,369.0,495.0
17828,17828,124,19,20,1,0,23,693.0,239.0,239.0,454.0
17829,17829,124,19,30,1,0,23,646.0,266.0,266.0,380.0
17830,17830,124,19,40,1,0,23,599.0,224.0,224.0,375.0
17831,17831,124,19,50,1,0,23,473.0,175.0,175.0,298.0
17832,17832,124,20,0,1,0,23,481.0,194.0,194.0,287.0
17833,17833,124,20,10,1,0,23,462.0,168.0,168.0,294.0
17834,17834,124,20,20,1,0,23,433.0,163.0,163.0,270.0
17835,17835,124,20,30,1,0,23,427.0,177.0,177.0,250.0
17836,17836,124,20,40,1,0,23,467.0,144.0,144.0,323.0
17837,17837,124,20,50,1,0,23,366.0,154.0,154.0,212.0
17838,17838,124,21,0,1,0,23,445.0,179.0,179.0,266.0
17839,17839,124,21,10,1,0,23,451.0,155.0,155.0,296.0
17840,17840,124,21,20,1,0,23,469.0,215.0,215.0,254.0
17841,17841,124,21,30,1,0,23,382.0,160.0,160.0,222.0
17842,17842,124,21,40,1,0,23,363.0,173.0,173.0,190.0
17843,17843,124,21,50,1,0,23,308.0,190.0,190.0,118.0
17844,17844,124,22,0,1,0,23,289.0,166.0,166.0,123.0
17845,17845,124,22,10,1,0,23,249.0,100.0,100.0,149.0
17846,17846,124,22,20,1,0,23,273.0,174.0,174.0,99.0
17847,17847,124,22,30,1,0,23,275.0,214.0,214.0,61.0
17848,17848,124,22,40,1,0,23,152.0,107.0,107.0,45.0
17849,17849,124,22,50,1,0,23,106.0,86.0,86.0,20.0
17886,17886,125,5,0,1,0,23,6.0,1.0,1.0,5.0
17887,17887,125,5,10,1,0,23,15.0,0.0,0.0,15.0
17888,17888,125,5,20,1,0,23,39.0,0.0,0.0,39.0
17889,17889,125,5,30,1,0,23,65.0,0.0,0.0,65.0
17890,17890,125,5,40,1,0,23,75.0,0.0,0.0,75.0
17891,17891,125,5,50,1,0,23,139.0,1.0,1.0,138.0
17892,17892,125,6,0,1,0,23,130.0,0.0,0.0,130.0
17893,17893,125,6,10,1,0,23,146.0,1.0,1.0,145.0
17894,17894,125,6,20,1,0,23,238.0,24.0,24.0,214.0
17895,17895,125,6,30,1,0,23,208.0,17.0,17.0,191.0
17896,17896,125,6,40,1,0,23,323.0,57.0,57.0,266.0
17897,17897,125,6,50,1,0,23,388.0,38.0,38.0,350.0
17898,17898,125,7,0,1,0,23,504.0,100.0,100.0,404.0
17899,17899,125,7,10,1,0,23,663.0,101.0,101.0,562.0
17900,17900,125,7,20,1,0,23,1126.0,273.0,273.0,853.0
17901,17901,125,7,30,1,0,23,1382.0,270.0,270.0,1112.0
17902,17902,125,7,40,1,0,23,1999.0,466.0,466.0,1533.0
17903,17903,125,7,50,1,0,23,2342.0,589.0,589.0,1753.0
17904,17904,125,8,0,1,0,23,2587.0,851.0,851.0,1736.0
17905,17905,125,8,10,1,0,23,2650.0,908.0,908.0,1742.0
17906,17906,125,8,20,1,0,23,2265.0,852.0,852.0,1413.0
17907,17907,125,8,30,1,0,23,2356.0,1187.0,1187.0,1169.0
17908,17908,125,8,40,1,0,23,1856.0,889.0,889.0,967.0
17909,17909,125,8,50,1,0,23,1565.0,758.0,758.0,807.0
17910,17910,125,9,0,1,0,23,1381.0,825.0,825.0,556.0
17911,17911,125,9,10,1,0,23,1253.0,721.0,721.0,532.0
17912,17912,125,9,20,1,0,23,948.0,488.0,488.0,460.0
17913,17913,125,9,30,1,0,23,1005.0,653.0,653.0,352.0
17914,17914,125,9,40,1,0,23,600.0,323.0,323.0,277.0
17915,17915,125,9,50,1,0,23,462.0,237.0,237.0,225.0
17916,17916,125,10,0,1,0,23,333.0,210.0,210.0,123.0
17917,17917,125,10,10,1,0,23,335.0,161.0,161.0,174.0
17918,17918,125,10,20,1,0,23,252.0,119.0,119.0,133.0
17919,17919,125,10,30,1,0,23,262.0,131.0,131.0,131.0
17920,17920,125,10,40,1,0,23,228.0,119.0,119.0,109.0
17921,17921,125,10,50,1,0,23,241.0,95.0,95.0,146.0
17922,17922,125,11,0,1,0,23,222.0,92.0,92.0,130.0
17923,17923,125,11,10,1,0,23,203.0,72.0,72.0,131.0
17924,17924,125,11,20,1,0,23,221.0,102.0,102.0,119.0
17925,17925,125,11,30,1,0,23,208.0,81.0,81.0,127.0
17926,17926,125,11,40,1,0,23,209.0,80.0,80.0,129.0
17927,17927,125,11,50,1,0,23,223.0,91.0,91.0,132.0
17928,17928,125,12,0,1,0,23,247.0,100.0,100.0,147.0
17929,17929,125,12,10,1,0,23,258.0,107.0,107.0,151.0
17930,17930,125,12,20,1,0,23,286.0,110.0,110.0,176.0
17931,17931,125,12,30,1,0,23,298.0,97.0,97.0,201.0
17932,17932,125,12,40,1,0,23,242.0,105.0,105.0,137.0
17933,17933,125,12,50,1,0,23,254.0,131.0,131.0,123.0
17934,17934,125,13,0,1,0,23,273.0,129.0,129.0,144.0
17935,17935,125,13,10,1,0,23,221.0,96.0,96.0,125.0
17936,17936,125,13,20,1,0,23,304.0,178.0,178.0,126.0
17937,17937,125,13,30,1,0,23,187.0,91.0,91.0,96.0
17938,17938,125,13,40,1,0,23,238.0,109.0,109.0,129.0
17939,17939,125,13,50,1,0,23,237.0,117.0,117.0,120.0
17940,17940,125,14,0,1,0,23,261.0,140.0,140.0,121.0
17941,17941,125,14,10,1,0,23,255.0,122.0,122.0,133.0
17942,17942,125,14,20,1,0,23,228.0,112.0,112.0,116.0
17943,17943,125,14,30,1,0,23,261.0,147.0,147.0,114.0
17944,17944,125,14,40,1,0,23,235.0,113.0,113.0,122.0
17945,17945,125,14,50,1,0,23,223.0,134.0,134.0,89.0
17946,17946,125,15,0,1,0,23,203.0,119.0,119.0,84.0
17947,17947,125,15,10,1,0,23,278.0,145.0,145.0,133.0
17948,17948,125,15,20,1,0,23,240.0,101.0,101.0,139.0
17949,17949,125,15,30,1,0,23,231.0,103.0,103.0,128.0
17950,17950,125,15,40,1,0,23,380.0,250.0,250.0,130.0
17951,17951,125,15,50,1,0,23,245.0,132.0,132.0,113.0
17952,17952,125,16,0,1,0,23,351.0,229.0,229.0,122.0
17953,17953,125,16,10,1,0,23,292.0,120.0,120.0,172.0
17954,17954,125,16,20,1,0,23,318.0,161.0,161.0,157.0
17955,17955,125,16,30,1,0,23,384.0,219.0,219.0,165.0
17956,17956,125,16,40,1,0,23,473.0,222.0,222.0,251.0
17957,17957,125,16,50,1,0,23,474.0,186.0,186.0,288.0
17958,17958,125,17,0,1,0,23,589.0,266.0,266.0,323.0
17959,17959,125,17,10,1,0,23,811.0,289.0,289.0,522.0
17960,17960,125,17,20,1,0,23,1079.0,257.0,257.0,822.0
17961,17961,125,17,30,1,0,23,1059.0,316.0,316.0,743.0
17962,17962,125,17,40,1,0,23,1429.0,465.0,465.0,964.0
17963,17963,125,17,50,1,0,23,1474.0,481.0,481.0,993.0
17964,17964,125,18,0,1,0,23,1460.0,632.0,632.0,828.0
17965,17965,125,18,10,1,0,23,1552.0,735.0,735.0,817.0
17966,17966,125,18,20,1,0,23,1501.0,599.0,599.0,902.0
17967,17967,125,18,30,1,0,23,1492.0,839.0,839.0,653.0
17968,17968,125,18,40,1,0,23,1431.0,925.0,925.0,506.0
17969,17969,125,18,50,1,0,23,1478.0,996.0,996.0,482.0
17970,17970,125,19,0,1,0,23,1221.0,902.0,902.0,319.0
17971,17971,125,19,10,1,0,23,1144.0,794.0,794.0,350.0
17972,17972,125,19,20,1,0,23,907.0,665.0,665.0,242.0
17973,17973,125,19,30,1,0,23,749.0,558.0,558.0,191.0
17974,17974,125,19,40,1,0,23,463.0,296.0,296.0,167.0
17975,17975,125,19,50,1,0,23,704.0,508.0,508.0,196.0
17976,17976,125,20,0,1,0,23,581.0,427.0,427.0,154.0
17977,17977,125,20,10,1,0,23,644.0,434.0,434.0,210.0
17978,17978,125,20,20,1,0,23,556.0,346.0,346.0,210.0
17979,17979,125,20,30,1,0,23,391.0,229.0,229.0,162.0
17980,17980,125,20,40,1,0,23,561.0,413.0,413.0,148.0
17981,17981,125,20,50,1,0,23,444.0,297.0,297.0,147.0
17982,17982,125,21,0,1,0,23,408.0,281.0,281.0,127.0
17983,17983,125,21,10,1,0,23,437.0,294.0,294.0,143.0
17984,17984,125,21,20,1,0,23,496.0,371.0,371.0,125.0
17985,17985,125,21,30,1,0,23,417.0,287.0,287.0,130.0
17986,17986,125,21,40,1,0,23,443.0,363.0,363.0,80.0
17987,17987,125,21,50,1,0,23,342.0,274.0,274.0,68.0
17988,17988,125,22,0,1,0,23,340.0,290.0,290.0,50.0
17989,17989,125,22,10,1,0,23,297.0,271.0,271.0,26.0
17990,17990,125,22,20,1,0,23,285.0,256.0,256.0,29.0
17991,17991,125,22,30,1,0,23,195.0,184.0,184.0,11.0
17992,17992,125,22,40,1,0,23,270.0,270.0,270.0,0.0
17993,17993,125,22,50,1,0,23,266.0,265.0,265.0,1.0
18030,18030,126,5,0,1,0,23,0.0,0.0,0.0,0.0
18031,18031,126,5,10,1,0,23,0.0,0.0,0.0,0.0
18032,18032,126,5,20,1,0,23,0.0,0.0,0.0,0.0
18033,18033,126,5,30,1,0,23,0.0,0.0,0.0,0.0
18034,18034,126,5,40,1,0,23,6.0,1.0,1.0,5.0
18035,18035,126,5,50,1,0,23,8.0,0.0,0.0,8.0
18036,18036,126,6,0,1,0,23,9.0,0.0,0.0,9.0
18037,18037,126,6,10,1,0,23,3.0,0.0,0.0,3.0
18038,18038,126,6,20,1,0,23,7.0,0.0,0.0,7.0
18039,18039,126,6,30,1,0,23,7.0,3.0,3.0,4.0
18040,18040,126,6,40,1,0,23,7.0,0.0,0.0,7.0
18041,18041,126,6,50,1,0,23,14.0,4.0,4.0,10.0
18042,18042,126,7,0,1,0,23,32.0,20.0,20.0,12.0
18043,18043,126,7,10,1,0,23,17.0,14.0,14.0,3.0
18044,18044,126,7,20,1,0,23,27.0,23.0,23.0,4.0
18045,18045,126,7,30,1,0,23,38.0,24.0,24.0,14.0
18046,18046,126,7,40,1,0,23,55.0,51.0,51.0,4.0
18047,18047,126,7,50,1,0,23,57.0,41.0,41.0,16.0
18048,18048,126,8,0,1,0,23,179.0,164.0,164.0,15.0
18049,18049,126,8,10,1,0,23,84.0,69.0,69.0,15.0
18050,18050,126,8,20,1,0,23,159.0,141.0,141.0,18.0
18051,18051,126,8,30,1,0,23,113.0,98.0,98.0,15.0
18052,18052,126,8,40,1,0,23,77.0,49.0,49.0,28.0
18053,18053,126,8,50,1,0,23,103.0,84.0,84.0,19.0
18054,18054,126,9,0,1,0,23,57.0,37.0,37.0,20.0
18055,18055,126,9,10,1,0,23,30.0,21.0,21.0,9.0
18056,18056,126,9,20,1,0,23,47.0,35.0,35.0,12.0
18057,18057,126,9,30,1,0,23,46.0,28.0,28.0,18.0
18058,18058,126,9,40,1,0,23,25.0,21.0,21.0,4.0
18059,18059,126,9,50,1,0,23,34.0,24.0,24.0,10.0
18060,18060,126,10,0,1,0,23,22.0,15.0,15.0,7.0
18061,18061,126,10,10,1,0,23,21.0,6.0,6.0,15.0
18062,18062,126,10,20,1,0,23,18.0,11.0,11.0,7.0
18063,18063,126,10,30,1,0,23,18.0,11.0,11.0,7.0
18064,18064,126,10,40,1,0,23,4.0,2.0,2.0,2.0
18065,18065,126,10,50,1,0,23,24.0,15.0,15.0,9.0
18066,18066,126,11,0,1,0,23,22.0,8.0,8.0,14.0
18067,18067,126,11,10,1,0,23,22.0,7.0,7.0,15.0
18068,18068,126,11,20,1,0,23,23.0,6.0,6.0,17.0
18069,18069,126,11,30,1,0,23,16.0,11.0,11.0,5.0
18070,18070,126,11,40,1,0,23,18.0,10.0,10.0,8.0
18071,18071,126,11,50,1,0,23,20.0,11.0,11.0,9.0
18072,18072,126,12,0,1,0,23,23.0,10.0,10.0,13.0
18073,18073,126,12,10,1,0,23,24.0,9.0,9.0,15.0
18074,18074,126,12,20,1,0,23,16.0,6.0,6.0,10.0
18075,18075,126,12,30,1,0,23,9.0,5.0,5.0,4.0
18076,18076,126,12,40,1,0,23,14.0,10.0,10.0,4.0
18077,18077,126,12,50,1,0,23,12.0,9.0,9.0,3.0
18078,18078,126,13,0,1,0,23,18.0,8.0,8.0,10.0
18079,18079,126,13,10,1,0,23,20.0,8.0,8.0,12.0
18080,18080,126,13,20,1,0,23,11.0,4.0,4.0,7.0
18081,18081,126,13,30,1,0,23,25.0,6.0,6.0,19.0
18082,18082,126,13,40,1,0,23,16.0,7.0,7.0,9.0
18083,18083,126,13,50,1,0,23,16.0,9.0,9.0,7.0
18084,18084,126,14,0,1,0,23,18.0,6.0,6.0,12.0
18085,18085,126,14,10,1,0,23,14.0,4.0,4.0,10.0
18086,18086,126,14,20,1,0,23,24.0,10.0,10.0,14.0
18087,18087,126,14,30,1,0,23,16.0,7.0,7.0,9.0
18088,18088,126,14,40,1,0,23,25.0,8.0,8.0,17.0
18089,18089,126,14,50,1,0,23,13.0,1.0,1.0,12.0
18090,18090,126,15,0,1,0,23,16.0,6.0,6.0,10.0
18091,18091,126,15,10,1,0,23,19.0,3.0,3.0,16.0
18092,18092,126,15,20,1,0,23,27.0,14.0,14.0,13.0
18093,18093,126,15,30,1,0,23,27.0,8.0,8.0,19.0
18094,18094,126,15,40,1,0,23,41.0,16.0,16.0,25.0
18095,18095,126,15,50,1,0,23,34.0,7.0,7.0,27.0
18096,18096,126,16,0,1,0,23,68.0,8.0,8.0,60.0
18097,18097,126,16,10,1,0,23,50.0,5.0,5.0,45.0
18098,18098,126,16,20,1,0,23,39.0,3.0,3.0,36.0
18099,18099,126,16,30,1,0,23,64.0,3.0,3.0,61.0
18100,18100,126,16,40,1,0,23,51.0,12.0,12.0,39.0
18101,18101,126,16,50,1,0,23,27.0,4.0,4.0,23.0
18102,18102,126,17,0,1,0,23,42.0,3.0,3.0,39.0
18103,18103,126,17,10,1,0,23,33.0,1.0,1.0,32.0
18104,18104,126,17,20,1,0,23,51.0,9.0,9.0,42.0
18105,18105,126,17,30,1,0,23,34.0,2.0,2.0,32.0
18106,18106,126,17,40,1,0,23,35.0,12.0,12.0,23.0
18107,18107,126,17,50,1,0,23,16.0,4.0,4.0,12.0
18108,18108,126,18,0,1,0,23,16.0,4.0,4.0,12.0
18109,18109,126,18,10,1,0,23,16.0,7.0,7.0,9.0
18110,18110,126,18,20,1,0,23,20.0,7.0,7.0,13.0
18111,18111,126,18,30,1,0,23,23.0,5.0,5.0,18.0
18112,18112,126,18,40,1,0,23,22.0,7.0,7.0,15.0
18113,18113,126,18,50,1,0,23,11.0,11.0,11.0,0.0
18114,18114,126,19,0,1,0,23,23.0,1.0,1.0,22.0
18115,18115,126,19,10,1,0,23,12.0,11.0,11.0,1.0
18116,18116,126,19,20,1,0,23,14.0,6.0,6.0,8.0
18117,18117,126,19,30,1,0,23,8.0,6.0,6.0,2.0
18118,18118,126,19,40,1,0,23,17.0,9.0,9.0,8.0
18119,18119,126,19,50,1,0,23,15.0,8.0,8.0,7.0
18120,18120,126,20,0,1,0,23,18.0,14.0,14.0,4.0
18121,18121,126,20,10,1,0,23,17.0,13.0,13.0,4.0
18122,18122,126,20,20,1,0,23,12.0,7.0,7.0,5.0
18123,18123,126,20,30,1,0,23,11.0,6.0,6.0,5.0
18124,18124,126,20,40,1,0,23,11.0,4.0,4.0,7.0
18125,18125,126,20,50,1,0,23,12.0,6.0,6.0,6.0
18126,18126,126,21,0,1,0,23,6.0,4.0,4.0,2.0
18127,18127,126,21,10,1,0,23,13.0,9.0,9.0,4.0
18128,18128,126,21,20,1,0,23,7.0,6.0,6.0,1.0
18129,18129,126,21,30,1,0,23,10.0,8.0,8.0,2.0
18130,18130,126,21,40,1,0,23,7.0,6.0,6.0,1.0
18131,18131,126,21,50,1,0,23,3.0,3.0,3.0,0.0
18132,18132,126,22,0,1,0,23,4.0,4.0,4.0,0.0
18133,18133,126,22,10,1,0,23,2.0,2.0,2.0,0.0
18134,18134,126,22,20,1,0,23,1.0,1.0,1.0,0.0
18135,18135,126,22,30,1,0,23,0.0,0.0,0.0,0.0
18136,18136,126,22,40,1,0,23,0.0,0.0,0.0,0.0
18137,18137,126,22,50,1,0,23,0.0,0.0,0.0,0.0
18174,18174,127,5,0,1,0,23,0.0,0.0,0.0,0.0
18175,18175,127,5,10,1,0,23,2.0,0.0,0.0,2.0
18176,18176,127,5,20,1,0,23,8.0,0.0,0.0,8.0
18177,18177,127,5,30,1,0,23,6.0,0.0,0.0,6.0
18178,18178,127,5,40,1,0,23,33.0,6.0,6.0,27.0
18179,18179,127,5,50,1,0,23,30.0,2.0,2.0,28.0
18180,18180,127,6,0,1,0,23,108.0,84.0,84.0,24.0
18181,18181,127,6,10,1,0,23,79.0,40.0,40.0,39.0
18182,18182,127,6,20,1,0,23,134.0,77.0,77.0,57.0
18183,18183,127,6,30,1,0,23,244.0,168.0,168.0,76.0
18184,18184,127,6,40,1,0,23,191.0,113.0,113.0,78.0
18185,18185,127,6,50,1,0,23,288.0,144.0,144.0,144.0
18186,18186,127,7,0,1,0,23,285.0,180.0,180.0,105.0
18187,18187,127,7,10,1,0,23,306.0,190.0,190.0,116.0
18188,18188,127,7,20,1,0,23,328.0,169.0,169.0,159.0
18189,18189,127,7,30,1,0,23,432.0,194.0,194.0,238.0
18190,18190,127,7,40,1,0,23,512.0,225.0,225.0,287.0
18191,18191,127,7,50,1,0,23,711.0,376.0,376.0,335.0
18192,18192,127,8,0,1,0,23,972.0,455.0,455.0,517.0
18193,18193,127,8,10,1,0,23,903.0,393.0,393.0,510.0
18194,18194,127,8,20,1,0,23,864.0,529.0,529.0,335.0
18195,18195,127,8,30,1,0,23,697.0,291.0,291.0,406.0
18196,18196,127,8,40,1,0,23,731.0,315.0,315.0,416.0
18197,18197,127,8,50,1,0,23,528.0,233.0,233.0,295.0
18198,18198,127,9,0,1,0,23,424.0,251.0,251.0,173.0
18199,18199,127,9,10,1,0,23,466.0,206.0,206.0,260.0
18200,18200,127,9,20,1,0,23,380.0,164.0,164.0,216.0
18201,18201,127,9,30,1,0,23,348.0,218.0,218.0,130.0
18202,18202,127,9,40,1,0,23,438.0,226.0,226.0,212.0
18203,18203,127,9,50,1,0,23,419.0,216.0,216.0,203.0
18204,18204,127,10,0,1,0,23,344.0,196.0,196.0,148.0
18205,18205,127,10,10,1,0,23,322.0,160.0,160.0,162.0
18206,18206,127,10,20,1,0,23,298.0,162.0,162.0,136.0
18207,18207,127,10,30,1,0,23,288.0,159.0,159.0,129.0
18208,18208,127,10,40,1,0,23,289.0,170.0,170.0,119.0
18209,18209,127,10,50,1,0,23,296.0,172.0,172.0,124.0
18210,18210,127,11,0,1,0,23,294.0,138.0,138.0,156.0
18211,18211,127,11,10,1,0,23,275.0,133.0,133.0,142.0
18212,18212,127,11,20,1,0,23,275.0,120.0,120.0,155.0
18213,18213,127,11,30,1,0,23,236.0,119.0,119.0,117.0
18214,18214,127,11,40,1,0,23,253.0,113.0,113.0,140.0
18215,18215,127,11,50,1,0,23,271.0,127.0,127.0,144.0
18216,18216,127,12,0,1,0,23,214.0,90.0,90.0,124.0
18217,18217,127,12,10,1,0,23,223.0,90.0,90.0,133.0
18218,18218,127,12,20,1,0,23,285.0,115.0,115.0,170.0
18219,18219,127,12,30,1,0,23,303.0,144.0,144.0,159.0
18220,18220,127,12,40,1,0,23,288.0,122.0,122.0,166.0
18221,18221,127,12,50,1,0,23,303.0,145.0,145.0,158.0
18222,18222,127,13,0,1,0,23,284.0,138.0,138.0,146.0
18223,18223,127,13,10,1,0,23,205.0,101.0,101.0,104.0
18224,18224,127,13,20,1,0,23,225.0,116.0,116.0,109.0
18225,18225,127,13,30,1,0,23,238.0,119.0,119.0,119.0
18226,18226,127,13,40,1,0,23,227.0,106.0,106.0,121.0
18227,18227,127,13,50,1,0,23,322.0,136.0,136.0,186.0
18228,18228,127,14,0,1,0,23,289.0,113.0,113.0,176.0
18229,18229,127,14,10,1,0,23,296.0,156.0,156.0,140.0
18230,18230,127,14,20,1,0,23,251.0,121.0,121.0,130.0
18231,18231,127,14,30,1,0,23,294.0,152.0,152.0,142.0
18232,18232,127,14,40,1,0,23,203.0,111.0,111.0,92.0
18233,18233,127,14,50,1,0,23,247.0,122.0,122.0,125.0
18234,18234,127,15,0,1,0,23,246.0,112.0,112.0,134.0
18235,18235,127,15,10,1,0,23,257.0,126.0,126.0,131.0
18236,18236,127,15,20,1,0,23,307.0,146.0,146.0,161.0
18237,18237,127,15,30,1,0,23,306.0,132.0,132.0,174.0
18238,18238,127,15,40,1,0,23,245.0,112.0,112.0,133.0
18239,18239,127,15,50,1,0,23,341.0,147.0,147.0,194.0
18240,18240,127,16,0,1,0,23,296.0,132.0,132.0,164.0
18241,18241,127,16,10,1,0,23,317.0,156.0,156.0,161.0
18242,18242,127,16,20,1,0,23,344.0,130.0,130.0,214.0
18243,18243,127,16,30,1,0,23,380.0,153.0,153.0,227.0
18244,18244,127,16,40,1,0,23,298.0,117.0,117.0,181.0
18245,18245,127,16,50,1,0,23,455.0,199.0,199.0,256.0
18246,18246,127,17,0,1,0,23,480.0,138.0,138.0,342.0
18247,18247,127,17,10,1,0,23,580.0,199.0,199.0,381.0
18248,18248,127,17,20,1,0,23,481.0,169.0,169.0,312.0
18249,18249,127,17,30,1,0,23,475.0,185.0,185.0,290.0
18250,18250,127,17,40,1,0,23,564.0,242.0,242.0,322.0
18251,18251,127,17,50,1,0,23,591.0,280.0,280.0,311.0
18252,18252,127,18,0,1,0,23,493.0,223.0,223.0,270.0
18253,18253,127,18,10,1,0,23,489.0,257.0,257.0,232.0
18254,18254,127,18,20,1,0,23,515.0,251.0,251.0,264.0
18255,18255,127,18,30,1,0,23,479.0,252.0,252.0,227.0
18256,18256,127,18,40,1,0,23,446.0,245.0,245.0,201.0
18257,18257,127,18,50,1,0,23,415.0,240.0,240.0,175.0
18258,18258,127,19,0,1,0,23,407.0,237.0,237.0,170.0
18259,18259,127,19,10,1,0,23,372.0,181.0,181.0,191.0
18260,18260,127,19,20,1,0,23,332.0,142.0,142.0,190.0
18261,18261,127,19,30,1,0,23,331.0,170.0,170.0,161.0
18262,18262,127,19,40,1,0,23,212.0,92.0,92.0,120.0
18263,18263,127,19,50,1,0,23,217.0,66.0,66.0,151.0
18264,18264,127,20,0,1,0,23,230.0,106.0,106.0,124.0
18265,18265,127,20,10,1,0,23,254.0,75.0,75.0,179.0
18266,18266,127,20,20,1,0,23,174.0,54.0,54.0,120.0
18267,18267,127,20,30,1,0,23,218.0,82.0,82.0,136.0
18268,18268,127,20,40,1,0,23,199.0,62.0,62.0,137.0
18269,18269,127,20,50,1,0,23,165.0,57.0,57.0,108.0
18270,18270,127,21,0,1,0,23,190.0,53.0,53.0,137.0
18271,18271,127,21,10,1,0,23,139.0,31.0,31.0,108.0
18272,18272,127,21,20,1,0,23,178.0,59.0,59.0,119.0
18273,18273,127,21,30,1,0,23,163.0,56.0,56.0,107.0
18274,18274,127,21,40,1,0,23,141.0,66.0,66.0,75.0
18275,18275,127,21,50,1,0,23,162.0,51.0,51.0,111.0
18276,18276,127,22,0,1,0,23,159.0,34.0,34.0,125.0
18277,18277,127,22,10,1,0,23,139.0,31.0,31.0,108.0
18278,18278,127,22,20,1,0,23,110.0,46.0,46.0,64.0
18279,18279,127,22,30,1,0,23,118.0,68.0,68.0,50.0
18280,18280,127,22,40,1,0,23,104.0,20.0,20.0,84.0
18281,18281,127,22,50,1,0,23,64.0,34.0,34.0,30.0
18318,18318,128,5,0,1,0,23,0.0,0.0,0.0,0.0
18319,18319,128,5,10,1,0,23,1.0,0.0,0.0,1.0
18320,18320,128,5,20,1,0,23,12.0,1.0,1.0,11.0
18321,18321,128,5,30,1,0,23,10.0,7.0,7.0,3.0
18322,18322,128,5,40,1,0,23,18.0,4.0,4.0,14.0
18323,18323,128,5,50,1,0,23,19.0,3.0,3.0,16.0
18324,18324,128,6,0,1,0,23,166.0,141.0,141.0,25.0
18325,18325,128,6,10,1,0,23,119.0,92.0,92.0,27.0
18326,18326,128,6,20,1,0,23,341.0,289.0,289.0,52.0
18327,18327,128,6,30,1,0,23,372.0,311.0,311.0,61.0
18328,18328,128,6,40,1,0,23,590.0,527.0,527.0,63.0
18329,18329,128,6,50,1,0,23,659.0,565.0,565.0,94.0
18330,18330,128,7,0,1,0,23,709.0,593.0,593.0,116.0
18331,18331,128,7,10,1,0,23,607.0,415.0,415.0,192.0
18332,18332,128,7,20,1,0,23,729.0,557.0,557.0,172.0
18333,18333,128,7,30,1,0,23,973.0,763.0,763.0,210.0
18334,18334,128,7,40,1,0,23,1012.0,767.0,767.0,245.0
18335,18335,128,7,50,1,0,23,1280.0,856.0,856.0,424.0
18336,18336,128,8,0,1,0,23,977.0,675.0,675.0,302.0
18337,18337,128,8,10,1,0,23,1441.0,917.0,917.0,524.0
18338,18338,128,8,20,1,0,23,1369.0,756.0,756.0,613.0
18339,18339,128,8,30,1,0,23,1153.0,876.0,876.0,277.0
18340,18340,128,8,40,1,0,23,1247.0,829.0,829.0,418.0
18341,18341,128,8,50,1,0,23,809.0,560.0,560.0,249.0
18342,18342,128,9,0,1,0,23,945.0,710.0,710.0,235.0
18343,18343,128,9,10,1,0,23,1059.0,735.0,735.0,324.0
18344,18344,128,9,20,1,0,23,1014.0,702.0,702.0,312.0
18345,18345,128,9,30,1,0,23,763.0,421.0,421.0,342.0
18346,18346,128,9,40,1,0,23,803.0,554.0,554.0,249.0
18347,18347,128,9,50,1,0,23,605.0,443.0,443.0,162.0
18348,18348,128,10,0,1,0,23,643.0,459.0,459.0,184.0
18349,18349,128,10,10,1,0,23,780.0,515.0,515.0,265.0
18350,18350,128,10,20,1,0,23,545.0,350.0,350.0,195.0
18351,18351,128,10,30,1,0,23,722.0,490.0,490.0,232.0
18352,18352,128,10,40,1,0,23,592.0,310.0,310.0,282.0
18353,18353,128,10,50,1,0,23,544.0,318.0,318.0,226.0
18354,18354,128,11,0,1,0,23,578.0,391.0,391.0,187.0
18355,18355,128,11,10,1,0,23,509.0,326.0,326.0,183.0
18356,18356,128,11,20,1,0,23,573.0,305.0,305.0,268.0
18357,18357,128,11,30,1,0,23,475.0,256.0,256.0,219.0
18358,18358,128,11,40,1,0,23,551.0,285.0,285.0,266.0
18359,18359,128,11,50,1,0,23,429.0,227.0,227.0,202.0
18360,18360,128,12,0,1,0,23,433.0,278.0,278.0,155.0
18361,18361,128,12,10,1,0,23,433.0,252.0,252.0,181.0
18362,18362,128,12,20,1,0,23,538.0,276.0,276.0,262.0
18363,18363,128,12,30,1,0,23,404.0,251.0,251.0,153.0
18364,18364,128,12,40,1,0,23,637.0,354.0,354.0,283.0
18365,18365,128,12,50,1,0,23,581.0,349.0,349.0,232.0
18366,18366,128,13,0,1,0,23,633.0,423.0,423.0,210.0
18367,18367,128,13,10,1,0,23,823.0,352.0,352.0,471.0
18368,18368,128,13,20,1,0,23,731.0,390.0,390.0,341.0
18369,18369,128,13,30,1,0,23,808.0,348.0,348.0,460.0
18370,18370,128,13,40,1,0,23,721.0,311.0,311.0,410.0
18371,18371,128,13,50,1,0,23,776.0,321.0,321.0,455.0
18372,18372,128,14,0,1,0,23,635.0,298.0,298.0,337.0
18373,18373,128,14,10,1,0,23,700.0,380.0,380.0,320.0
18374,18374,128,14,20,1,0,23,655.0,317.0,317.0,338.0
18375,18375,128,14,30,1,0,23,805.0,391.0,391.0,414.0
18376,18376,128,14,40,1,0,23,702.0,300.0,300.0,402.0
18377,18377,128,14,50,1,0,23,714.0,355.0,355.0,359.0
18378,18378,128,15,0,1,0,23,978.0,410.0,410.0,568.0
18379,18379,128,15,10,1,0,23,888.0,340.0,340.0,548.0
18380,18380,128,15,20,1,0,23,716.0,396.0,396.0,320.0
18381,18381,128,15,30,1,0,23,871.0,415.0,415.0,456.0
18382,18382,128,15,40,1,0,23,727.0,354.0,354.0,373.0
18383,18383,128,15,50,1,0,23,658.0,322.0,322.0,336.0
18384,18384,128,16,0,1,0,23,936.0,340.0,340.0,596.0
18385,18385,128,16,10,1,0,23,1074.0,339.0,339.0,735.0
18386,18386,128,16,20,1,0,23,946.0,364.0,364.0,582.0
18387,18387,128,16,30,1,0,23,988.0,313.0,313.0,675.0
18388,18388,128,16,40,1,0,23,730.0,314.0,314.0,416.0
18389,18389,128,16,50,1,0,23,587.0,336.0,336.0,251.0
18390,18390,128,17,0,1,0,23,1077.0,379.0,379.0,698.0
18391,18391,128,17,10,1,0,23,928.0,290.0,290.0,638.0
18392,18392,128,17,20,1,0,23,873.0,392.0,392.0,481.0
18393,18393,128,17,30,1,0,23,1323.0,461.0,461.0,862.0
18394,18394,128,17,40,1,0,23,1225.0,425.0,425.0,800.0
18395,18395,128,17,50,1,0,23,909.0,368.0,368.0,541.0
18396,18396,128,18,0,1,0,23,799.0,441.0,441.0,358.0
18397,18397,128,18,10,1,0,23,1126.0,475.0,475.0,651.0
18398,18398,128,18,20,1,0,23,1123.0,488.0,488.0,635.0
18399,18399,128,18,30,1,0,23,1037.0,534.0,534.0,503.0
18400,18400,128,18,40,1,0,23,719.0,481.0,481.0,238.0
18401,18401,128,18,50,1,0,23,1243.0,502.0,502.0,741.0
18402,18402,128,19,0,1,0,23,1290.0,452.0,452.0,838.0
18403,18403,128,19,10,1,0,23,927.0,267.0,267.0,660.0
18404,18404,128,19,20,1,0,23,839.0,347.0,347.0,492.0
18405,18405,128,19,30,1,0,23,659.0,228.0,228.0,431.0
18406,18406,128,19,40,1,0,23,766.0,293.0,293.0,473.0
18407,18407,128,19,50,1,0,23,783.0,173.0,173.0,610.0
18408,18408,128,20,0,1,0,23,1040.0,228.0,228.0,812.0
18409,18409,128,20,10,1,0,23,706.0,137.0,137.0,569.0
18410,18410,128,20,20,1,0,23,689.0,147.0,147.0,542.0
18411,18411,128,20,30,1,0,23,778.0,201.0,201.0,577.0
18412,18412,128,20,40,1,0,23,665.0,143.0,143.0,522.0
18413,18413,128,20,50,1,0,23,619.0,180.0,180.0,439.0
18414,18414,128,21,0,1,0,23,631.0,81.0,81.0,550.0
18415,18415,128,21,10,1,0,23,706.0,156.0,156.0,550.0
18416,18416,128,21,20,1,0,23,783.0,98.0,98.0,685.0
18417,18417,128,21,30,1,0,23,413.0,96.0,96.0,317.0
18418,18418,128,21,40,1,0,23,542.0,94.0,94.0,448.0
18419,18419,128,21,50,1,0,23,244.0,47.0,47.0,197.0
18420,18420,128,22,0,1,0,23,315.0,81.0,81.0,234.0
18421,18421,128,22,10,1,0,23,517.0,71.0,71.0,446.0
18422,18422,128,22,20,1,0,23,243.0,61.0,61.0,182.0
18423,18423,128,22,30,1,0,23,280.0,51.0,51.0,229.0
18424,18424,128,22,40,1,0,23,143.0,45.0,45.0,98.0
18425,18425,128,22,50,1,0,23,145.0,48.0,48.0,97.0
18462,18462,129,5,0,1,0,23,0.0,0.0,0.0,0.0
18463,18463,129,5,10,1,0,23,2.0,2.0,2.0,0.0
18464,18464,129,5,20,1,0,23,0.0,0.0,0.0,0.0
18465,18465,129,5,30,1,0,23,0.0,0.0,0.0,0.0
18466,18466,129,5,40,1,0,23,1.0,1.0,1.0,0.0
18467,18467,129,5,50,1,0,23,17.0,1.0,1.0,16.0
18468,18468,129,6,0,1,0,23,29.0,0.0,0.0,29.0
18469,18469,129,6,10,1,0,23,82.0,1.0,1.0,81.0
18470,18470,129,6,20,1,0,23,136.0,5.0,5.0,131.0
18471,18471,129,6,30,1,0,23,118.0,6.0,6.0,112.0
18472,18472,129,6,40,1,0,23,193.0,22.0,22.0,171.0
18473,18473,129,6,50,1,0,23,237.0,29.0,29.0,208.0
18474,18474,129,7,0,1,0,23,313.0,62.0,62.0,251.0
18475,18475,129,7,10,1,0,23,406.0,22.0,22.0,384.0
18476,18476,129,7,20,1,0,23,474.0,40.0,40.0,434.0
18477,18477,129,7,30,1,0,23,544.0,19.0,19.0,525.0
18478,18478,129,7,40,1,0,23,708.0,40.0,40.0,668.0
18479,18479,129,7,50,1,0,23,731.0,32.0,32.0,699.0
18480,18480,129,8,0,1,0,23,671.0,68.0,68.0,603.0
18481,18481,129,8,10,1,0,23,566.0,44.0,44.0,522.0
18482,18482,129,8,20,1,0,23,488.0,36.0,36.0,452.0
18483,18483,129,8,30,1,0,23,403.0,66.0,66.0,337.0
18484,18484,129,8,40,1,0,23,307.0,51.0,51.0,256.0
18485,18485,129,8,50,1,0,23,227.0,28.0,28.0,199.0
18486,18486,129,9,0,1,0,23,216.0,40.0,40.0,176.0
18487,18487,129,9,10,1,0,23,211.0,42.0,42.0,169.0
18488,18488,129,9,20,1,0,23,124.0,17.0,17.0,107.0
18489,18489,129,9,30,1,0,23,110.0,32.0,32.0,78.0
18490,18490,129,9,40,1,0,23,131.0,47.0,47.0,84.0
18491,18491,129,9,50,1,0,23,104.0,25.0,25.0,79.0
18492,18492,129,10,0,1,0,23,77.0,28.0,28.0,49.0
18493,18493,129,10,10,1,0,23,77.0,39.0,39.0,38.0
18494,18494,129,10,20,1,0,23,71.0,20.0,20.0,51.0
18495,18495,129,10,30,1,0,23,75.0,32.0,32.0,43.0
18496,18496,129,10,40,1,0,23,100.0,51.0,51.0,49.0
18497,18497,129,10,50,1,0,23,55.0,17.0,17.0,38.0
18498,18498,129,11,0,1,0,23,59.0,25.0,25.0,34.0
18499,18499,129,11,10,1,0,23,63.0,22.0,22.0,41.0
18500,18500,129,11,20,1,0,23,71.0,32.0,32.0,39.0
18501,18501,129,11,30,1,0,23,123.0,58.0,58.0,65.0
18502,18502,129,11,40,1,0,23,64.0,25.0,25.0,39.0
18503,18503,129,11,50,1,0,23,81.0,20.0,20.0,61.0
18504,18504,129,12,0,1,0,23,64.0,30.0,30.0,34.0
18505,18505,129,12,10,1,0,23,84.0,21.0,21.0,63.0
18506,18506,129,12,20,1,0,23,102.0,32.0,32.0,70.0
18507,18507,129,12,30,1,0,23,102.0,49.0,49.0,53.0
18508,18508,129,12,40,1,0,23,62.0,22.0,22.0,40.0
18509,18509,129,12,50,1,0,23,67.0,28.0,28.0,39.0
18510,18510,129,13,0,1,0,23,64.0,31.0,31.0,33.0
18511,18511,129,13,10,1,0,23,72.0,34.0,34.0,38.0
18512,18512,129,13,20,1,0,23,68.0,42.0,42.0,26.0
18513,18513,129,13,30,1,0,23,98.0,58.0,58.0,40.0
18514,18514,129,13,40,1,0,23,49.0,28.0,28.0,21.0
18515,18515,129,13,50,1,0,23,55.0,18.0,18.0,37.0
18516,18516,129,14,0,1,0,23,79.0,48.0,48.0,31.0
18517,18517,129,14,10,1,0,23,57.0,29.0,29.0,28.0
18518,18518,129,14,20,1,0,23,76.0,61.0,61.0,15.0
18519,18519,129,14,30,1,0,23,52.0,18.0,18.0,34.0
18520,18520,129,14,40,1,0,23,56.0,36.0,36.0,20.0
18521,18521,129,14,50,1,0,23,82.0,61.0,61.0,21.0
18522,18522,129,15,0,1,0,23,62.0,40.0,40.0,22.0
18523,18523,129,15,10,1,0,23,66.0,41.0,41.0,25.0
18524,18524,129,15,20,1,0,23,115.0,83.0,83.0,32.0
18525,18525,129,15,30,1,0,23,84.0,57.0,57.0,27.0
18526,18526,129,15,40,1,0,23,107.0,59.0,59.0,48.0
18527,18527,129,15,50,1,0,23,115.0,61.0,61.0,54.0
18528,18528,129,16,0,1,0,23,107.0,53.0,53.0,54.0
18529,18529,129,16,10,1,0,23,139.0,92.0,92.0,47.0
18530,18530,129,16,20,1,0,23,163.0,125.0,125.0,38.0
18531,18531,129,16,30,1,0,23,116.0,62.0,62.0,54.0
18532,18532,129,16,40,1,0,23,150.0,98.0,98.0,52.0
18533,18533,129,16,50,1,0,23,161.0,121.0,121.0,40.0
18534,18534,129,17,0,1,0,23,210.0,172.0,172.0,38.0
18535,18535,129,17,10,1,0,23,150.0,87.0,87.0,63.0
18536,18536,129,17,20,1,0,23,234.0,187.0,187.0,47.0
18537,18537,129,17,30,1,0,23,167.0,113.0,113.0,54.0
18538,18538,129,17,40,1,0,23,281.0,232.0,232.0,49.0
18539,18539,129,17,50,1,0,23,343.0,278.0,278.0,65.0
18540,18540,129,18,0,1,0,23,285.0,238.0,238.0,47.0
18541,18541,129,18,10,1,0,23,353.0,323.0,323.0,30.0
18542,18542,129,18,20,1,0,23,265.0,231.0,231.0,34.0
18543,18543,129,18,30,1,0,23,450.0,426.0,426.0,24.0
18544,18544,129,18,40,1,0,23,219.0,203.0,203.0,16.0
18545,18545,129,18,50,1,0,23,511.0,489.0,489.0,22.0
18546,18546,129,19,0,1,0,23,427.0,404.0,404.0,23.0
18547,18547,129,19,10,1,0,23,247.0,222.0,222.0,25.0
18548,18548,129,19,20,1,0,23,383.0,361.0,361.0,22.0
18549,18549,129,19,30,1,0,23,207.0,189.0,189.0,18.0
18550,18550,129,19,40,1,0,23,303.0,283.0,283.0,20.0
18551,18551,129,19,50,1,0,23,137.0,115.0,115.0,22.0
18552,18552,129,20,0,1,0,23,122.0,107.0,107.0,15.0
18553,18553,129,20,10,1,0,23,261.0,238.0,238.0,23.0
18554,18554,129,20,20,1,0,23,70.0,57.0,57.0,13.0
18555,18555,129,20,30,1,0,23,225.0,203.0,203.0,22.0
18556,18556,129,20,40,1,0,23,85.0,69.0,69.0,16.0
18557,18557,129,20,50,1,0,23,182.0,170.0,170.0,12.0
18558,18558,129,21,0,1,0,23,81.0,69.0,69.0,12.0
18559,18559,129,21,10,1,0,23,166.0,148.0,148.0,18.0
18560,18560,129,21,20,1,0,23,125.0,107.0,107.0,18.0
18561,18561,129,21,30,1,0,23,113.0,102.0,102.0,11.0
18562,18562,129,21,40,1,0,23,147.0,132.0,132.0,15.0
18563,18563,129,21,50,1,0,23,126.0,118.0,118.0,8.0
18564,18564,129,22,0,1,0,23,111.0,106.0,106.0,5.0
18565,18565,129,22,10,1,0,23,64.0,59.0,59.0,5.0
18566,18566,129,22,20,1,0,23,136.0,127.0,127.0,9.0
18567,18567,129,22,30,1,0,23,48.0,47.0,47.0,1.0
18568,18568,129,22,40,1,0,23,0.0,0.0,0.0,0.0
18569,18569,129,22,50,1,0,23,0.0,0.0,0.0,0.0
18606,18606,130,5,0,1,0,23,0.0,0.0,0.0,0.0
18607,18607,130,5,10,1,0,23,3.0,0.0,0.0,3.0
18608,18608,130,5,20,1,0,23,4.0,0.0,0.0,4.0
18609,18609,130,5,30,1,0,23,16.0,0.0,0.0,16.0
18610,18610,130,5,40,1,0,23,24.0,0.0,0.0,24.0
18611,18611,130,5,50,1,0,23,31.0,7.0,7.0,24.0
18612,18612,130,6,0,1,0,23,40.0,11.0,11.0,29.0
18613,18613,130,6,10,1,0,23,67.0,22.0,22.0,45.0
18614,18614,130,6,20,1,0,23,81.0,42.0,42.0,39.0
18615,18615,130,6,30,1,0,23,136.0,43.0,43.0,93.0
18616,18616,130,6,40,1,0,23,165.0,79.0,79.0,86.0
18617,18617,130,6,50,1,0,23,200.0,85.0,85.0,115.0
18618,18618,130,7,0,1,0,23,245.0,106.0,106.0,139.0
18619,18619,130,7,10,1,0,23,404.0,230.0,230.0,174.0
18620,18620,130,7,20,1,0,23,490.0,269.0,269.0,221.0
18621,18621,130,7,30,1,0,23,565.0,310.0,310.0,255.0
18622,18622,130,7,40,1,0,23,701.0,358.0,358.0,343.0
18623,18623,130,7,50,1,0,23,817.0,473.0,473.0,344.0
18624,18624,130,8,0,1,0,23,1094.0,696.0,696.0,398.0
18625,18625,130,8,10,1,0,23,1439.0,915.0,915.0,524.0
18626,18626,130,8,20,1,0,23,1381.0,936.0,936.0,445.0
18627,18627,130,8,30,1,0,23,1626.0,1200.0,1200.0,426.0
18628,18628,130,8,40,1,0,23,1876.0,1493.0,1493.0,383.0
18629,18629,130,8,50,1,0,23,1497.0,1208.0,1208.0,289.0
18630,18630,130,9,0,1,0,23,1214.0,952.0,952.0,262.0
18631,18631,130,9,10,1,0,23,1014.0,744.0,744.0,270.0
18632,18632,130,9,20,1,0,23,848.0,605.0,605.0,243.0
18633,18633,130,9,30,1,0,23,763.0,549.0,549.0,214.0
18634,18634,130,9,40,1,0,23,611.0,398.0,398.0,213.0
18635,18635,130,9,50,1,0,23,478.0,313.0,313.0,165.0
18636,18636,130,10,0,1,0,23,412.0,250.0,250.0,162.0
18637,18637,130,10,10,1,0,23,366.0,216.0,216.0,150.0
18638,18638,130,10,20,1,0,23,378.0,224.0,224.0,154.0
18639,18639,130,10,30,1,0,23,352.0,172.0,172.0,180.0
18640,18640,130,10,40,1,0,23,292.0,159.0,159.0,133.0
18641,18641,130,10,50,1,0,23,327.0,174.0,174.0,153.0
18642,18642,130,11,0,1,0,23,273.0,156.0,156.0,117.0
18643,18643,130,11,10,1,0,23,281.0,142.0,142.0,139.0
18644,18644,130,11,20,1,0,23,254.0,105.0,105.0,149.0
18645,18645,130,11,30,1,0,23,313.0,146.0,146.0,167.0
18646,18646,130,11,40,1,0,23,302.0,117.0,117.0,185.0
18647,18647,130,11,50,1,0,23,319.0,140.0,140.0,179.0
18648,18648,130,12,0,1,0,23,304.0,124.0,124.0,180.0
18649,18649,130,12,10,1,0,23,318.0,145.0,145.0,173.0
18650,18650,130,12,20,1,0,23,328.0,142.0,142.0,186.0
18651,18651,130,12,30,1,0,23,375.0,191.0,191.0,184.0
18652,18652,130,12,40,1,0,23,325.0,156.0,156.0,169.0
18653,18653,130,12,50,1,0,23,359.0,190.0,190.0,169.0
18654,18654,130,13,0,1,0,23,341.0,164.0,164.0,177.0
18655,18655,130,13,10,1,0,23,375.0,195.0,195.0,180.0
18656,18656,130,13,20,1,0,23,383.0,185.0,185.0,198.0
18657,18657,130,13,30,1,0,23,376.0,195.0,195.0,181.0
18658,18658,130,13,40,1,0,23,341.0,140.0,140.0,201.0
18659,18659,130,13,50,1,0,23,367.0,199.0,199.0,168.0
18660,18660,130,14,0,1,0,23,355.0,181.0,181.0,174.0
18661,18661,130,14,10,1,0,23,343.0,169.0,169.0,174.0
18662,18662,130,14,20,1,0,23,339.0,174.0,174.0,165.0
18663,18663,130,14,30,1,0,23,337.0,158.0,158.0,179.0
18664,18664,130,14,40,1,0,23,324.0,150.0,150.0,174.0
18665,18665,130,14,50,1,0,23,355.0,173.0,173.0,182.0
18666,18666,130,15,0,1,0,23,322.0,145.0,145.0,177.0
18667,18667,130,15,10,1,0,23,366.0,169.0,169.0,197.0
18668,18668,130,15,20,1,0,23,370.0,162.0,162.0,208.0
18669,18669,130,15,30,1,0,23,422.0,181.0,181.0,241.0
18670,18670,130,15,40,1,0,23,404.0,169.0,169.0,235.0
18671,18671,130,15,50,1,0,23,418.0,188.0,188.0,230.0
18672,18672,130,16,0,1,0,23,392.0,149.0,149.0,243.0
18673,18673,130,16,10,1,0,23,392.0,127.0,127.0,265.0
18674,18674,130,16,20,1,0,23,426.0,158.0,158.0,268.0
18675,18675,130,16,30,1,0,23,525.0,212.0,212.0,313.0
18676,18676,130,16,40,1,0,23,436.0,146.0,146.0,290.0
18677,18677,130,16,50,1,0,23,535.0,222.0,222.0,313.0
18678,18678,130,17,0,1,0,23,718.0,212.0,212.0,506.0
18679,18679,130,17,10,1,0,23,873.0,198.0,198.0,675.0
18680,18680,130,17,20,1,0,23,715.0,253.0,253.0,462.0
18681,18681,130,17,30,1,0,23,853.0,286.0,286.0,567.0
18682,18682,130,17,40,1,0,23,1306.0,306.0,306.0,1000.0
18683,18683,130,17,50,1,0,23,1058.0,361.0,361.0,697.0
18684,18684,130,18,0,1,0,23,1093.0,372.0,372.0,721.0
18685,18685,130,18,10,1,0,23,1575.0,345.0,345.0,1230.0
18686,18686,130,18,20,1,0,23,1350.0,348.0,348.0,1002.0
18687,18687,130,18,30,1,0,23,1015.0,343.0,343.0,672.0
18688,18688,130,18,40,1,0,23,1015.0,411.0,411.0,604.0
18689,18689,130,18,50,1,0,23,765.0,310.0,310.0,455.0
18690,18690,130,19,0,1,0,23,677.0,300.0,300.0,377.0
18691,18691,130,19,10,1,0,23,531.0,237.0,237.0,294.0
18692,18692,130,19,20,1,0,23,474.0,212.0,212.0,262.0
18693,18693,130,19,30,1,0,23,392.0,131.0,131.0,261.0
18694,18694,130,19,40,1,0,23,403.0,184.0,184.0,219.0
18695,18695,130,19,50,1,0,23,292.0,104.0,104.0,188.0
18696,18696,130,20,0,1,0,23,316.0,111.0,111.0,205.0
18697,18697,130,20,10,1,0,23,316.0,118.0,118.0,198.0
18698,18698,130,20,20,1,0,23,329.0,140.0,140.0,189.0
18699,18699,130,20,30,1,0,23,275.0,118.0,118.0,157.0
18700,18700,130,20,40,1,0,23,261.0,98.0,98.0,163.0
18701,18701,130,20,50,1,0,23,302.0,131.0,131.0,171.0
18702,18702,130,21,0,1,0,23,272.0,108.0,108.0,164.0
18703,18703,130,21,10,1,0,23,251.0,97.0,97.0,154.0
18704,18704,130,21,20,1,0,23,276.0,115.0,115.0,161.0
18705,18705,130,21,30,1,0,23,215.0,104.0,104.0,111.0
18706,18706,130,21,40,1,0,23,224.0,108.0,108.0,116.0
18707,18707,130,21,50,1,0,23,204.0,106.0,106.0,98.0
18708,18708,130,22,0,1,0,23,164.0,90.0,90.0,74.0
18709,18709,130,22,10,1,0,23,191.0,98.0,98.0,93.0
18710,18710,130,22,20,1,0,23,161.0,102.0,102.0,59.0
18711,18711,130,22,30,1,0,23,138.0,94.0,94.0,44.0
18712,18712,130,22,40,1,0,23,100.0,61.0,61.0,39.0
18713,18713,130,22,50,1,0,23,63.0,39.0,39.0,24.0
18750,18750,131,5,0,1,0,23,0.0,0.0,0.0,0.0
18751,18751,131,5,10,1,0,23,1.0,0.0,0.0,1.0
18752,18752,131,5,20,1,0,23,25.0,0.0,0.0,25.0
18753,18753,131,5,30,1,0,23,8.0,0.0,0.0,8.0
18754,18754,131,5,40,1,0,23,29.0,2.0,2.0,27.0
18755,18755,131,5,50,1,0,23,32.0,0.0,0.0,32.0
18756,18756,131,6,0,1,0,23,44.0,2.0,2.0,42.0
18757,18757,131,6,10,1,0,23,33.0,0.0,0.0,33.0
18758,18758,131,6,20,1,0,23,109.0,32.0,32.0,77.0
18759,18759,131,6,30,1,0,23,133.0,46.0,46.0,87.0
18760,18760,131,6,40,1,0,23,157.0,46.0,46.0,111.0
18761,18761,131,6,50,1,0,23,223.0,90.0,90.0,133.0
18762,18762,131,7,0,1,0,23,285.0,95.0,95.0,190.0
18763,18763,131,7,10,1,0,23,394.0,130.0,130.0,264.0
18764,18764,131,7,20,1,0,23,654.0,319.0,319.0,335.0
18765,18765,131,7,30,1,0,23,904.0,448.0,448.0,456.0
18766,18766,131,7,40,1,0,23,1270.0,605.0,605.0,665.0
18767,18767,131,7,50,1,0,23,1907.0,1047.0,1047.0,860.0
18768,18768,131,8,0,1,0,23,1912.0,1062.0,1062.0,850.0
18769,18769,131,8,10,1,0,23,2412.0,1690.0,1690.0,722.0
18770,18770,131,8,20,1,0,23,2040.0,1522.0,1522.0,518.0
18771,18771,131,8,30,1,0,23,2337.0,1875.0,1875.0,462.0
18772,18772,131,8,40,1,0,23,2228.0,1783.0,1783.0,445.0
18773,18773,131,8,50,1,0,23,2274.0,1895.0,1895.0,379.0
18774,18774,131,9,0,1,0,23,1996.0,1710.0,1710.0,286.0
18775,18775,131,9,10,1,0,23,1680.0,1421.0,1421.0,259.0
18776,18776,131,9,20,1,0,23,2044.0,1801.0,1801.0,243.0
18777,18777,131,9,30,1,0,23,1371.0,1190.0,1190.0,181.0
18778,18778,131,9,40,1,0,23,1068.0,933.0,933.0,135.0
18779,18779,131,9,50,1,0,23,709.0,563.0,563.0,146.0
18780,18780,131,10,0,1,0,23,506.0,411.0,411.0,95.0
18781,18781,131,10,10,1,0,23,564.0,432.0,432.0,132.0
18782,18782,131,10,20,1,0,23,254.0,170.0,170.0,84.0
18783,18783,131,10,30,1,0,23,402.0,306.0,306.0,96.0
18784,18784,131,10,40,1,0,23,293.0,185.0,185.0,108.0
18785,18785,131,10,50,1,0,23,219.0,136.0,136.0,83.0
18786,18786,131,11,0,1,0,23,257.0,150.0,150.0,107.0
18787,18787,131,11,10,1,0,23,250.0,140.0,140.0,110.0
18788,18788,131,11,20,1,0,23,225.0,126.0,126.0,99.0
18789,18789,131,11,30,1,0,23,264.0,168.0,168.0,96.0
18790,18790,131,11,40,1,0,23,250.0,132.0,132.0,118.0
18791,18791,131,11,50,1,0,23,282.0,139.0,139.0,143.0
18792,18792,131,12,0,1,0,23,289.0,133.0,133.0,156.0
18793,18793,131,12,10,1,0,23,258.0,122.0,122.0,136.0
18794,18794,131,12,20,1,0,23,272.0,106.0,106.0,166.0
18795,18795,131,12,30,1,0,23,352.0,189.0,189.0,163.0
18796,18796,131,12,40,1,0,23,261.0,119.0,119.0,142.0
18797,18797,131,12,50,1,0,23,361.0,190.0,190.0,171.0
18798,18798,131,13,0,1,0,23,295.0,108.0,108.0,187.0
18799,18799,131,13,10,1,0,23,310.0,152.0,152.0,158.0
18800,18800,131,13,20,1,0,23,323.0,157.0,157.0,166.0
18801,18801,131,13,30,1,0,23,212.0,75.0,75.0,137.0
18802,18802,131,13,40,1,0,23,290.0,175.0,175.0,115.0
18803,18803,131,13,50,1,0,23,259.0,142.0,142.0,117.0
18804,18804,131,14,0,1,0,23,263.0,116.0,116.0,147.0
18805,18805,131,14,10,1,0,23,279.0,138.0,138.0,141.0
18806,18806,131,14,20,1,0,23,217.0,80.0,80.0,137.0
18807,18807,131,14,30,1,0,23,269.0,137.0,137.0,132.0
18808,18808,131,14,40,1,0,23,221.0,97.0,97.0,124.0
18809,18809,131,14,50,1,0,23,267.0,116.0,116.0,151.0
18810,18810,131,15,0,1,0,23,287.0,131.0,131.0,156.0
18811,18811,131,15,10,1,0,23,255.0,100.0,100.0,155.0
18812,18812,131,15,20,1,0,23,300.0,139.0,139.0,161.0
18813,18813,131,15,30,1,0,23,284.0,103.0,103.0,181.0
18814,18814,131,15,40,1,0,23,302.0,131.0,131.0,171.0
18815,18815,131,15,50,1,0,23,373.0,172.0,172.0,201.0
18816,18816,131,16,0,1,0,23,356.0,128.0,128.0,228.0
18817,18817,131,16,10,1,0,23,335.0,102.0,102.0,233.0
18818,18818,131,16,20,1,0,23,328.0,119.0,119.0,209.0
18819,18819,131,16,30,1,0,23,358.0,121.0,121.0,237.0
18820,18820,131,16,40,1,0,23,623.0,105.0,105.0,518.0
18821,18821,131,16,50,1,0,23,623.0,204.0,204.0,419.0
18822,18822,131,17,0,1,0,23,816.0,197.0,197.0,619.0
18823,18823,131,17,10,1,0,23,1188.0,200.0,200.0,988.0
18824,18824,131,17,20,1,0,23,1053.0,172.0,172.0,881.0
18825,18825,131,17,30,1,0,23,1251.0,283.0,283.0,968.0
18826,18826,131,17,40,1,0,23,1700.0,188.0,188.0,1512.0
18827,18827,131,17,50,1,0,23,1585.0,316.0,316.0,1269.0
18828,18828,131,18,0,1,0,23,1399.0,343.0,343.0,1056.0
18829,18829,131,18,10,1,0,23,1959.0,447.0,447.0,1512.0
18830,18830,131,18,20,1,0,23,1882.0,358.0,358.0,1524.0
18831,18831,131,18,30,1,0,23,1700.0,453.0,453.0,1247.0
18832,18832,131,18,40,1,0,23,1279.0,356.0,356.0,923.0
18833,18833,131,18,50,1,0,23,1275.0,509.0,509.0,766.0
18834,18834,131,19,0,1,0,23,1049.0,389.0,389.0,660.0
18835,18835,131,19,10,1,0,23,945.0,369.0,369.0,576.0
18836,18836,131,19,20,1,0,23,808.0,300.0,300.0,508.0
18837,18837,131,19,30,1,0,23,713.0,299.0,299.0,414.0
18838,18838,131,19,40,1,0,23,629.0,151.0,151.0,478.0
18839,18839,131,19,50,1,0,23,688.0,273.0,273.0,415.0
18840,18840,131,20,0,1,0,23,516.0,120.0,120.0,396.0
18841,18841,131,20,10,1,0,23,544.0,153.0,153.0,391.0
18842,18842,131,20,20,1,0,23,496.0,168.0,168.0,328.0
18843,18843,131,20,30,1,0,23,406.0,96.0,96.0,310.0
18844,18844,131,20,40,1,0,23,516.0,225.0,225.0,291.0
18845,18845,131,20,50,1,0,23,389.0,82.0,82.0,307.0
18846,18846,131,21,0,1,0,23,423.0,152.0,152.0,271.0
18847,18847,131,21,10,1,0,23,461.0,108.0,108.0,353.0
18848,18848,131,21,20,1,0,23,424.0,141.0,141.0,283.0
18849,18849,131,21,30,1,0,23,342.0,134.0,134.0,208.0
18850,18850,131,21,40,1,0,23,280.0,112.0,112.0,168.0
18851,18851,131,21,50,1,0,23,286.0,126.0,126.0,160.0
18852,18852,131,22,0,1,0,23,225.0,65.0,65.0,160.0
18853,18853,131,22,10,1,0,23,219.0,99.0,99.0,120.0
18854,18854,131,22,20,1,0,23,186.0,125.0,125.0,61.0
18855,18855,131,22,30,1,0,23,149.0,109.0,109.0,40.0
18856,18856,131,22,40,1,0,23,75.0,64.0,64.0,11.0
18857,18857,131,22,50,1,0,23,42.0,40.0,40.0,2.0
18894,18894,132,5,0,1,0,23,0.0,0.0,0.0,0.0
18895,18895,132,5,10,1,0,23,3.0,0.0,0.0,3.0
18896,18896,132,5,20,1,0,23,11.0,0.0,0.0,11.0
18897,18897,132,5,30,1,0,23,14.0,1.0,1.0,13.0
18898,18898,132,5,40,1,0,23,32.0,5.0,5.0,27.0
18899,18899,132,5,50,1,0,23,57.0,15.0,15.0,42.0
18900,18900,132,6,0,1,0,23,84.0,31.0,31.0,53.0
18901,18901,132,6,10,1,0,23,92.0,48.0,48.0,44.0
18902,18902,132,6,20,1,0,23,137.0,85.0,85.0,52.0
18903,18903,132,6,30,1,0,23,164.0,101.0,101.0,63.0
18904,18904,132,6,40,1,0,23,235.0,146.0,146.0,89.0
18905,18905,132,6,50,1,0,23,286.0,186.0,186.0,100.0
18906,18906,132,7,0,1,0,23,407.0,288.0,288.0,119.0
18907,18907,132,7,10,1,0,23,521.0,363.0,363.0,158.0
18908,18908,132,7,20,1,0,23,705.0,495.0,495.0,210.0
18909,18909,132,7,30,1,0,23,813.0,565.0,565.0,248.0
18910,18910,132,7,40,1,0,23,906.0,652.0,652.0,254.0
18911,18911,132,7,50,1,0,23,1134.0,818.0,818.0,316.0
18912,18912,132,8,0,1,0,23,1393.0,1009.0,1009.0,384.0
18913,18913,132,8,10,1,0,23,1857.0,1438.0,1438.0,419.0
18914,18914,132,8,20,1,0,23,1795.0,1390.0,1390.0,405.0
18915,18915,132,8,30,1,0,23,1920.0,1534.0,1534.0,386.0
18916,18916,132,8,40,1,0,23,2923.0,2529.0,2529.0,394.0
18917,18917,132,8,50,1,0,23,2630.0,2332.0,2332.0,298.0
18918,18918,132,9,0,1,0,23,2281.0,2036.0,2036.0,245.0
18919,18919,132,9,10,1,0,23,2184.0,1897.0,1897.0,287.0
18920,18920,132,9,20,1,0,23,1840.0,1564.0,1564.0,276.0
18921,18921,132,9,30,1,0,23,1827.0,1529.0,1529.0,298.0
18922,18922,132,9,40,1,0,23,1314.0,1077.0,1077.0,237.0
18923,18923,132,9,50,1,0,23,1267.0,1013.0,1013.0,254.0
18924,18924,132,10,0,1,0,23,1037.0,830.0,830.0,207.0
18925,18925,132,10,10,1,0,23,843.0,589.0,589.0,254.0
18926,18926,132,10,20,1,0,23,755.0,492.0,492.0,263.0
18927,18927,132,10,30,1,0,23,857.0,583.0,583.0,274.0
18928,18928,132,10,40,1,0,23,787.0,494.0,494.0,293.0
18929,18929,132,10,50,1,0,23,654.0,403.0,403.0,251.0
18930,18930,132,11,0,1,0,23,737.0,485.0,485.0,252.0
18931,18931,132,11,10,1,0,23,681.0,394.0,394.0,287.0
18932,18932,132,11,20,1,0,23,683.0,417.0,417.0,266.0
18933,18933,132,11,30,1,0,23,695.0,379.0,379.0,316.0
18934,18934,132,11,40,1,0,23,750.0,466.0,466.0,284.0
18935,18935,132,11,50,1,0,23,727.0,372.0,372.0,355.0
18936,18936,132,12,0,1,0,23,818.0,478.0,478.0,340.0
18937,18937,132,12,10,1,0,23,795.0,445.0,445.0,350.0
18938,18938,132,12,20,1,0,23,862.0,473.0,473.0,389.0
18939,18939,132,12,30,1,0,23,800.0,397.0,397.0,403.0
18940,18940,132,12,40,1,0,23,850.0,472.0,472.0,378.0
18941,18941,132,12,50,1,0,23,852.0,469.0,469.0,383.0
18942,18942,132,13,0,1,0,23,915.0,543.0,543.0,372.0
18943,18943,132,13,10,1,0,23,764.0,386.0,386.0,378.0
18944,18944,132,13,20,1,0,23,915.0,496.0,496.0,419.0
18945,18945,132,13,30,1,0,23,851.0,418.0,418.0,433.0
18946,18946,132,13,40,1,0,23,872.0,496.0,496.0,376.0
18947,18947,132,13,50,1,0,23,797.0,379.0,379.0,418.0
18948,18948,132,14,0,1,0,23,922.0,480.0,480.0,442.0
18949,18949,132,14,10,1,0,23,838.0,374.0,374.0,464.0
18950,18950,132,14,20,1,0,23,875.0,498.0,498.0,377.0
18951,18951,132,14,30,1,0,23,771.0,354.0,354.0,417.0
18952,18952,132,14,40,1,0,23,894.0,417.0,417.0,477.0
18953,18953,132,14,50,1,0,23,733.0,326.0,326.0,407.0
18954,18954,132,15,0,1,0,23,797.0,375.0,375.0,422.0
18955,18955,132,15,10,1,0,23,786.0,313.0,313.0,473.0
18956,18956,132,15,20,1,0,23,909.0,415.0,415.0,494.0
18957,18957,132,15,30,1,0,23,844.0,316.0,316.0,528.0
18958,18958,132,15,40,1,0,23,880.0,417.0,417.0,463.0
18959,18959,132,15,50,1,0,23,873.0,367.0,367.0,506.0
18960,18960,132,16,0,1,0,23,907.0,327.0,327.0,580.0
18961,18961,132,16,10,1,0,23,917.0,335.0,335.0,582.0
18962,18962,132,16,20,1,0,23,909.0,330.0,330.0,579.0
18963,18963,132,16,30,1,0,23,920.0,327.0,327.0,593.0
18964,18964,132,16,40,1,0,23,920.0,312.0,312.0,608.0
18965,18965,132,16,50,1,0,23,1073.0,360.0,360.0,713.0
18966,18966,132,17,0,1,0,23,1176.0,350.0,350.0,826.0
18967,18967,132,17,10,1,0,23,1544.0,406.0,406.0,1138.0
18968,18968,132,17,20,1,0,23,1428.0,464.0,464.0,964.0
18969,18969,132,17,30,1,0,23,1766.0,625.0,625.0,1141.0
18970,18970,132,17,40,1,0,23,2204.0,586.0,586.0,1618.0
18971,18971,132,17,50,1,0,23,1849.0,613.0,613.0,1236.0
18972,18972,132,18,0,1,0,23,1957.0,618.0,618.0,1339.0
18973,18973,132,18,10,1,0,23,2658.0,752.0,752.0,1906.0
18974,18974,132,18,20,1,0,23,2352.0,689.0,689.0,1663.0
18975,18975,132,18,30,1,0,23,2169.0,802.0,802.0,1367.0
18976,18976,132,18,40,1,0,23,1871.0,744.0,744.0,1127.0
18977,18977,132,18,50,1,0,23,1576.0,608.0,608.0,968.0
18978,18978,132,19,0,1,0,23,1481.0,625.0,625.0,856.0
18979,18979,132,19,10,1,0,23,1204.0,429.0,429.0,775.0
18980,18980,132,19,20,1,0,23,1117.0,431.0,431.0,686.0
18981,18981,132,19,30,1,0,23,932.0,283.0,283.0,649.0
18982,18982,132,19,40,1,0,23,842.0,281.0,281.0,561.0
18983,18983,132,19,50,1,0,23,805.0,250.0,250.0,555.0
18984,18984,132,20,0,1,0,23,725.0,154.0,154.0,571.0
18985,18985,132,20,10,1,0,23,731.0,159.0,159.0,572.0
18986,18986,132,20,20,1,0,23,731.0,187.0,187.0,544.0
18987,18987,132,20,30,1,0,23,697.0,203.0,203.0,494.0
18988,18988,132,20,40,1,0,23,722.0,160.0,160.0,562.0
18989,18989,132,20,50,1,0,23,695.0,134.0,134.0,561.0
18990,18990,132,21,0,1,0,23,655.0,103.0,103.0,552.0
18991,18991,132,21,10,1,0,23,728.0,173.0,173.0,555.0
18992,18992,132,21,20,1,0,23,620.0,139.0,139.0,481.0
18993,18993,132,21,30,1,0,23,663.0,148.0,148.0,515.0
18994,18994,132,21,40,1,0,23,665.0,121.0,121.0,544.0
18995,18995,132,21,50,1,0,23,566.0,117.0,117.0,449.0
18996,18996,132,22,0,1,0,23,603.0,122.0,122.0,481.0
18997,18997,132,22,10,1,0,23,740.0,91.0,91.0,649.0
18998,18998,132,22,20,1,0,23,394.0,88.0,88.0,306.0
18999,18999,132,22,30,1,0,23,274.0,97.0,97.0,177.0
19000,19000,132,22,40,1,0,23,185.0,71.0,71.0,114.0
19001,19001,132,22,50,1,0,23,134.0,66.0,66.0,68.0
19038,19038,133,5,0,1,0,23,0.0,0.0,0.0,0.0
19039,19039,133,5,10,1,0,23,0.0,0.0,0.0,0.0
19040,19040,133,5,20,1,0,23,0.0,0.0,0.0,0.0
19041,19041,133,5,30,1,0,23,0.0,0.0,0.0,0.0
19042,19042,133,5,40,1,0,23,0.0,0.0,0.0,0.0
19043,19043,133,5,50,1,0,23,14.0,0.0,0.0,14.0
19044,19044,133,6,0,1,0,23,46.0,0.0,0.0,46.0
19045,19045,133,6,10,1,0,23,79.0,1.0,1.0,78.0
19046,19046,133,6,20,1,0,23,65.0,0.0,0.0,65.0
19047,19047,133,6,30,1,0,23,58.0,0.0,0.0,58.0
19048,19048,133,6,40,1,0,23,69.0,1.0,1.0,68.0
19049,19049,133,6,50,1,0,23,88.0,4.0,4.0,84.0
19050,19050,133,7,0,1,0,23,84.0,2.0,2.0,82.0
19051,19051,133,7,10,1,0,23,106.0,3.0,3.0,103.0
19052,19052,133,7,20,1,0,23,126.0,3.0,3.0,123.0
19053,19053,133,7,30,1,0,23,218.0,14.0,14.0,204.0
19054,19054,133,7,40,1,0,23,179.0,13.0,13.0,166.0
19055,19055,133,7,50,1,0,23,203.0,10.0,10.0,193.0
19056,19056,133,8,0,1,0,23,155.0,23.0,23.0,132.0
19057,19057,133,8,10,1,0,23,156.0,8.0,8.0,148.0
19058,19058,133,8,20,1,0,23,121.0,15.0,15.0,106.0
19059,19059,133,8,30,1,0,23,86.0,12.0,12.0,74.0
19060,19060,133,8,40,1,0,23,70.0,11.0,11.0,59.0
19061,19061,133,8,50,1,0,23,64.0,7.0,7.0,57.0
19062,19062,133,9,0,1,0,23,33.0,13.0,13.0,20.0
19063,19063,133,9,10,1,0,23,57.0,17.0,17.0,40.0
19064,19064,133,9,20,1,0,23,24.0,10.0,10.0,14.0
19065,19065,133,9,30,1,0,23,32.0,12.0,12.0,20.0
19066,19066,133,9,40,1,0,23,32.0,7.0,7.0,25.0
19067,19067,133,9,50,1,0,23,35.0,11.0,11.0,24.0
19068,19068,133,10,0,1,0,23,33.0,14.0,14.0,19.0
19069,19069,133,10,10,1,0,23,22.0,9.0,9.0,13.0
19070,19070,133,10,20,1,0,23,21.0,8.0,8.0,13.0
19071,19071,133,10,30,1,0,23,23.0,15.0,15.0,8.0
19072,19072,133,10,40,1,0,23,24.0,11.0,11.0,13.0
19073,19073,133,10,50,1,0,23,37.0,18.0,18.0,19.0
19074,19074,133,11,0,1,0,23,16.0,5.0,5.0,11.0
19075,19075,133,11,10,1,0,23,28.0,7.0,7.0,21.0
19076,19076,133,11,20,1,0,23,23.0,15.0,15.0,8.0
19077,19077,133,11,30,1,0,23,17.0,12.0,12.0,5.0
19078,19078,133,11,40,1,0,23,30.0,11.0,11.0,19.0
19079,19079,133,11,50,1,0,23,36.0,14.0,14.0,22.0
19080,19080,133,12,0,1,0,23,20.0,10.0,10.0,10.0
19081,19081,133,12,10,1,0,23,18.0,12.0,12.0,6.0
19082,19082,133,12,20,1,0,23,24.0,16.0,16.0,8.0
19083,19083,133,12,30,1,0,23,33.0,12.0,12.0,21.0
19084,19084,133,12,40,1,0,23,18.0,10.0,10.0,8.0
19085,19085,133,12,50,1,0,23,33.0,17.0,17.0,16.0
19086,19086,133,13,0,1,0,23,26.0,10.0,10.0,16.0
19087,19087,133,13,10,1,0,23,17.0,11.0,11.0,6.0
19088,19088,133,13,20,1,0,23,31.0,15.0,15.0,16.0
19089,19089,133,13,30,1,0,23,19.0,7.0,7.0,12.0
19090,19090,133,13,40,1,0,23,24.0,16.0,16.0,8.0
19091,19091,133,13,50,1,0,23,17.0,11.0,11.0,6.0
19092,19092,133,14,0,1,0,23,20.0,11.0,11.0,9.0
19093,19093,133,14,10,1,0,23,15.0,10.0,10.0,5.0
19094,19094,133,14,20,1,0,23,25.0,15.0,15.0,10.0
19095,19095,133,14,30,1,0,23,9.0,6.0,6.0,3.0
19096,19096,133,14,40,1,0,23,15.0,6.0,6.0,9.0
19097,19097,133,14,50,1,0,23,23.0,11.0,11.0,12.0
19098,19098,133,15,0,1,0,23,34.0,24.0,24.0,10.0
19099,19099,133,15,10,1,0,23,17.0,13.0,13.0,4.0
19100,19100,133,15,20,1,0,23,36.0,21.0,21.0,15.0
19101,19101,133,15,30,1,0,23,33.0,18.0,18.0,15.0
19102,19102,133,15,40,1,0,23,32.0,13.0,13.0,19.0
19103,19103,133,15,50,1,0,23,18.0,10.0,10.0,8.0
19104,19104,133,16,0,1,0,23,30.0,17.0,17.0,13.0
19105,19105,133,16,10,1,0,23,52.0,34.0,34.0,18.0
19106,19106,133,16,20,1,0,23,29.0,17.0,17.0,12.0
19107,19107,133,16,30,1,0,23,33.0,20.0,20.0,13.0
19108,19108,133,16,40,1,0,23,35.0,20.0,20.0,15.0
19109,19109,133,16,50,1,0,23,31.0,19.0,19.0,12.0
19110,19110,133,17,0,1,0,23,31.0,25.0,25.0,6.0
19111,19111,133,17,10,1,0,23,63.0,43.0,43.0,20.0
19112,19112,133,17,20,1,0,23,54.0,32.0,32.0,22.0
19113,19113,133,17,30,1,0,23,55.0,48.0,48.0,7.0
19114,19114,133,17,40,1,0,23,57.0,48.0,48.0,9.0
19115,19115,133,17,50,1,0,23,32.0,27.0,27.0,5.0
19116,19116,133,18,0,1,0,23,93.0,82.0,82.0,11.0
19117,19117,133,18,10,1,0,23,64.0,56.0,56.0,8.0
19118,19118,133,18,20,1,0,23,71.0,68.0,68.0,3.0
19119,19119,133,18,30,1,0,23,90.0,83.0,83.0,7.0
19120,19120,133,18,40,1,0,23,69.0,57.0,57.0,12.0
19121,19121,133,18,50,1,0,23,91.0,91.0,91.0,0.0
19122,19122,133,19,0,1,0,23,67.0,57.0,57.0,10.0
19123,19123,133,19,10,1,0,23,105.0,99.0,99.0,6.0
19124,19124,133,19,20,1,0,23,41.0,40.0,40.0,1.0
19125,19125,133,19,30,1,0,23,88.0,83.0,83.0,5.0
19126,19126,133,19,40,1,0,23,77.0,74.0,74.0,3.0
19127,19127,133,19,50,1,0,23,30.0,25.0,25.0,5.0
19128,19128,133,20,0,1,0,23,54.0,49.0,49.0,5.0
19129,19129,133,20,10,1,0,23,19.0,15.0,15.0,4.0
19130,19130,133,20,20,1,0,23,54.0,53.0,53.0,1.0
19131,19131,133,20,30,1,0,23,38.0,30.0,30.0,8.0
19132,19132,133,20,40,1,0,23,37.0,31.0,31.0,6.0
19133,19133,133,20,50,1,0,23,37.0,34.0,34.0,3.0
19134,19134,133,21,0,1,0,23,39.0,36.0,36.0,3.0
19135,19135,133,21,10,1,0,23,37.0,29.0,29.0,8.0
19136,19136,133,21,20,1,0,23,27.0,26.0,26.0,1.0
19137,19137,133,21,30,1,0,23,19.0,17.0,17.0,2.0
19138,19138,133,21,40,1,0,23,34.0,34.0,34.0,0.0
19139,19139,133,21,50,1,0,23,23.0,20.0,20.0,3.0
19140,19140,133,22,0,1,0,23,24.0,23.0,23.0,1.0
19141,19141,133,22,10,1,0,23,26.0,24.0,24.0,2.0
19142,19142,133,22,20,1,0,23,14.0,14.0,14.0,0.0
19143,19143,133,22,30,1,0,23,9.0,9.0,9.0,0.0
19144,19144,133,22,40,1,0,23,8.0,8.0,8.0,0.0
19145,19145,133,22,50,1,0,23,0.0,0.0,0.0,0.0
19182,19182,134,5,0,1,0,23,6.0,0.0,0.0,6.0
19183,19183,134,5,10,1,0,23,14.0,0.0,0.0,14.0
19184,19184,134,5,20,1,0,23,18.0,1.0,1.0,17.0
19185,19185,134,5,30,1,0,23,35.0,0.0,0.0,35.0
19186,19186,134,5,40,1,0,23,32.0,0.0,0.0,32.0
19187,19187,134,5,50,1,0,23,117.0,0.0,0.0,117.0
19188,19188,134,6,0,1,0,23,99.0,1.0,1.0,98.0
19189,19189,134,6,10,1,0,23,136.0,4.0,4.0,132.0
19190,19190,134,6,20,1,0,23,282.0,82.0,82.0,200.0
19191,19191,134,6,30,1,0,23,291.0,70.0,70.0,221.0
19192,19192,134,6,40,1,0,23,382.0,90.0,90.0,292.0
19193,19193,134,6,50,1,0,23,456.0,137.0,137.0,319.0
19194,19194,134,7,0,1,0,23,501.0,158.0,158.0,343.0
19195,19195,134,7,10,1,0,23,758.0,280.0,280.0,478.0
19196,19196,134,7,20,1,0,23,938.0,320.0,320.0,618.0
19197,19197,134,7,30,1,0,23,969.0,332.0,332.0,637.0
19198,19198,134,7,40,1,0,23,1217.0,305.0,305.0,912.0
19199,19199,134,7,50,1,0,23,1440.0,417.0,417.0,1023.0
19200,19200,134,8,0,1,0,23,1592.0,350.0,350.0,1242.0
19201,19201,134,8,10,1,0,23,1703.0,342.0,342.0,1361.0
19202,19202,134,8,20,1,0,23,1546.0,316.0,316.0,1230.0
19203,19203,134,8,30,1,0,23,1182.0,262.0,262.0,920.0
19204,19204,134,8,40,1,0,23,1188.0,247.0,247.0,941.0
19205,19205,134,8,50,1,0,23,886.0,264.0,264.0,622.0
19206,19206,134,9,0,1,0,23,781.0,191.0,191.0,590.0
19207,19207,134,9,10,1,0,23,838.0,235.0,235.0,603.0
19208,19208,134,9,20,1,0,23,588.0,177.0,177.0,411.0
19209,19209,134,9,30,1,0,23,632.0,224.0,224.0,408.0
19210,19210,134,9,40,1,0,23,428.0,123.0,123.0,305.0
19211,19211,134,9,50,1,0,23,404.0,164.0,164.0,240.0
19212,19212,134,10,0,1,0,23,395.0,209.0,209.0,186.0
19213,19213,134,10,10,1,0,23,354.0,176.0,176.0,178.0
19214,19214,134,10,20,1,0,23,290.0,126.0,126.0,164.0
19215,19215,134,10,30,1,0,23,327.0,172.0,172.0,155.0
19216,19216,134,10,40,1,0,23,250.0,138.0,138.0,112.0
19217,19217,134,10,50,1,0,23,310.0,177.0,177.0,133.0
19218,19218,134,11,0,1,0,23,270.0,138.0,138.0,132.0
19219,19219,134,11,10,1,0,23,274.0,137.0,137.0,137.0
19220,19220,134,11,20,1,0,23,289.0,191.0,191.0,98.0
19221,19221,134,11,30,1,0,23,251.0,125.0,125.0,126.0
19222,19222,134,11,40,1,0,23,318.0,176.0,176.0,142.0
19223,19223,134,11,50,1,0,23,297.0,153.0,153.0,144.0
19224,19224,134,12,0,1,0,23,301.0,175.0,175.0,126.0
19225,19225,134,12,10,1,0,23,309.0,143.0,143.0,166.0
19226,19226,134,12,20,1,0,23,330.0,174.0,174.0,156.0
19227,19227,134,12,30,1,0,23,281.0,162.0,162.0,119.0
19228,19228,134,12,40,1,0,23,380.0,190.0,190.0,190.0
19229,19229,134,12,50,1,0,23,308.0,157.0,157.0,151.0
19230,19230,134,13,0,1,0,23,292.0,132.0,132.0,160.0
19231,19231,134,13,10,1,0,23,327.0,156.0,156.0,171.0
19232,19232,134,13,20,1,0,23,310.0,166.0,166.0,144.0
19233,19233,134,13,30,1,0,23,290.0,145.0,145.0,145.0
19234,19234,134,13,40,1,0,23,340.0,171.0,171.0,169.0
19235,19235,134,13,50,1,0,23,286.0,156.0,156.0,130.0
19236,19236,134,14,0,1,0,23,280.0,197.0,197.0,83.0
19237,19237,134,14,10,1,0,23,289.0,153.0,153.0,136.0
19238,19238,134,14,20,1,0,23,296.0,173.0,173.0,123.0
19239,19239,134,14,30,1,0,23,243.0,131.0,131.0,112.0
19240,19240,134,14,40,1,0,23,319.0,191.0,191.0,128.0
19241,19241,134,14,50,1,0,23,283.0,169.0,169.0,114.0
19242,19242,134,15,0,1,0,23,329.0,226.0,226.0,103.0
19243,19243,134,15,10,1,0,23,309.0,168.0,168.0,141.0
19244,19244,134,15,20,1,0,23,336.0,229.0,229.0,107.0
19245,19245,134,15,30,1,0,23,332.0,192.0,192.0,140.0
19246,19246,134,15,40,1,0,23,358.0,225.0,225.0,133.0
19247,19247,134,15,50,1,0,23,323.0,213.0,213.0,110.0
19248,19248,134,16,0,1,0,23,395.0,252.0,252.0,143.0
19249,19249,134,16,10,1,0,23,404.0,205.0,205.0,199.0
19250,19250,134,16,20,1,0,23,489.0,337.0,337.0,152.0
19251,19251,134,16,30,1,0,23,407.0,211.0,211.0,196.0
19252,19252,134,16,40,1,0,23,502.0,274.0,274.0,228.0
19253,19253,134,16,50,1,0,23,451.0,301.0,301.0,150.0
19254,19254,134,17,0,1,0,23,636.0,362.0,362.0,274.0
19255,19255,134,17,10,1,0,23,615.0,349.0,349.0,266.0
19256,19256,134,17,20,1,0,23,780.0,421.0,421.0,359.0
19257,19257,134,17,30,1,0,23,839.0,537.0,537.0,302.0
19258,19258,134,17,40,1,0,23,989.0,632.0,632.0,357.0
19259,19259,134,17,50,1,0,23,1104.0,737.0,737.0,367.0
19260,19260,134,18,0,1,0,23,1081.0,837.0,837.0,244.0
19261,19261,134,18,10,1,0,23,1038.0,762.0,762.0,276.0
19262,19262,134,18,20,1,0,23,1045.0,789.0,789.0,256.0
19263,19263,134,18,30,1,0,23,1107.0,897.0,897.0,210.0
19264,19264,134,18,40,1,0,23,1107.0,900.0,900.0,207.0
19265,19265,134,18,50,1,0,23,971.0,779.0,779.0,192.0
19266,19266,134,19,0,1,0,23,865.0,684.0,684.0,181.0
19267,19267,134,19,10,1,0,23,736.0,595.0,595.0,141.0
19268,19268,134,19,20,1,0,23,652.0,496.0,496.0,156.0
19269,19269,134,19,30,1,0,23,556.0,411.0,411.0,145.0
19270,19270,134,19,40,1,0,23,466.0,338.0,338.0,128.0
19271,19271,134,19,50,1,0,23,484.0,368.0,368.0,116.0
19272,19272,134,20,0,1,0,23,465.0,337.0,337.0,128.0
19273,19273,134,20,10,1,0,23,344.0,235.0,235.0,109.0
19274,19274,134,20,20,1,0,23,446.0,299.0,299.0,147.0
19275,19275,134,20,30,1,0,23,410.0,273.0,273.0,137.0
19276,19276,134,20,40,1,0,23,427.0,285.0,285.0,142.0
19277,19277,134,20,50,1,0,23,400.0,270.0,270.0,130.0
19278,19278,134,21,0,1,0,23,351.0,224.0,224.0,127.0
19279,19279,134,21,10,1,0,23,328.0,209.0,209.0,119.0
19280,19280,134,21,20,1,0,23,354.0,210.0,210.0,144.0
19281,19281,134,21,30,1,0,23,279.0,164.0,164.0,115.0
19282,19282,134,21,40,1,0,23,377.0,262.0,262.0,115.0
19283,19283,134,21,50,1,0,23,235.0,175.0,175.0,60.0
19284,19284,134,22,0,1,0,23,304.0,223.0,223.0,81.0
19285,19285,134,22,10,1,0,23,190.0,152.0,152.0,38.0
19286,19286,134,22,20,1,0,23,239.0,167.0,167.0,72.0
19287,19287,134,22,30,1,0,23,254.0,238.0,238.0,16.0
19288,19288,134,22,40,1,0,23,219.0,203.0,203.0,16.0
19289,19289,134,22,50,1,0,23,123.0,97.0,97.0,26.0
19326,19326,135,5,0,1,0,23,0.0,0.0,0.0,0.0
19327,19327,135,5,10,1,0,23,4.0,0.0,0.0,4.0
19328,19328,135,5,20,1,0,23,4.0,0.0,0.0,4.0
19329,19329,135,5,30,1,0,23,14.0,0.0,0.0,14.0
19330,19330,135,5,40,1,0,23,62.0,3.0,3.0,59.0
19331,19331,135,5,50,1,0,23,57.0,10.0,10.0,47.0
19332,19332,135,6,0,1,0,23,92.0,6.0,6.0,86.0
19333,19333,135,6,10,1,0,23,116.0,29.0,29.0,87.0
19334,19334,135,6,20,1,0,23,151.0,29.0,29.0,122.0
19335,19335,135,6,30,1,0,23,223.0,67.0,67.0,156.0
19336,19336,135,6,40,1,0,23,290.0,79.0,79.0,211.0
19337,19337,135,6,50,1,0,23,347.0,95.0,95.0,252.0
19338,19338,135,7,0,1,0,23,447.0,130.0,130.0,317.0
19339,19339,135,7,10,1,0,23,558.0,151.0,151.0,407.0
19340,19340,135,7,20,1,0,23,713.0,296.0,296.0,417.0
19341,19341,135,7,30,1,0,23,797.0,332.0,332.0,465.0
19342,19342,135,7,40,1,0,23,1196.0,528.0,528.0,668.0
19343,19343,135,7,50,1,0,23,1498.0,756.0,756.0,742.0
19344,19344,135,8,0,1,0,23,2053.0,1189.0,1189.0,864.0
19345,19345,135,8,10,1,0,23,2427.0,1483.0,1483.0,944.0
19346,19346,135,8,20,1,0,23,2194.0,1349.0,1349.0,845.0
19347,19347,135,8,30,1,0,23,2728.0,1811.0,1811.0,917.0
19348,19348,135,8,40,1,0,23,2859.0,2163.0,2163.0,696.0
19349,19349,135,8,50,1,0,23,2426.0,1857.0,1857.0,569.0
19350,19350,135,9,0,1,0,23,1657.0,1092.0,1092.0,565.0
19351,19351,135,9,10,1,0,23,1645.0,1108.0,1108.0,537.0
19352,19352,135,9,20,1,0,23,1151.0,721.0,721.0,430.0
19353,19353,135,9,30,1,0,23,931.0,612.0,612.0,319.0
19354,19354,135,9,40,1,0,23,999.0,705.0,705.0,294.0
19355,19355,135,9,50,1,0,23,704.0,403.0,403.0,301.0
19356,19356,135,10,0,1,0,23,514.0,283.0,283.0,231.0
19357,19357,135,10,10,1,0,23,619.0,342.0,342.0,277.0
19358,19358,135,10,20,1,0,23,457.0,227.0,227.0,230.0
19359,19359,135,10,30,1,0,23,507.0,278.0,278.0,229.0
19360,19360,135,10,40,1,0,23,478.0,233.0,233.0,245.0
19361,19361,135,10,50,1,0,23,439.0,243.0,243.0,196.0
19362,19362,135,11,0,1,0,23,419.0,188.0,188.0,231.0
19363,19363,135,11,10,1,0,23,473.0,276.0,276.0,197.0
19364,19364,135,11,20,1,0,23,466.0,265.0,265.0,201.0
19365,19365,135,11,30,1,0,23,403.0,206.0,206.0,197.0
19366,19366,135,11,40,1,0,23,472.0,248.0,248.0,224.0
19367,19367,135,11,50,1,0,23,493.0,219.0,219.0,274.0
19368,19368,135,12,0,1,0,23,493.0,254.0,254.0,239.0
19369,19369,135,12,10,1,0,23,473.0,215.0,215.0,258.0
19370,19370,135,12,20,1,0,23,589.0,295.0,295.0,294.0
19371,19371,135,12,30,1,0,23,487.0,225.0,225.0,262.0
19372,19372,135,12,40,1,0,23,505.0,233.0,233.0,272.0
19373,19373,135,12,50,1,0,23,557.0,260.0,260.0,297.0
19374,19374,135,13,0,1,0,23,534.0,265.0,265.0,269.0
19375,19375,135,13,10,1,0,23,561.0,248.0,248.0,313.0
19376,19376,135,13,20,1,0,23,585.0,313.0,313.0,272.0
19377,19377,135,13,30,1,0,23,460.0,215.0,215.0,245.0
19378,19378,135,13,40,1,0,23,601.0,319.0,319.0,282.0
19379,19379,135,13,50,1,0,23,524.0,249.0,249.0,275.0
19380,19380,135,14,0,1,0,23,487.0,222.0,222.0,265.0
19381,19381,135,14,10,1,0,23,549.0,287.0,287.0,262.0
19382,19382,135,14,20,1,0,23,440.0,209.0,209.0,231.0
19383,19383,135,14,30,1,0,23,531.0,306.0,306.0,225.0
19384,19384,135,14,40,1,0,23,462.0,246.0,246.0,216.0
19385,19385,135,14,50,1,0,23,442.0,206.0,206.0,236.0
19386,19386,135,15,0,1,0,23,503.0,274.0,274.0,229.0
19387,19387,135,15,10,1,0,23,495.0,230.0,230.0,265.0
19388,19388,135,15,20,1,0,23,596.0,331.0,331.0,265.0
19389,19389,135,15,30,1,0,23,541.0,271.0,271.0,270.0
19390,19390,135,15,40,1,0,23,586.0,285.0,285.0,301.0
19391,19391,135,15,50,1,0,23,596.0,302.0,302.0,294.0
19392,19392,135,16,0,1,0,23,525.0,252.0,252.0,273.0
19393,19393,135,16,10,1,0,23,607.0,238.0,238.0,369.0
19394,19394,135,16,20,1,0,23,711.0,375.0,375.0,336.0
19395,19395,135,16,30,1,0,23,642.0,301.0,301.0,341.0
19396,19396,135,16,40,1,0,23,773.0,353.0,353.0,420.0
19397,19397,135,16,50,1,0,23,691.0,300.0,300.0,391.0
19398,19398,135,17,0,1,0,23,957.0,391.0,391.0,566.0
19399,19399,135,17,10,1,0,23,1179.0,423.0,423.0,756.0
19400,19400,135,17,20,1,0,23,1178.0,453.0,453.0,725.0
19401,19401,135,17,30,1,0,23,1247.0,539.0,539.0,708.0
19402,19402,135,17,40,1,0,23,1886.0,575.0,575.0,1311.0
19403,19403,135,17,50,1,0,23,2005.0,620.0,620.0,1385.0
19404,19404,135,18,0,1,0,23,1778.0,745.0,745.0,1033.0
19405,19405,135,18,10,1,0,23,2238.0,798.0,798.0,1440.0
19406,19406,135,18,20,1,0,23,2088.0,756.0,756.0,1332.0
19407,19407,135,18,30,1,0,23,1596.0,701.0,701.0,895.0
19408,19408,135,18,40,1,0,23,1556.0,780.0,780.0,776.0
19409,19409,135,18,50,1,0,23,1604.0,919.0,919.0,685.0
19410,19410,135,19,0,1,0,23,1079.0,549.0,549.0,530.0
19411,19411,135,19,10,1,0,23,1044.0,536.0,536.0,508.0
19412,19412,135,19,20,1,0,23,915.0,432.0,432.0,483.0
19413,19413,135,19,30,1,0,23,782.0,408.0,408.0,374.0
19414,19414,135,19,40,1,0,23,691.0,319.0,319.0,372.0
19415,19415,135,19,50,1,0,23,598.0,296.0,296.0,302.0
19416,19416,135,20,0,1,0,23,631.0,270.0,270.0,361.0
19417,19417,135,20,10,1,0,23,608.0,237.0,237.0,371.0
19418,19418,135,20,20,1,0,23,519.0,206.0,206.0,313.0
19419,19419,135,20,30,1,0,23,521.0,237.0,237.0,284.0
19420,19420,135,20,40,1,0,23,540.0,257.0,257.0,283.0
19421,19421,135,20,50,1,0,23,525.0,231.0,231.0,294.0
19422,19422,135,21,0,1,0,23,477.0,207.0,207.0,270.0
19423,19423,135,21,10,1,0,23,506.0,194.0,194.0,312.0
19424,19424,135,21,20,1,0,23,450.0,202.0,202.0,248.0
19425,19425,135,21,30,1,0,23,452.0,195.0,195.0,257.0
19426,19426,135,21,40,1,0,23,426.0,210.0,210.0,216.0
19427,19427,135,21,50,1,0,23,414.0,178.0,178.0,236.0
19428,19428,135,22,0,1,0,23,465.0,208.0,208.0,257.0
19429,19429,135,22,10,1,0,23,492.0,145.0,145.0,347.0
19430,19430,135,22,20,1,0,23,403.0,212.0,212.0,191.0
19431,19431,135,22,30,1,0,23,277.0,178.0,178.0,99.0
19432,19432,135,22,40,1,0,23,184.0,135.0,135.0,49.0
19433,19433,135,22,50,1,0,23,145.0,113.0,113.0,32.0
19470,19470,136,5,0,1,0,23,0.0,0.0,0.0,0.0
19471,19471,136,5,10,1,0,23,17.0,0.0,0.0,17.0
19472,19472,136,5,20,1,0,23,43.0,0.0,0.0,43.0
19473,19473,136,5,30,1,0,23,32.0,0.0,0.0,32.0
19474,19474,136,5,40,1,0,23,50.0,1.0,1.0,49.0
19475,19475,136,5,50,1,0,23,63.0,3.0,3.0,60.0
19476,19476,136,6,0,1,0,23,125.0,59.0,59.0,66.0
19477,19477,136,6,10,1,0,23,133.0,61.0,61.0,72.0
19478,19478,136,6,20,1,0,23,166.0,106.0,106.0,60.0
19479,19479,136,6,30,1,0,23,279.0,201.0,201.0,78.0
19480,19480,136,6,40,1,0,23,210.0,151.0,151.0,59.0
19481,19481,136,6,50,1,0,23,355.0,242.0,242.0,113.0
19482,19482,136,7,0,1,0,23,466.0,319.0,319.0,147.0
19483,19483,136,7,10,1,0,23,488.0,351.0,351.0,137.0
19484,19484,136,7,20,1,0,23,705.0,580.0,580.0,125.0
19485,19485,136,7,30,1,0,23,973.0,799.0,799.0,174.0
19486,19486,136,7,40,1,0,23,1437.0,1247.0,1247.0,190.0
19487,19487,136,7,50,1,0,23,2246.0,2020.0,2020.0,226.0
19488,19488,136,8,0,1,0,23,3307.0,3003.0,3003.0,304.0
19489,19489,136,8,10,1,0,23,4981.0,4679.0,4679.0,302.0
19490,19490,136,8,20,1,0,23,4453.0,4140.0,4140.0,313.0
19491,19491,136,8,30,1,0,23,4631.0,4356.0,4356.0,275.0
19492,19492,136,8,40,1,0,23,6141.0,5920.0,5920.0,221.0
19493,19493,136,8,50,1,0,23,4765.0,4529.0,4529.0,236.0
19494,19494,136,9,0,1,0,23,3100.0,2807.0,2807.0,293.0
19495,19495,136,9,10,1,0,23,2753.0,2473.0,2473.0,280.0
19496,19496,136,9,20,1,0,23,2339.0,2110.0,2110.0,229.0
19497,19497,136,9,30,1,0,23,1779.0,1506.0,1506.0,273.0
19498,19498,136,9,40,1,0,23,1432.0,1195.0,1195.0,237.0
19499,19499,136,9,50,1,0,23,1307.0,1069.0,1069.0,238.0
19500,19500,136,10,0,1,0,23,983.0,713.0,713.0,270.0
19501,19501,136,10,10,1,0,23,963.0,700.0,700.0,263.0
19502,19502,136,10,20,1,0,23,781.0,564.0,564.0,217.0
19503,19503,136,10,30,1,0,23,833.0,528.0,528.0,305.0
19504,19504,136,10,40,1,0,23,702.0,410.0,410.0,292.0
19505,19505,136,10,50,1,0,23,832.0,559.0,559.0,273.0
19506,19506,136,11,0,1,0,23,713.0,442.0,442.0,271.0
19507,19507,136,11,10,1,0,23,807.0,507.0,507.0,300.0
19508,19508,136,11,20,1,0,23,759.0,447.0,447.0,312.0
19509,19509,136,11,30,1,0,23,786.0,420.0,420.0,366.0
19510,19510,136,11,40,1,0,23,829.0,437.0,437.0,392.0
19511,19511,136,11,50,1,0,23,780.0,402.0,402.0,378.0
19512,19512,136,12,0,1,0,23,707.0,327.0,327.0,380.0
19513,19513,136,12,10,1,0,23,865.0,436.0,436.0,429.0
19514,19514,136,12,20,1,0,23,806.0,370.0,370.0,436.0
19515,19515,136,12,30,1,0,23,907.0,533.0,533.0,374.0
19516,19516,136,12,40,1,0,23,841.0,493.0,493.0,348.0
19517,19517,136,12,50,1,0,23,839.0,465.0,465.0,374.0
19518,19518,136,13,0,1,0,23,984.0,652.0,652.0,332.0
19519,19519,136,13,10,1,0,23,794.0,384.0,384.0,410.0
19520,19520,136,13,20,1,0,23,1157.0,681.0,681.0,476.0
19521,19521,136,13,30,1,0,23,996.0,576.0,576.0,420.0
19522,19522,136,13,40,1,0,23,897.0,416.0,416.0,481.0
19523,19523,136,13,50,1,0,23,1013.0,606.0,606.0,407.0
19524,19524,136,14,0,1,0,23,794.0,393.0,393.0,401.0
19525,19525,136,14,10,1,0,23,866.0,466.0,466.0,400.0
19526,19526,136,14,20,1,0,23,888.0,421.0,421.0,467.0
19527,19527,136,14,30,1,0,23,859.0,447.0,447.0,412.0
19528,19528,136,14,40,1,0,23,850.0,399.0,399.0,451.0
19529,19529,136,14,50,1,0,23,870.0,427.0,427.0,443.0
19530,19530,136,15,0,1,0,23,895.0,401.0,401.0,494.0
19531,19531,136,15,10,1,0,23,831.0,349.0,349.0,482.0
19532,19532,136,15,20,1,0,23,987.0,464.0,464.0,523.0
19533,19533,136,15,30,1,0,23,831.0,368.0,368.0,463.0
19534,19534,136,15,40,1,0,23,880.0,389.0,389.0,491.0
19535,19535,136,15,50,1,0,23,773.0,322.0,322.0,451.0
19536,19536,136,16,0,1,0,23,940.0,410.0,410.0,530.0
19537,19537,136,16,10,1,0,23,994.0,398.0,398.0,596.0
19538,19538,136,16,20,1,0,23,914.0,331.0,331.0,583.0
19539,19539,136,16,30,1,0,23,1132.0,435.0,435.0,697.0
19540,19540,136,16,40,1,0,23,1138.0,390.0,390.0,748.0
19541,19541,136,16,50,1,0,23,1201.0,416.0,416.0,785.0
19542,19542,136,17,0,1,0,23,1431.0,358.0,358.0,1073.0
19543,19543,136,17,10,1,0,23,2437.0,467.0,467.0,1970.0
19544,19544,136,17,20,1,0,23,2262.0,429.0,429.0,1833.0
19545,19545,136,17,30,1,0,23,2495.0,587.0,587.0,1908.0
19546,19546,136,17,40,1,0,23,3824.0,563.0,563.0,3261.0
19547,19547,136,17,50,1,0,23,3556.0,597.0,597.0,2959.0
19548,19548,136,18,0,1,0,23,3367.0,680.0,680.0,2687.0
19549,19549,136,18,10,1,0,23,4172.0,630.0,630.0,3542.0
19550,19550,136,18,20,1,0,23,3933.0,641.0,641.0,3292.0
19551,19551,136,18,30,1,0,23,3186.0,644.0,644.0,2542.0
19552,19552,136,18,40,1,0,23,2858.0,603.0,603.0,2255.0
19553,19553,136,18,50,1,0,23,2309.0,487.0,487.0,1822.0
19554,19554,136,19,0,1,0,23,1951.0,429.0,429.0,1522.0
19555,19555,136,19,10,1,0,23,1860.0,360.0,360.0,1500.0
19556,19556,136,19,20,1,0,23,1473.0,289.0,289.0,1184.0
19557,19557,136,19,30,1,0,23,1363.0,326.0,326.0,1037.0
19558,19558,136,19,40,1,0,23,1274.0,258.0,258.0,1016.0
19559,19559,136,19,50,1,0,23,998.0,185.0,185.0,813.0
19560,19560,136,20,0,1,0,23,1118.0,215.0,215.0,903.0
19561,19561,136,20,10,1,0,23,1055.0,158.0,158.0,897.0
19562,19562,136,20,20,1,0,23,925.0,195.0,195.0,730.0
19563,19563,136,20,30,1,0,23,892.0,160.0,160.0,732.0
19564,19564,136,20,40,1,0,23,897.0,174.0,174.0,723.0
19565,19565,136,20,50,1,0,23,926.0,170.0,170.0,756.0
19566,19566,136,21,0,1,0,23,917.0,126.0,126.0,791.0
19567,19567,136,21,10,1,0,23,1007.0,103.0,103.0,904.0
19568,19568,136,21,20,1,0,23,877.0,161.0,161.0,716.0
19569,19569,136,21,30,1,0,23,866.0,130.0,130.0,736.0
19570,19570,136,21,40,1,0,23,818.0,140.0,140.0,678.0
19571,19571,136,21,50,1,0,23,746.0,126.0,126.0,620.0
19572,19572,136,22,0,1,0,23,1025.0,113.0,113.0,912.0
19573,19573,136,22,10,1,0,23,834.0,106.0,106.0,728.0
19574,19574,136,22,20,1,0,23,541.0,122.0,122.0,419.0
19575,19575,136,22,30,1,0,23,349.0,81.0,81.0,268.0
19576,19576,136,22,40,1,0,23,251.0,74.0,74.0,177.0
19577,19577,136,22,50,1,0,23,139.0,46.0,46.0,93.0
19614,19614,137,5,0,1,0,23,0.0,0.0,0.0,0.0
19615,19615,137,5,10,1,0,23,0.0,0.0,0.0,0.0
19616,19616,137,5,20,1,0,23,32.0,0.0,0.0,32.0
19617,19617,137,5,30,1,0,23,14.0,3.0,3.0,11.0
19618,19618,137,5,40,1,0,23,29.0,2.0,2.0,27.0
19619,19619,137,5,50,1,0,23,28.0,2.0,2.0,26.0
19620,19620,137,6,0,1,0,23,50.0,14.0,14.0,36.0
19621,19621,137,6,10,1,0,23,70.0,41.0,41.0,29.0
19622,19622,137,6,20,1,0,23,89.0,53.0,53.0,36.0
19623,19623,137,6,30,1,0,23,105.0,48.0,48.0,57.0
19624,19624,137,6,40,1,0,23,155.0,96.0,96.0,59.0
19625,19625,137,6,50,1,0,23,202.0,137.0,137.0,65.0
19626,19626,137,7,0,1,0,23,266.0,184.0,184.0,82.0
19627,19627,137,7,10,1,0,23,298.0,204.0,204.0,94.0
19628,19628,137,7,20,1,0,23,377.0,274.0,274.0,103.0
19629,19629,137,7,30,1,0,23,559.0,425.0,425.0,134.0
19630,19630,137,7,40,1,0,23,617.0,461.0,461.0,156.0
19631,19631,137,7,50,1,0,23,831.0,649.0,649.0,182.0
19632,19632,137,8,0,1,0,23,1217.0,998.0,998.0,219.0
19633,19633,137,8,10,1,0,23,1591.0,1373.0,1373.0,218.0
19634,19634,137,8,20,1,0,23,1374.0,1153.0,1153.0,221.0
19635,19635,137,8,30,1,0,23,1854.0,1631.0,1631.0,223.0
19636,19636,137,8,40,1,0,23,2187.0,1997.0,1997.0,190.0
19637,19637,137,8,50,1,0,23,1780.0,1609.0,1609.0,171.0
19638,19638,137,9,0,1,0,23,1332.0,1182.0,1182.0,150.0
19639,19639,137,9,10,1,0,23,1221.0,1046.0,1046.0,175.0
19640,19640,137,9,20,1,0,23,1068.0,883.0,883.0,185.0
19641,19641,137,9,30,1,0,23,998.0,847.0,847.0,151.0
19642,19642,137,9,40,1,0,23,759.0,584.0,584.0,175.0
19643,19643,137,9,50,1,0,23,1023.0,850.0,850.0,173.0
19644,19644,137,10,0,1,0,23,543.0,379.0,379.0,164.0
19645,19645,137,10,10,1,0,23,741.0,550.0,550.0,191.0
19646,19646,137,10,20,1,0,23,583.0,398.0,398.0,185.0
19647,19647,137,10,30,1,0,23,611.0,418.0,418.0,193.0
19648,19648,137,10,40,1,0,23,550.0,370.0,370.0,180.0
19649,19649,137,10,50,1,0,23,614.0,407.0,407.0,207.0
19650,19650,137,11,0,1,0,23,496.0,302.0,302.0,194.0
19651,19651,137,11,10,1,0,23,533.0,338.0,338.0,195.0
19652,19652,137,11,20,1,0,23,521.0,293.0,293.0,228.0
19653,19653,137,11,30,1,0,23,528.0,296.0,296.0,232.0
19654,19654,137,11,40,1,0,23,607.0,356.0,356.0,251.0
19655,19655,137,11,50,1,0,23,561.0,329.0,329.0,232.0
19656,19656,137,12,0,1,0,23,590.0,329.0,329.0,261.0
19657,19657,137,12,10,1,0,23,535.0,284.0,284.0,251.0
19658,19658,137,12,20,1,0,23,647.0,353.0,353.0,294.0
19659,19659,137,12,30,1,0,23,604.0,298.0,298.0,306.0
19660,19660,137,12,40,1,0,23,612.0,329.0,329.0,283.0
19661,19661,137,12,50,1,0,23,598.0,259.0,259.0,339.0
19662,19662,137,13,0,1,0,23,749.0,407.0,407.0,342.0
19663,19663,137,13,10,1,0,23,700.0,344.0,344.0,356.0
19664,19664,137,13,20,1,0,23,690.0,363.0,363.0,327.0
19665,19665,137,13,30,1,0,23,758.0,393.0,393.0,365.0
19666,19666,137,13,40,1,0,23,710.0,390.0,390.0,320.0
19667,19667,137,13,50,1,0,23,607.0,304.0,304.0,303.0
19668,19668,137,14,0,1,0,23,713.0,368.0,368.0,345.0
19669,19669,137,14,10,1,0,23,718.0,341.0,341.0,377.0
19670,19670,137,14,20,1,0,23,789.0,428.0,428.0,361.0
19671,19671,137,14,30,1,0,23,675.0,280.0,280.0,395.0
19672,19672,137,14,40,1,0,23,708.0,342.0,342.0,366.0
19673,19673,137,14,50,1,0,23,709.0,334.0,334.0,375.0
19674,19674,137,15,0,1,0,23,614.0,238.0,238.0,376.0
19675,19675,137,15,10,1,0,23,719.0,296.0,296.0,423.0
19676,19676,137,15,20,1,0,23,683.0,286.0,286.0,397.0
19677,19677,137,15,30,1,0,23,690.0,279.0,279.0,411.0
19678,19678,137,15,40,1,0,23,713.0,280.0,280.0,433.0
19679,19679,137,15,50,1,0,23,659.0,276.0,276.0,383.0
19680,19680,137,16,0,1,0,23,692.0,277.0,277.0,415.0
19681,19681,137,16,10,1,0,23,727.0,281.0,281.0,446.0
19682,19682,137,16,20,1,0,23,701.0,235.0,235.0,466.0
19683,19683,137,16,30,1,0,23,784.0,274.0,274.0,510.0
19684,19684,137,16,40,1,0,23,835.0,246.0,246.0,589.0
19685,19685,137,16,50,1,0,23,785.0,278.0,278.0,507.0
19686,19686,137,17,0,1,0,23,1005.0,263.0,263.0,742.0
19687,19687,137,17,10,1,0,23,1291.0,312.0,312.0,979.0
19688,19688,137,17,20,1,0,23,1184.0,387.0,387.0,797.0
19689,19689,137,17,30,1,0,23,1357.0,391.0,391.0,966.0
19690,19690,137,17,40,1,0,23,1666.0,367.0,367.0,1299.0
19691,19691,137,17,50,1,0,23,1325.0,357.0,357.0,968.0
19692,19692,137,18,0,1,0,23,1442.0,418.0,418.0,1024.0
19693,19693,137,18,10,1,0,23,1664.0,447.0,447.0,1217.0
19694,19694,137,18,20,1,0,23,1519.0,470.0,470.0,1049.0
19695,19695,137,18,30,1,0,23,1304.0,469.0,469.0,835.0
19696,19696,137,18,40,1,0,23,1125.0,421.0,421.0,704.0
19697,19697,137,18,50,1,0,23,1083.0,424.0,424.0,659.0
19698,19698,137,19,0,1,0,23,887.0,314.0,314.0,573.0
19699,19699,137,19,10,1,0,23,763.0,227.0,227.0,536.0
19700,19700,137,19,20,1,0,23,679.0,188.0,188.0,491.0
19701,19701,137,19,30,1,0,23,657.0,260.0,260.0,397.0
19702,19702,137,19,40,1,0,23,632.0,197.0,197.0,435.0
19703,19703,137,19,50,1,0,23,580.0,214.0,214.0,366.0
19704,19704,137,20,0,1,0,23,584.0,144.0,144.0,440.0
19705,19705,137,20,10,1,0,23,565.0,124.0,124.0,441.0
19706,19706,137,20,20,1,0,23,546.0,113.0,113.0,433.0
19707,19707,137,20,30,1,0,23,565.0,103.0,103.0,462.0
19708,19708,137,20,40,1,0,23,532.0,101.0,101.0,431.0
19709,19709,137,20,50,1,0,23,561.0,97.0,97.0,464.0
19710,19710,137,21,0,1,0,23,635.0,116.0,116.0,519.0
19711,19711,137,21,10,1,0,23,537.0,92.0,92.0,445.0
19712,19712,137,21,20,1,0,23,579.0,112.0,112.0,467.0
19713,19713,137,21,30,1,0,23,516.0,79.0,79.0,437.0
19714,19714,137,21,40,1,0,23,486.0,90.0,90.0,396.0
19715,19715,137,21,50,1,0,23,476.0,83.0,83.0,393.0
19716,19716,137,22,0,1,0,23,688.0,63.0,63.0,625.0
19717,19717,137,22,10,1,0,23,331.0,63.0,63.0,268.0
19718,19718,137,22,20,1,0,23,266.0,69.0,69.0,197.0
19719,19719,137,22,30,1,0,23,193.0,64.0,64.0,129.0
19720,19720,137,22,40,1,0,23,136.0,46.0,46.0,90.0
19721,19721,137,22,50,1,0,23,108.0,70.0,70.0,38.0
19758,19758,138,5,0,1,0,23,0.0,0.0,0.0,0.0
19759,19759,138,5,10,1,0,23,1.0,0.0,0.0,1.0
19760,19760,138,5,20,1,0,23,5.0,0.0,0.0,5.0
19761,19761,138,5,30,1,0,23,20.0,0.0,0.0,20.0
19762,19762,138,5,40,1,0,23,22.0,7.0,7.0,15.0
19763,19763,138,5,50,1,0,23,38.0,3.0,3.0,35.0
19764,19764,138,6,0,1,0,23,64.0,25.0,25.0,39.0
19765,19765,138,6,10,1,0,23,99.0,52.0,52.0,47.0
19766,19766,138,6,20,1,0,23,121.0,70.0,70.0,51.0
19767,19767,138,6,30,1,0,23,157.0,77.0,77.0,80.0
19768,19768,138,6,40,1,0,23,227.0,132.0,132.0,95.0
19769,19769,138,6,50,1,0,23,288.0,174.0,174.0,114.0
19770,19770,138,7,0,1,0,23,349.0,202.0,202.0,147.0
19771,19771,138,7,10,1,0,23,529.0,348.0,348.0,181.0
19772,19772,138,7,20,1,0,23,654.0,476.0,476.0,178.0
19773,19773,138,7,30,1,0,23,739.0,481.0,481.0,258.0
19774,19774,138,7,40,1,0,23,936.0,644.0,644.0,292.0
19775,19775,138,7,50,1,0,23,1244.0,879.0,879.0,365.0
19776,19776,138,8,0,1,0,23,1688.0,1239.0,1239.0,449.0
19777,19777,138,8,10,1,0,23,2112.0,1664.0,1664.0,448.0
19778,19778,138,8,20,1,0,23,2154.0,1713.0,1713.0,441.0
19779,19779,138,8,30,1,0,23,2920.0,2517.0,2517.0,403.0
19780,19780,138,8,40,1,0,23,3464.0,3110.0,3110.0,354.0
19781,19781,138,8,50,1,0,23,3292.0,2927.0,2927.0,365.0
19782,19782,138,9,0,1,0,23,2430.0,2119.0,2119.0,311.0
19783,19783,138,9,10,1,0,23,2398.0,2106.0,2106.0,292.0
19784,19784,138,9,20,1,0,23,1710.0,1444.0,1444.0,266.0
19785,19785,138,9,30,1,0,23,1780.0,1549.0,1549.0,231.0
19786,19786,138,9,40,1,0,23,1348.0,1110.0,1110.0,238.0
19787,19787,138,9,50,1,0,23,1267.0,1034.0,1034.0,233.0
19788,19788,138,10,0,1,0,23,1033.0,799.0,799.0,234.0
19789,19789,138,10,10,1,0,23,792.0,580.0,580.0,212.0
19790,19790,138,10,20,1,0,23,836.0,623.0,623.0,213.0
19791,19791,138,10,30,1,0,23,748.0,515.0,515.0,233.0
19792,19792,138,10,40,1,0,23,826.0,550.0,550.0,276.0
19793,19793,138,10,50,1,0,23,753.0,507.0,507.0,246.0
19794,19794,138,11,0,1,0,23,690.0,448.0,448.0,242.0
19795,19795,138,11,10,1,0,23,699.0,395.0,395.0,304.0
19796,19796,138,11,20,1,0,23,700.0,392.0,392.0,308.0
19797,19797,138,11,30,1,0,23,756.0,433.0,433.0,323.0
19798,19798,138,11,40,1,0,23,767.0,442.0,442.0,325.0
19799,19799,138,11,50,1,0,23,755.0,408.0,408.0,347.0
19800,19800,138,12,0,1,0,23,862.0,486.0,486.0,376.0
19801,19801,138,12,10,1,0,23,800.0,419.0,419.0,381.0
19802,19802,138,12,20,1,0,23,787.0,461.0,461.0,326.0
19803,19803,138,12,30,1,0,23,880.0,514.0,514.0,366.0
19804,19804,138,12,40,1,0,23,747.0,394.0,394.0,353.0
19805,19805,138,12,50,1,0,23,884.0,530.0,530.0,354.0
19806,19806,138,13,0,1,0,23,943.0,528.0,528.0,415.0
19807,19807,138,13,10,1,0,23,853.0,460.0,460.0,393.0
19808,19808,138,13,20,1,0,23,754.0,352.0,352.0,402.0
19809,19809,138,13,30,1,0,23,961.0,561.0,561.0,400.0
19810,19810,138,13,40,1,0,23,926.0,492.0,492.0,434.0
19811,19811,138,13,50,1,0,23,871.0,429.0,429.0,442.0
19812,19812,138,14,0,1,0,23,842.0,419.0,419.0,423.0
19813,19813,138,14,10,1,0,23,906.0,452.0,452.0,454.0
19814,19814,138,14,20,1,0,23,769.0,337.0,337.0,432.0
19815,19815,138,14,30,1,0,23,844.0,383.0,383.0,461.0
19816,19816,138,14,40,1,0,23,868.0,393.0,393.0,475.0
19817,19817,138,14,50,1,0,23,723.0,276.0,276.0,447.0
19818,19818,138,15,0,1,0,23,772.0,302.0,302.0,470.0
19819,19819,138,15,10,1,0,23,927.0,386.0,386.0,541.0
19820,19820,138,15,20,1,0,23,829.0,345.0,345.0,484.0
19821,19821,138,15,30,1,0,23,861.0,388.0,388.0,473.0
19822,19822,138,15,40,1,0,23,831.0,329.0,329.0,502.0
19823,19823,138,15,50,1,0,23,838.0,322.0,322.0,516.0
19824,19824,138,16,0,1,0,23,807.0,290.0,290.0,517.0
19825,19825,138,16,10,1,0,23,837.0,282.0,282.0,555.0
19826,19826,138,16,20,1,0,23,851.0,304.0,304.0,547.0
19827,19827,138,16,30,1,0,23,890.0,281.0,281.0,609.0
19828,19828,138,16,40,1,0,23,1047.0,340.0,340.0,707.0
19829,19829,138,16,50,1,0,23,1045.0,339.0,339.0,706.0
19830,19830,138,17,0,1,0,23,1401.0,382.0,382.0,1019.0
19831,19831,138,17,10,1,0,23,1599.0,328.0,328.0,1271.0
19832,19832,138,17,20,1,0,23,1501.0,464.0,464.0,1037.0
19833,19833,138,17,30,1,0,23,1642.0,485.0,485.0,1157.0
19834,19834,138,17,40,1,0,23,2146.0,466.0,466.0,1680.0
19835,19835,138,17,50,1,0,23,2050.0,567.0,567.0,1483.0
19836,19836,138,18,0,1,0,23,2038.0,596.0,596.0,1442.0
19837,19837,138,18,10,1,0,23,2615.0,543.0,543.0,2072.0
19838,19838,138,18,20,1,0,23,2571.0,611.0,611.0,1960.0
19839,19839,138,18,30,1,0,23,2112.0,709.0,709.0,1403.0
19840,19840,138,18,40,1,0,23,1903.0,621.0,621.0,1282.0
19841,19841,138,18,50,1,0,23,1561.0,509.0,509.0,1052.0
19842,19842,138,19,0,1,0,23,1312.0,435.0,435.0,877.0
19843,19843,138,19,10,1,0,23,1149.0,363.0,363.0,786.0
19844,19844,138,19,20,1,0,23,977.0,341.0,341.0,636.0
19845,19845,138,19,30,1,0,23,811.0,240.0,240.0,571.0
19846,19846,138,19,40,1,0,23,809.0,204.0,204.0,605.0
19847,19847,138,19,50,1,0,23,745.0,208.0,208.0,537.0
19848,19848,138,20,0,1,0,23,696.0,200.0,200.0,496.0
19849,19849,138,20,10,1,0,23,716.0,143.0,143.0,573.0
19850,19850,138,20,20,1,0,23,595.0,93.0,93.0,502.0
19851,19851,138,20,30,1,0,23,608.0,118.0,118.0,490.0
19852,19852,138,20,40,1,0,23,619.0,136.0,136.0,483.0
19853,19853,138,20,50,1,0,23,592.0,108.0,108.0,484.0
19854,19854,138,21,0,1,0,23,647.0,109.0,109.0,538.0
19855,19855,138,21,10,1,0,23,668.0,98.0,98.0,570.0
19856,19856,138,21,20,1,0,23,566.0,151.0,151.0,415.0
19857,19857,138,21,30,1,0,23,571.0,92.0,92.0,479.0
19858,19858,138,21,40,1,0,23,699.0,104.0,104.0,595.0
19859,19859,138,21,50,1,0,23,531.0,114.0,114.0,417.0
19860,19860,138,22,0,1,0,23,599.0,88.0,88.0,511.0
19861,19861,138,22,10,1,0,23,484.0,71.0,71.0,413.0
19862,19862,138,22,20,1,0,23,381.0,92.0,92.0,289.0
19863,19863,138,22,30,1,0,23,271.0,75.0,75.0,196.0
19864,19864,138,22,40,1,0,23,148.0,46.0,46.0,102.0
19865,19865,138,22,50,1,0,23,96.0,54.0,54.0,42.0
19902,19902,139,5,0,1,0,23,0.0,0.0,0.0,0.0
19903,19903,139,5,10,1,0,23,0.0,0.0,0.0,0.0
19904,19904,139,5,20,1,0,23,0.0,0.0,0.0,0.0
19905,19905,139,5,30,1,0,23,0.0,0.0,0.0,0.0
19906,19906,139,5,40,1,0,23,48.0,1.0,1.0,47.0
19907,19907,139,5,50,1,0,23,42.0,1.0,1.0,41.0
19908,19908,139,6,0,1,0,23,23.0,0.0,0.0,23.0
19909,19909,139,6,10,1,0,23,24.0,0.0,0.0,24.0
19910,19910,139,6,20,1,0,23,21.0,0.0,0.0,21.0
19911,19911,139,6,30,1,0,23,88.0,67.0,67.0,21.0
19912,19912,139,6,40,1,0,23,54.0,39.0,39.0,15.0
19913,19913,139,6,50,1,0,23,51.0,17.0,17.0,34.0
19914,19914,139,7,0,1,0,23,185.0,162.0,162.0,23.0
19915,19915,139,7,10,1,0,23,134.0,110.0,110.0,24.0
19916,19916,139,7,20,1,0,23,216.0,194.0,194.0,22.0
19917,19917,139,7,30,1,0,23,195.0,178.0,178.0,17.0
19918,19918,139,7,40,1,0,23,156.0,127.0,127.0,29.0
19919,19919,139,7,50,1,0,23,294.0,265.0,265.0,29.0
19920,19920,139,8,0,1,0,23,193.0,164.0,164.0,29.0
19921,19921,139,8,10,1,0,23,321.0,274.0,274.0,47.0
19922,19922,139,8,20,1,0,23,221.0,151.0,151.0,70.0
19923,19923,139,8,30,1,0,23,344.0,255.0,255.0,89.0
19924,19924,139,8,40,1,0,23,341.0,221.0,221.0,120.0
19925,19925,139,8,50,1,0,23,227.0,139.0,139.0,88.0
19926,19926,139,9,0,1,0,23,252.0,177.0,177.0,75.0
19927,19927,139,9,10,1,0,23,179.0,115.0,115.0,64.0
19928,19928,139,9,20,1,0,23,211.0,135.0,135.0,76.0
19929,19929,139,9,30,1,0,23,216.0,166.0,166.0,50.0
19930,19930,139,9,40,1,0,23,223.0,174.0,174.0,49.0
19931,19931,139,9,50,1,0,23,149.0,92.0,92.0,57.0
19932,19932,139,10,0,1,0,23,134.0,41.0,41.0,93.0
19933,19933,139,10,10,1,0,23,307.0,213.0,213.0,94.0
19934,19934,139,10,20,1,0,23,95.0,10.0,10.0,85.0
19935,19935,139,10,30,1,0,23,220.0,171.0,171.0,49.0
19936,19936,139,10,40,1,0,23,146.0,87.0,87.0,59.0
19937,19937,139,10,50,1,0,23,178.0,104.0,104.0,74.0
19938,19938,139,11,0,1,0,23,166.0,119.0,119.0,47.0
19939,19939,139,11,10,1,0,23,92.0,59.0,59.0,33.0
19940,19940,139,11,20,1,0,23,191.0,128.0,128.0,63.0
19941,19941,139,11,30,1,0,23,185.0,108.0,108.0,77.0
19942,19942,139,11,40,1,0,23,142.0,65.0,65.0,77.0
19943,19943,139,11,50,1,0,23,134.0,66.0,66.0,68.0
19944,19944,139,12,0,1,0,23,123.0,68.0,68.0,55.0
19945,19945,139,12,10,1,0,23,151.0,81.0,81.0,70.0
19946,19946,139,12,20,1,0,23,192.0,133.0,133.0,59.0
19947,19947,139,12,30,1,0,23,110.0,50.0,50.0,60.0
19948,19948,139,12,40,1,0,23,139.0,85.0,85.0,54.0
19949,19949,139,12,50,1,0,23,80.0,39.0,39.0,41.0
19950,19950,139,13,0,1,0,23,118.0,62.0,62.0,56.0
19951,19951,139,13,10,1,0,23,129.0,63.0,63.0,66.0
19952,19952,139,13,20,1,0,23,194.0,112.0,112.0,82.0
19953,19953,139,13,30,1,0,23,167.0,79.0,79.0,88.0
19954,19954,139,13,40,1,0,23,163.0,99.0,99.0,64.0
19955,19955,139,13,50,1,0,23,156.0,82.0,82.0,74.0
19956,19956,139,14,0,1,0,23,150.0,82.0,82.0,68.0
19957,19957,139,14,10,1,0,23,197.0,131.0,131.0,66.0
19958,19958,139,14,20,1,0,23,144.0,95.0,95.0,49.0
19959,19959,139,14,30,1,0,23,193.0,132.0,132.0,61.0
19960,19960,139,14,40,1,0,23,148.0,77.0,77.0,71.0
19961,19961,139,14,50,1,0,23,176.0,71.0,71.0,105.0
19962,19962,139,15,0,1,0,23,168.0,63.0,63.0,105.0
19963,19963,139,15,10,1,0,23,213.0,120.0,120.0,93.0
19964,19964,139,15,20,1,0,23,196.0,93.0,93.0,103.0
19965,19965,139,15,30,1,0,23,185.0,89.0,89.0,96.0
19966,19966,139,15,40,1,0,23,169.0,69.0,69.0,100.0
19967,19967,139,15,50,1,0,23,176.0,51.0,51.0,125.0
19968,19968,139,16,0,1,0,23,263.0,90.0,90.0,173.0
19969,19969,139,16,10,1,0,23,239.0,110.0,110.0,129.0
19970,19970,139,16,20,1,0,23,236.0,97.0,97.0,139.0
19971,19971,139,16,30,1,0,23,226.0,86.0,86.0,140.0
19972,19972,139,16,40,1,0,23,162.0,78.0,78.0,84.0
19973,19973,139,16,50,1,0,23,184.0,74.0,74.0,110.0
19974,19974,139,17,0,1,0,23,187.0,89.0,89.0,98.0
19975,19975,139,17,10,1,0,23,265.0,144.0,144.0,121.0
19976,19976,139,17,20,1,0,23,145.0,74.0,74.0,71.0
19977,19977,139,17,30,1,0,23,210.0,104.0,104.0,106.0
19978,19978,139,17,40,1,0,23,175.0,85.0,85.0,90.0
19979,19979,139,17,50,1,0,23,166.0,89.0,89.0,77.0
19980,19980,139,18,0,1,0,23,112.0,55.0,55.0,57.0
19981,19981,139,18,10,1,0,23,158.0,88.0,88.0,70.0
19982,19982,139,18,20,1,0,23,190.0,67.0,67.0,123.0
19983,19983,139,18,30,1,0,23,179.0,93.0,93.0,86.0
19984,19984,139,18,40,1,0,23,150.0,78.0,78.0,72.0
19985,19985,139,18,50,1,0,23,129.0,69.0,69.0,60.0
19986,19986,139,19,0,1,0,23,188.0,114.0,114.0,74.0
19987,19987,139,19,10,1,0,23,144.0,80.0,80.0,64.0
19988,19988,139,19,20,1,0,23,164.0,110.0,110.0,54.0
19989,19989,139,19,30,1,0,23,204.0,120.0,120.0,84.0
19990,19990,139,19,40,1,0,23,186.0,92.0,92.0,94.0
19991,19991,139,19,50,1,0,23,222.0,136.0,136.0,86.0
19992,19992,139,20,0,1,0,23,165.0,75.0,75.0,90.0
19993,19993,139,20,10,1,0,23,271.0,133.0,133.0,138.0
19994,19994,139,20,20,1,0,23,156.0,43.0,43.0,113.0
19995,19995,139,20,30,1,0,23,194.0,72.0,72.0,122.0
19996,19996,139,20,40,1,0,23,214.0,72.0,72.0,142.0
19997,19997,139,20,50,1,0,23,217.0,77.0,77.0,140.0
19998,19998,139,21,0,1,0,23,158.0,64.0,64.0,94.0
19999,19999,139,21,10,1,0,23,122.0,28.0,28.0,94.0
20000,20000,139,21,20,1,0,23,169.0,66.0,66.0,103.0
20001,20001,139,21,30,1,0,23,163.0,43.0,43.0,120.0
20002,20002,139,21,40,1,0,23,188.0,52.0,52.0,136.0
20003,20003,139,21,50,1,0,23,53.0,34.0,34.0,19.0
20004,20004,139,22,0,1,0,23,27.0,27.0,27.0,0.0
20005,20005,139,22,10,1,0,23,54.0,54.0,54.0,0.0
20006,20006,139,22,20,1,0,23,30.0,30.0,30.0,0.0
20007,20007,139,22,30,1,0,23,37.0,37.0,37.0,0.0
20008,20008,139,22,40,1,0,23,0.0,0.0,0.0,0.0
20009,20009,139,22,50,1,0,23,0.0,0.0,0.0,0.0
20046,20046,140,5,0,1,0,23,0.0,0.0,0.0,0.0
20047,20047,140,5,10,1,0,23,7.0,0.0,0.0,7.0
20048,20048,140,5,20,1,0,23,9.0,0.0,0.0,9.0
20049,20049,140,5,30,1,0,23,1.0,0.0,0.0,1.0
20050,20050,140,5,40,1,0,23,2.0,0.0,0.0,2.0
20051,20051,140,5,50,1,0,23,6.0,0.0,0.0,6.0
20052,20052,140,6,0,1,0,23,19.0,9.0,9.0,10.0
20053,20053,140,6,10,1,0,23,44.0,30.0,30.0,14.0
20054,20054,140,6,20,1,0,23,43.0,22.0,22.0,21.0
20055,20055,140,6,30,1,0,23,49.0,17.0,17.0,32.0
20056,20056,140,6,40,1,0,23,117.0,53.0,53.0,64.0
20057,20057,140,6,50,1,0,23,134.0,59.0,59.0,75.0
20058,20058,140,7,0,1,0,23,147.0,80.0,80.0,67.0
20059,20059,140,7,10,1,0,23,257.0,127.0,127.0,130.0
20060,20060,140,7,20,1,0,23,238.0,102.0,102.0,136.0
20061,20061,140,7,30,1,0,23,342.0,194.0,194.0,148.0
20062,20062,140,7,40,1,0,23,482.0,232.0,232.0,250.0
20063,20063,140,7,50,1,0,23,587.0,306.0,306.0,281.0
20064,20064,140,8,0,1,0,23,720.0,431.0,431.0,289.0
20065,20065,140,8,10,1,0,23,797.0,512.0,512.0,285.0
20066,20066,140,8,20,1,0,23,869.0,544.0,544.0,325.0
20067,20067,140,8,30,1,0,23,865.0,612.0,612.0,253.0
20068,20068,140,8,40,1,0,23,832.0,604.0,604.0,228.0
20069,20069,140,8,50,1,0,23,750.0,533.0,533.0,217.0
20070,20070,140,9,0,1,0,23,453.0,284.0,284.0,169.0
20071,20071,140,9,10,1,0,23,449.0,272.0,272.0,177.0
20072,20072,140,9,20,1,0,23,347.0,184.0,184.0,163.0
20073,20073,140,9,30,1,0,23,389.0,244.0,244.0,145.0
20074,20074,140,9,40,1,0,23,390.0,212.0,212.0,178.0
20075,20075,140,9,50,1,0,23,298.0,180.0,180.0,118.0
20076,20076,140,10,0,1,0,23,272.0,141.0,141.0,131.0
20077,20077,140,10,10,1,0,23,263.0,134.0,134.0,129.0
20078,20078,140,10,20,1,0,23,322.0,189.0,189.0,133.0
20079,20079,140,10,30,1,0,23,239.0,141.0,141.0,98.0
20080,20080,140,10,40,1,0,23,272.0,162.0,162.0,110.0
20081,20081,140,10,50,1,0,23,184.0,95.0,95.0,89.0
20082,20082,140,11,0,1,0,23,261.0,107.0,107.0,154.0
20083,20083,140,11,10,1,0,23,201.0,106.0,106.0,95.0
20084,20084,140,11,20,1,0,23,239.0,105.0,105.0,134.0
20085,20085,140,11,30,1,0,23,208.0,101.0,101.0,107.0
20086,20086,140,11,40,1,0,23,232.0,94.0,94.0,138.0
20087,20087,140,11,50,1,0,23,218.0,103.0,103.0,115.0
20088,20088,140,12,0,1,0,23,207.0,93.0,93.0,114.0
20089,20089,140,12,10,1,0,23,254.0,115.0,115.0,139.0
20090,20090,140,12,20,1,0,23,218.0,88.0,88.0,130.0
20091,20091,140,12,30,1,0,23,301.0,163.0,163.0,138.0
20092,20092,140,12,40,1,0,23,252.0,122.0,122.0,130.0
20093,20093,140,12,50,1,0,23,264.0,157.0,157.0,107.0
20094,20094,140,13,0,1,0,23,215.0,86.0,86.0,129.0
20095,20095,140,13,10,1,0,23,274.0,164.0,164.0,110.0
20096,20096,140,13,20,1,0,23,293.0,178.0,178.0,115.0
20097,20097,140,13,30,1,0,23,231.0,134.0,134.0,97.0
20098,20098,140,13,40,1,0,23,227.0,124.0,124.0,103.0
20099,20099,140,13,50,1,0,23,303.0,178.0,178.0,125.0
20100,20100,140,14,0,1,0,23,259.0,120.0,120.0,139.0
20101,20101,140,14,10,1,0,23,299.0,143.0,143.0,156.0
20102,20102,140,14,20,1,0,23,287.0,133.0,133.0,154.0
20103,20103,140,14,30,1,0,23,283.0,139.0,139.0,144.0
20104,20104,140,14,40,1,0,23,304.0,141.0,141.0,163.0
20105,20105,140,14,50,1,0,23,276.0,110.0,110.0,166.0
20106,20106,140,15,0,1,0,23,275.0,107.0,107.0,168.0
20107,20107,140,15,10,1,0,23,286.0,122.0,122.0,164.0
20108,20108,140,15,20,1,0,23,281.0,98.0,98.0,183.0
20109,20109,140,15,30,1,0,23,313.0,123.0,123.0,190.0
20110,20110,140,15,40,1,0,23,251.0,84.0,84.0,167.0
20111,20111,140,15,50,1,0,23,284.0,142.0,142.0,142.0
20112,20112,140,16,0,1,0,23,290.0,98.0,98.0,192.0
20113,20113,140,16,10,1,0,23,305.0,119.0,119.0,186.0
20114,20114,140,16,20,1,0,23,292.0,90.0,90.0,202.0
20115,20115,140,16,30,1,0,23,284.0,102.0,102.0,182.0
20116,20116,140,16,40,1,0,23,405.0,154.0,154.0,251.0
20117,20117,140,16,50,1,0,23,331.0,112.0,112.0,219.0
20118,20118,140,17,0,1,0,23,408.0,138.0,138.0,270.0
20119,20119,140,17,10,1,0,23,476.0,138.0,138.0,338.0
20120,20120,140,17,20,1,0,23,496.0,177.0,177.0,319.0
20121,20121,140,17,30,1,0,23,626.0,208.0,208.0,418.0
20122,20122,140,17,40,1,0,23,684.0,218.0,218.0,466.0
20123,20123,140,17,50,1,0,23,543.0,171.0,171.0,372.0
20124,20124,140,18,0,1,0,23,613.0,258.0,258.0,355.0
20125,20125,140,18,10,1,0,23,581.0,246.0,246.0,335.0
20126,20126,140,18,20,1,0,23,641.0,300.0,300.0,341.0
20127,20127,140,18,30,1,0,23,587.0,265.0,265.0,322.0
20128,20128,140,18,40,1,0,23,429.0,210.0,210.0,219.0
20129,20129,140,18,50,1,0,23,455.0,204.0,204.0,251.0
20130,20130,140,19,0,1,0,23,371.0,187.0,187.0,184.0
20131,20131,140,19,10,1,0,23,323.0,142.0,142.0,181.0
20132,20132,140,19,20,1,0,23,304.0,158.0,158.0,146.0
20133,20133,140,19,30,1,0,23,230.0,89.0,89.0,141.0
20134,20134,140,19,40,1,0,23,213.0,75.0,75.0,138.0
20135,20135,140,19,50,1,0,23,190.0,71.0,71.0,119.0
20136,20136,140,20,0,1,0,23,169.0,69.0,69.0,100.0
20137,20137,140,20,10,1,0,23,171.0,66.0,66.0,105.0
20138,20138,140,20,20,1,0,23,136.0,32.0,32.0,104.0
20139,20139,140,20,30,1,0,23,123.0,59.0,59.0,64.0
20140,20140,140,20,40,1,0,23,105.0,34.0,34.0,71.0
20141,20141,140,20,50,1,0,23,143.0,72.0,72.0,71.0
20142,20142,140,21,0,1,0,23,89.0,35.0,35.0,54.0
20143,20143,140,21,10,1,0,23,87.0,45.0,45.0,42.0
20144,20144,140,21,20,1,0,23,86.0,52.0,52.0,34.0
20145,20145,140,21,30,1,0,23,79.0,37.0,37.0,42.0
20146,20146,140,21,40,1,0,23,73.0,38.0,38.0,35.0
20147,20147,140,21,50,1,0,23,121.0,45.0,45.0,76.0
20148,20148,140,22,0,1,0,23,222.0,21.0,21.0,201.0
20149,20149,140,22,10,1,0,23,100.0,50.0,50.0,50.0
20150,20150,140,22,20,1,0,23,61.0,37.0,37.0,24.0
20151,20151,140,22,30,1,0,23,46.0,31.0,31.0,15.0
20152,20152,140,22,40,1,0,23,35.0,28.0,28.0,7.0
20153,20153,140,22,50,1,0,23,25.0,18.0,18.0,7.0
20190,20190,141,5,0,1,0,23,3.0,0.0,0.0,3.0
20191,20191,141,5,10,1,0,23,8.0,0.0,0.0,8.0
20192,20192,141,5,20,1,0,23,11.0,0.0,0.0,11.0
20193,20193,141,5,30,1,0,23,7.0,0.0,0.0,7.0
20194,20194,141,5,40,1,0,23,13.0,0.0,0.0,13.0
20195,20195,141,5,50,1,0,23,26.0,1.0,1.0,25.0
20196,20196,141,6,0,1,0,23,33.0,1.0,1.0,32.0
20197,20197,141,6,10,1,0,23,43.0,8.0,8.0,35.0
20198,20198,141,6,20,1,0,23,81.0,7.0,7.0,74.0
20199,20199,141,6,30,1,0,23,101.0,16.0,16.0,85.0
20200,20200,141,6,40,1,0,23,169.0,50.0,50.0,119.0
20201,20201,141,6,50,1,0,23,185.0,53.0,53.0,132.0
20202,20202,141,7,0,1,0,23,305.0,127.0,127.0,178.0
20203,20203,141,7,10,1,0,23,314.0,102.0,102.0,212.0
20204,20204,141,7,20,1,0,23,474.0,135.0,135.0,339.0
20205,20205,141,7,30,1,0,23,597.0,152.0,152.0,445.0
20206,20206,141,7,40,1,0,23,796.0,174.0,174.0,622.0
20207,20207,141,7,50,1,0,23,1043.0,218.0,218.0,825.0
20208,20208,141,8,0,1,0,23,1097.0,201.0,201.0,896.0
20209,20209,141,8,10,1,0,23,1144.0,179.0,179.0,965.0
20210,20210,141,8,20,1,0,23,969.0,180.0,180.0,789.0
20211,20211,141,8,30,1,0,23,883.0,183.0,183.0,700.0
20212,20212,141,8,40,1,0,23,835.0,235.0,235.0,600.0
20213,20213,141,8,50,1,0,23,663.0,178.0,178.0,485.0
20214,20214,141,9,0,1,0,23,581.0,133.0,133.0,448.0
20215,20215,141,9,10,1,0,23,476.0,122.0,122.0,354.0
20216,20216,141,9,20,1,0,23,408.0,84.0,84.0,324.0
20217,20217,141,9,30,1,0,23,320.0,80.0,80.0,240.0
20218,20218,141,9,40,1,0,23,271.0,91.0,91.0,180.0
20219,20219,141,9,50,1,0,23,240.0,102.0,102.0,138.0
20220,20220,141,10,0,1,0,23,209.0,82.0,82.0,127.0
20221,20221,141,10,10,1,0,23,179.0,80.0,80.0,99.0
20222,20222,141,10,20,1,0,23,166.0,81.0,81.0,85.0
20223,20223,141,10,30,1,0,23,153.0,60.0,60.0,93.0
20224,20224,141,10,40,1,0,23,146.0,86.0,86.0,60.0
20225,20225,141,10,50,1,0,23,128.0,55.0,55.0,73.0
20226,20226,141,11,0,1,0,23,127.0,72.0,72.0,55.0
20227,20227,141,11,10,1,0,23,125.0,65.0,65.0,60.0
20228,20228,141,11,20,1,0,23,156.0,88.0,88.0,68.0
20229,20229,141,11,30,1,0,23,133.0,73.0,73.0,60.0
20230,20230,141,11,40,1,0,23,123.0,61.0,61.0,62.0
20231,20231,141,11,50,1,0,23,156.0,79.0,79.0,77.0
20232,20232,141,12,0,1,0,23,162.0,79.0,79.0,83.0
20233,20233,141,12,10,1,0,23,172.0,97.0,97.0,75.0
20234,20234,141,12,20,1,0,23,144.0,85.0,85.0,59.0
20235,20235,141,12,30,1,0,23,173.0,86.0,86.0,87.0
20236,20236,141,12,40,1,0,23,155.0,71.0,71.0,84.0
20237,20237,141,12,50,1,0,23,146.0,72.0,72.0,74.0
20238,20238,141,13,0,1,0,23,158.0,80.0,80.0,78.0
20239,20239,141,13,10,1,0,23,155.0,76.0,76.0,79.0
20240,20240,141,13,20,1,0,23,148.0,64.0,64.0,84.0
20241,20241,141,13,30,1,0,23,171.0,99.0,99.0,72.0
20242,20242,141,13,40,1,0,23,132.0,76.0,76.0,56.0
20243,20243,141,13,50,1,0,23,166.0,76.0,76.0,90.0
20244,20244,141,14,0,1,0,23,180.0,104.0,104.0,76.0
20245,20245,141,14,10,1,0,23,157.0,88.0,88.0,69.0
20246,20246,141,14,20,1,0,23,159.0,92.0,92.0,67.0
20247,20247,141,14,30,1,0,23,131.0,79.0,79.0,52.0
20248,20248,141,14,40,1,0,23,158.0,96.0,96.0,62.0
20249,20249,141,14,50,1,0,23,198.0,124.0,124.0,74.0
20250,20250,141,15,0,1,0,23,161.0,97.0,97.0,64.0
20251,20251,141,15,10,1,0,23,157.0,86.0,86.0,71.0
20252,20252,141,15,20,1,0,23,161.0,76.0,76.0,85.0
20253,20253,141,15,30,1,0,23,179.0,118.0,118.0,61.0
20254,20254,141,15,40,1,0,23,197.0,136.0,136.0,61.0
20255,20255,141,15,50,1,0,23,196.0,122.0,122.0,74.0
20256,20256,141,16,0,1,0,23,156.0,92.0,92.0,64.0
20257,20257,141,16,10,1,0,23,237.0,142.0,142.0,95.0
20258,20258,141,16,20,1,0,23,231.0,112.0,112.0,119.0
20259,20259,141,16,30,1,0,23,207.0,78.0,78.0,129.0
20260,20260,141,16,40,1,0,23,389.0,169.0,169.0,220.0
20261,20261,141,16,50,1,0,23,325.0,145.0,145.0,180.0
20262,20262,141,17,0,1,0,23,333.0,156.0,156.0,177.0
20263,20263,141,17,10,1,0,23,378.0,188.0,188.0,190.0
20264,20264,141,17,20,1,0,23,539.0,324.0,324.0,215.0
20265,20265,141,17,30,1,0,23,518.0,360.0,360.0,158.0
20266,20266,141,17,40,1,0,23,576.0,357.0,357.0,219.0
20267,20267,141,17,50,1,0,23,568.0,386.0,386.0,182.0
20268,20268,141,18,0,1,0,23,653.0,470.0,470.0,183.0
20269,20269,141,18,10,1,0,23,688.0,502.0,502.0,186.0
20270,20270,141,18,20,1,0,23,591.0,471.0,471.0,120.0
20271,20271,141,18,30,1,0,23,661.0,530.0,530.0,131.0
20272,20272,141,18,40,1,0,23,564.0,474.0,474.0,90.0
20273,20273,141,18,50,1,0,23,705.0,635.0,635.0,70.0
20274,20274,141,19,0,1,0,23,520.0,436.0,436.0,84.0
20275,20275,141,19,10,1,0,23,448.0,371.0,371.0,77.0
20276,20276,141,19,20,1,0,23,357.0,299.0,299.0,58.0
20277,20277,141,19,30,1,0,23,292.0,238.0,238.0,54.0
20278,20278,141,19,40,1,0,23,281.0,228.0,228.0,53.0
20279,20279,141,19,50,1,0,23,270.0,217.0,217.0,53.0
20280,20280,141,20,0,1,0,23,228.0,171.0,171.0,57.0
20281,20281,141,20,10,1,0,23,259.0,206.0,206.0,53.0
20282,20282,141,20,20,1,0,23,254.0,206.0,206.0,48.0
20283,20283,141,20,30,1,0,23,250.0,185.0,185.0,65.0
20284,20284,141,20,40,1,0,23,205.0,164.0,164.0,41.0
20285,20285,141,20,50,1,0,23,221.0,171.0,171.0,50.0
20286,20286,141,21,0,1,0,23,254.0,196.0,196.0,58.0
20287,20287,141,21,10,1,0,23,245.0,190.0,190.0,55.0
20288,20288,141,21,20,1,0,23,181.0,144.0,144.0,37.0
20289,20289,141,21,30,1,0,23,201.0,173.0,173.0,28.0
20290,20290,141,21,40,1,0,23,216.0,180.0,180.0,36.0
20291,20291,141,21,50,1,0,23,185.0,151.0,151.0,34.0
20292,20292,141,22,0,1,0,23,169.0,138.0,138.0,31.0
20293,20293,141,22,10,1,0,23,187.0,149.0,149.0,38.0
20294,20294,141,22,20,1,0,23,164.0,139.0,139.0,25.0
20295,20295,141,22,30,1,0,23,132.0,118.0,118.0,14.0
20296,20296,141,22,40,1,0,23,81.0,67.0,67.0,14.0
20297,20297,141,22,50,1,0,23,77.0,72.0,72.0,5.0
20334,20334,142,5,0,1,0,23,0.0,0.0,0.0,0.0
20335,20335,142,5,10,1,0,23,9.0,0.0,0.0,9.0
20336,20336,142,5,20,1,0,23,17.0,0.0,0.0,17.0
20337,20337,142,5,30,1,0,23,50.0,0.0,0.0,50.0
20338,20338,142,5,40,1,0,23,49.0,3.0,3.0,46.0
20339,20339,142,5,50,1,0,23,139.0,14.0,14.0,125.0
20340,20340,142,6,0,1,0,23,158.0,5.0,5.0,153.0
20341,20341,142,6,10,1,0,23,203.0,22.0,22.0,181.0
20342,20342,142,6,20,1,0,23,222.0,33.0,33.0,189.0
20343,20343,142,6,30,1,0,23,408.0,91.0,91.0,317.0
20344,20344,142,6,40,1,0,23,578.0,100.0,100.0,478.0
20345,20345,142,6,50,1,0,23,612.0,61.0,61.0,551.0
20346,20346,142,7,0,1,0,23,787.0,131.0,131.0,656.0
20347,20347,142,7,10,1,0,23,954.0,192.0,192.0,762.0
20348,20348,142,7,20,1,0,23,1224.0,169.0,169.0,1055.0
20349,20349,142,7,30,1,0,23,1424.0,363.0,363.0,1061.0
20350,20350,142,7,40,1,0,23,1884.0,401.0,401.0,1483.0
20351,20351,142,7,50,1,0,23,2219.0,618.0,618.0,1601.0
20352,20352,142,8,0,1,0,23,2483.0,673.0,673.0,1810.0
20353,20353,142,8,10,1,0,23,2792.0,1053.0,1053.0,1739.0
20354,20354,142,8,20,1,0,23,3130.0,1486.0,1486.0,1644.0
20355,20355,142,8,30,1,0,23,3142.0,1915.0,1915.0,1227.0
20356,20356,142,8,40,1,0,23,3592.0,2594.0,2594.0,998.0
20357,20357,142,8,50,1,0,23,2450.0,1563.0,1563.0,887.0
20358,20358,142,9,0,1,0,23,1927.0,1099.0,1099.0,828.0
20359,20359,142,9,10,1,0,23,1479.0,845.0,845.0,634.0
20360,20360,142,9,20,1,0,23,1215.0,691.0,691.0,524.0
20361,20361,142,9,30,1,0,23,935.0,520.0,520.0,415.0
20362,20362,142,9,40,1,0,23,1024.0,586.0,586.0,438.0
20363,20363,142,9,50,1,0,23,734.0,411.0,411.0,323.0
20364,20364,142,10,0,1,0,23,623.0,302.0,302.0,321.0
20365,20365,142,10,10,1,0,23,542.0,241.0,241.0,301.0
20366,20366,142,10,20,1,0,23,433.0,228.0,228.0,205.0
20367,20367,142,10,30,1,0,23,478.0,233.0,233.0,245.0
20368,20368,142,10,40,1,0,23,375.0,151.0,151.0,224.0
20369,20369,142,10,50,1,0,23,359.0,163.0,163.0,196.0
20370,20370,142,11,0,1,0,23,350.0,141.0,141.0,209.0
20371,20371,142,11,10,1,0,23,344.0,150.0,150.0,194.0
20372,20372,142,11,20,1,0,23,390.0,147.0,147.0,243.0
20373,20373,142,11,30,1,0,23,402.0,143.0,143.0,259.0
20374,20374,142,11,40,1,0,23,398.0,151.0,151.0,247.0
20375,20375,142,11,50,1,0,23,406.0,146.0,146.0,260.0
20376,20376,142,12,0,1,0,23,417.0,173.0,173.0,244.0
20377,20377,142,12,10,1,0,23,390.0,122.0,122.0,268.0
20378,20378,142,12,20,1,0,23,400.0,183.0,183.0,217.0
20379,20379,142,12,30,1,0,23,413.0,158.0,158.0,255.0
20380,20380,142,12,40,1,0,23,473.0,238.0,238.0,235.0
20381,20381,142,12,50,1,0,23,407.0,163.0,163.0,244.0
20382,20382,142,13,0,1,0,23,432.0,215.0,215.0,217.0
20383,20383,142,13,10,1,0,23,415.0,174.0,174.0,241.0
20384,20384,142,13,20,1,0,23,409.0,220.0,220.0,189.0
20385,20385,142,13,30,1,0,23,353.0,167.0,167.0,186.0
20386,20386,142,13,40,1,0,23,446.0,252.0,252.0,194.0
20387,20387,142,13,50,1,0,23,399.0,186.0,186.0,213.0
20388,20388,142,14,0,1,0,23,433.0,257.0,257.0,176.0
20389,20389,142,14,10,1,0,23,327.0,148.0,148.0,179.0
20390,20390,142,14,20,1,0,23,432.0,256.0,256.0,176.0
20391,20391,142,14,30,1,0,23,388.0,201.0,201.0,187.0
20392,20392,142,14,40,1,0,23,384.0,228.0,228.0,156.0
20393,20393,142,14,50,1,0,23,362.0,194.0,194.0,168.0
20394,20394,142,15,0,1,0,23,414.0,274.0,274.0,140.0
20395,20395,142,15,10,1,0,23,347.0,166.0,166.0,181.0
20396,20396,142,15,20,1,0,23,496.0,303.0,303.0,193.0
20397,20397,142,15,30,1,0,23,406.0,220.0,220.0,186.0
20398,20398,142,15,40,1,0,23,445.0,255.0,255.0,190.0
20399,20399,142,15,50,1,0,23,420.0,245.0,245.0,175.0
20400,20400,142,16,0,1,0,23,486.0,301.0,301.0,185.0
20401,20401,142,16,10,1,0,23,459.0,235.0,235.0,224.0
20402,20402,142,16,20,1,0,23,613.0,370.0,370.0,243.0
20403,20403,142,16,30,1,0,23,485.0,250.0,250.0,235.0
20404,20404,142,16,40,1,0,23,691.0,419.0,419.0,272.0
20405,20405,142,16,50,1,0,23,548.0,280.0,280.0,268.0
20406,20406,142,17,0,1,0,23,740.0,351.0,351.0,389.0
20407,20407,142,17,10,1,0,23,939.0,403.0,403.0,536.0
20408,20408,142,17,20,1,0,23,1029.0,513.0,513.0,516.0
20409,20409,142,17,30,1,0,23,1125.0,462.0,462.0,663.0
20410,20410,142,17,40,1,0,23,1700.0,686.0,686.0,1014.0
20411,20411,142,17,50,1,0,23,1743.0,720.0,720.0,1023.0
20412,20412,142,18,0,1,0,23,1876.0,842.0,842.0,1034.0
20413,20413,142,18,10,1,0,23,2448.0,745.0,745.0,1703.0
20414,20414,142,18,20,1,0,23,2452.0,855.0,855.0,1597.0
20415,20415,142,18,30,1,0,23,2021.0,771.0,771.0,1250.0
20416,20416,142,18,40,1,0,23,1862.0,971.0,971.0,891.0
20417,20417,142,18,50,1,0,23,1600.0,908.0,908.0,692.0
20418,20418,142,19,0,1,0,23,1333.0,788.0,788.0,545.0
20419,20419,142,19,10,1,0,23,1197.0,764.0,764.0,433.0
20420,20420,142,19,20,1,0,23,998.0,599.0,599.0,399.0
20421,20421,142,19,30,1,0,23,777.0,465.0,465.0,312.0
20422,20422,142,19,40,1,0,23,651.0,361.0,361.0,290.0
20423,20423,142,19,50,1,0,23,755.0,483.0,483.0,272.0
20424,20424,142,20,0,1,0,23,543.0,313.0,313.0,230.0
20425,20425,142,20,10,1,0,23,555.0,330.0,330.0,225.0
20426,20426,142,20,20,1,0,23,614.0,396.0,396.0,218.0
20427,20427,142,20,30,1,0,23,543.0,351.0,351.0,192.0
20428,20428,142,20,40,1,0,23,459.0,301.0,301.0,158.0
20429,20429,142,20,50,1,0,23,420.0,263.0,263.0,157.0
20430,20430,142,21,0,1,0,23,547.0,398.0,398.0,149.0
20431,20431,142,21,10,1,0,23,465.0,298.0,298.0,167.0
20432,20432,142,21,20,1,0,23,532.0,361.0,361.0,171.0
20433,20433,142,21,30,1,0,23,426.0,327.0,327.0,99.0
20434,20434,142,21,40,1,0,23,518.0,428.0,428.0,90.0
20435,20435,142,21,50,1,0,23,409.0,328.0,328.0,81.0
20436,20436,142,22,0,1,0,23,320.0,250.0,250.0,70.0
20437,20437,142,22,10,1,0,23,384.0,324.0,324.0,60.0
20438,20438,142,22,20,1,0,23,346.0,286.0,286.0,60.0
20439,20439,142,22,30,1,0,23,300.0,265.0,265.0,35.0
20440,20440,142,22,40,1,0,23,218.0,189.0,189.0,29.0
20441,20441,142,22,50,1,0,23,225.0,209.0,209.0,16.0
20478,20478,143,5,0,1,0,23,0.0,0.0,0.0,0.0
20479,20479,143,5,10,1,0,23,0.0,0.0,0.0,0.0
20480,20480,143,5,20,1,0,23,0.0,0.0,0.0,0.0
20481,20481,143,5,30,1,0,23,1.0,1.0,1.0,0.0
20482,20482,143,5,40,1,0,23,2.0,0.0,0.0,2.0
20483,20483,143,5,50,1,0,23,18.0,1.0,1.0,17.0
20484,20484,143,6,0,1,0,23,17.0,3.0,3.0,14.0
20485,20485,143,6,10,1,0,23,40.0,1.0,1.0,39.0
20486,20486,143,6,20,1,0,23,98.0,2.0,2.0,96.0
20487,20487,143,6,30,1,0,23,190.0,21.0,21.0,169.0
20488,20488,143,6,40,1,0,23,170.0,28.0,28.0,142.0
20489,20489,143,6,50,1,0,23,294.0,24.0,24.0,270.0
20490,20490,143,7,0,1,0,23,344.0,47.0,47.0,297.0
20491,20491,143,7,10,1,0,23,408.0,46.0,46.0,362.0
20492,20492,143,7,20,1,0,23,659.0,138.0,138.0,521.0
20493,20493,143,7,30,1,0,23,1015.0,62.0,62.0,953.0
20494,20494,143,7,40,1,0,23,1086.0,193.0,193.0,893.0
20495,20495,143,7,50,1,0,23,1026.0,128.0,128.0,898.0
20496,20496,143,8,0,1,0,23,1027.0,234.0,234.0,793.0
20497,20497,143,8,10,1,0,23,943.0,278.0,278.0,665.0
20498,20498,143,8,20,1,0,23,855.0,236.0,236.0,619.0
20499,20499,143,8,30,1,0,23,601.0,155.0,155.0,446.0
20500,20500,143,8,40,1,0,23,642.0,171.0,171.0,471.0
20501,20501,143,8,50,1,0,23,516.0,134.0,134.0,382.0
20502,20502,143,9,0,1,0,23,485.0,113.0,113.0,372.0
20503,20503,143,9,10,1,0,23,384.0,100.0,100.0,284.0
20504,20504,143,9,20,1,0,23,269.0,42.0,42.0,227.0
20505,20505,143,9,30,1,0,23,228.0,86.0,86.0,142.0
20506,20506,143,9,40,1,0,23,196.0,76.0,76.0,120.0
20507,20507,143,9,50,1,0,23,128.0,47.0,47.0,81.0
20508,20508,143,10,0,1,0,23,151.0,26.0,26.0,125.0
20509,20509,143,10,10,1,0,23,141.0,50.0,50.0,91.0
20510,20510,143,10,20,1,0,23,117.0,48.0,48.0,69.0
20511,20511,143,10,30,1,0,23,108.0,29.0,29.0,79.0
20512,20512,143,10,40,1,0,23,136.0,65.0,65.0,71.0
20513,20513,143,10,50,1,0,23,129.0,55.0,55.0,74.0
20514,20514,143,11,0,1,0,23,115.0,47.0,47.0,68.0
20515,20515,143,11,10,1,0,23,108.0,34.0,34.0,74.0
20516,20516,143,11,20,1,0,23,105.0,41.0,41.0,64.0
20517,20517,143,11,30,1,0,23,127.0,39.0,39.0,88.0
20518,20518,143,11,40,1,0,23,148.0,85.0,85.0,63.0
20519,20519,143,11,50,1,0,23,130.0,42.0,42.0,88.0
20520,20520,143,12,0,1,0,23,136.0,58.0,58.0,78.0
20521,20521,143,12,10,1,0,23,140.0,52.0,52.0,88.0
20522,20522,143,12,20,1,0,23,166.0,53.0,53.0,113.0
20523,20523,143,12,30,1,0,23,128.0,55.0,55.0,73.0
20524,20524,143,12,40,1,0,23,160.0,61.0,61.0,99.0
20525,20525,143,12,50,1,0,23,173.0,83.0,83.0,90.0
20526,20526,143,13,0,1,0,23,138.0,50.0,50.0,88.0
20527,20527,143,13,10,1,0,23,115.0,63.0,63.0,52.0
20528,20528,143,13,20,1,0,23,109.0,40.0,40.0,69.0
20529,20529,143,13,30,1,0,23,122.0,58.0,58.0,64.0
20530,20530,143,13,40,1,0,23,108.0,54.0,54.0,54.0
20531,20531,143,13,50,1,0,23,123.0,52.0,52.0,71.0
20532,20532,143,14,0,1,0,23,102.0,48.0,48.0,54.0
20533,20533,143,14,10,1,0,23,101.0,47.0,47.0,54.0
20534,20534,143,14,20,1,0,23,101.0,46.0,46.0,55.0
20535,20535,143,14,30,1,0,23,147.0,83.0,83.0,64.0
20536,20536,143,14,40,1,0,23,118.0,59.0,59.0,59.0
20537,20537,143,14,50,1,0,23,136.0,61.0,61.0,75.0
20538,20538,143,15,0,1,0,23,120.0,55.0,55.0,65.0
20539,20539,143,15,10,1,0,23,126.0,54.0,54.0,72.0
20540,20540,143,15,20,1,0,23,117.0,62.0,62.0,55.0
20541,20541,143,15,30,1,0,23,172.0,111.0,111.0,61.0
20542,20542,143,15,40,1,0,23,144.0,106.0,106.0,38.0
20543,20543,143,15,50,1,0,23,143.0,83.0,83.0,60.0
20544,20544,143,16,0,1,0,23,130.0,63.0,63.0,67.0
20545,20545,143,16,10,1,0,23,145.0,90.0,90.0,55.0
20546,20546,143,16,20,1,0,23,270.0,161.0,161.0,109.0
20547,20547,143,16,30,1,0,23,162.0,113.0,113.0,49.0
20548,20548,143,16,40,1,0,23,200.0,130.0,130.0,70.0
20549,20549,143,16,50,1,0,23,205.0,108.0,108.0,97.0
20550,20550,143,17,0,1,0,23,273.0,189.0,189.0,84.0
20551,20551,143,17,10,1,0,23,197.0,93.0,93.0,104.0
20552,20552,143,17,20,1,0,23,395.0,238.0,238.0,157.0
20553,20553,143,17,30,1,0,23,411.0,212.0,212.0,199.0
20554,20554,143,17,40,1,0,23,380.0,230.0,230.0,150.0
20555,20555,143,17,50,1,0,23,493.0,352.0,352.0,141.0
20556,20556,143,18,0,1,0,23,296.0,210.0,210.0,86.0
20557,20557,143,18,10,1,0,23,613.0,504.0,504.0,109.0
20558,20558,143,18,20,1,0,23,450.0,340.0,340.0,110.0
20559,20559,143,18,30,1,0,23,659.0,560.0,560.0,99.0
20560,20560,143,18,40,1,0,23,514.0,436.0,436.0,78.0
20561,20561,143,18,50,1,0,23,747.0,661.0,661.0,86.0
20562,20562,143,19,0,1,0,23,714.0,637.0,637.0,77.0
20563,20563,143,19,10,1,0,23,413.0,348.0,348.0,65.0
20564,20564,143,19,20,1,0,23,676.0,593.0,593.0,83.0
20565,20565,143,19,30,1,0,23,334.0,275.0,275.0,59.0
20566,20566,143,19,40,1,0,23,501.0,463.0,463.0,38.0
20567,20567,143,19,50,1,0,23,228.0,179.0,179.0,49.0
20568,20568,143,20,0,1,0,23,270.0,247.0,247.0,23.0
20569,20569,143,20,10,1,0,23,250.0,214.0,214.0,36.0
20570,20570,143,20,20,1,0,23,235.0,193.0,193.0,42.0
20571,20571,143,20,30,1,0,23,262.0,219.0,219.0,43.0
20572,20572,143,20,40,1,0,23,123.0,93.0,93.0,30.0
20573,20573,143,20,50,1,0,23,267.0,241.0,241.0,26.0
20574,20574,143,21,0,1,0,23,222.0,192.0,192.0,30.0
20575,20575,143,21,10,1,0,23,147.0,135.0,135.0,12.0
20576,20576,143,21,20,1,0,23,256.0,224.0,224.0,32.0
20577,20577,143,21,30,1,0,23,133.0,116.0,116.0,17.0
20578,20578,143,21,40,1,0,23,269.0,258.0,258.0,11.0
20579,20579,143,21,50,1,0,23,159.0,144.0,144.0,15.0
20580,20580,143,22,0,1,0,23,112.0,102.0,102.0,10.0
20581,20581,143,22,10,1,0,23,141.0,129.0,129.0,12.0
20582,20582,143,22,20,1,0,23,73.0,72.0,72.0,1.0
20583,20583,143,22,30,1,0,23,75.0,75.0,75.0,0.0
20584,20584,143,22,40,1,0,23,0.0,0.0,0.0,0.0
20585,20585,143,22,50,1,0,23,0.0,0.0,0.0,0.0
20622,20622,144,5,0,1,0,23,0.0,0.0,0.0,0.0
20623,20623,144,5,10,1,0,23,0.0,0.0,0.0,0.0
20624,20624,144,5,20,1,0,23,4.0,0.0,0.0,4.0
20625,20625,144,5,30,1,0,23,8.0,0.0,0.0,8.0
20626,20626,144,5,40,1,0,23,23.0,1.0,1.0,22.0
20627,20627,144,5,50,1,0,23,38.0,8.0,8.0,30.0
20628,20628,144,6,0,1,0,23,37.0,3.0,3.0,34.0
20629,20629,144,6,10,1,0,23,52.0,2.0,2.0,50.0
20630,20630,144,6,20,1,0,23,106.0,21.0,21.0,85.0
20631,20631,144,6,30,1,0,23,131.0,41.0,41.0,90.0
20632,20632,144,6,40,1,0,23,197.0,58.0,58.0,139.0
20633,20633,144,6,50,1,0,23,223.0,43.0,43.0,180.0
20634,20634,144,7,0,1,0,23,300.0,83.0,83.0,217.0
20635,20635,144,7,10,1,0,23,445.0,151.0,151.0,294.0
20636,20636,144,7,20,1,0,23,458.0,123.0,123.0,335.0
20637,20637,144,7,30,1,0,23,566.0,135.0,135.0,431.0
20638,20638,144,7,40,1,0,23,710.0,164.0,164.0,546.0
20639,20639,144,7,50,1,0,23,882.0,237.0,237.0,645.0
20640,20640,144,8,0,1,0,23,1008.0,314.0,314.0,694.0
20641,20641,144,8,10,1,0,23,1154.0,443.0,443.0,711.0
20642,20642,144,8,20,1,0,23,1193.0,506.0,506.0,687.0
20643,20643,144,8,30,1,0,23,1150.0,622.0,622.0,528.0
20644,20644,144,8,40,1,0,23,1014.0,580.0,580.0,434.0
20645,20645,144,8,50,1,0,23,914.0,518.0,518.0,396.0
20646,20646,144,9,0,1,0,23,632.0,270.0,270.0,362.0
20647,20647,144,9,10,1,0,23,602.0,266.0,266.0,336.0
20648,20648,144,9,20,1,0,23,417.0,150.0,150.0,267.0
20649,20649,144,9,30,1,0,23,396.0,207.0,207.0,189.0
20650,20650,144,9,40,1,0,23,430.0,204.0,204.0,226.0
20651,20651,144,9,50,1,0,23,339.0,137.0,137.0,202.0
20652,20652,144,10,0,1,0,23,263.0,115.0,115.0,148.0
20653,20653,144,10,10,1,0,23,272.0,127.0,127.0,145.0
20654,20654,144,10,20,1,0,23,241.0,97.0,97.0,144.0
20655,20655,144,10,30,1,0,23,238.0,101.0,101.0,137.0
20656,20656,144,10,40,1,0,23,199.0,87.0,87.0,112.0
20657,20657,144,10,50,1,0,23,211.0,80.0,80.0,131.0
20658,20658,144,11,0,1,0,23,276.0,121.0,121.0,155.0
20659,20659,144,11,10,1,0,23,258.0,91.0,91.0,167.0
20660,20660,144,11,20,1,0,23,210.0,67.0,67.0,143.0
20661,20661,144,11,30,1,0,23,244.0,124.0,124.0,120.0
20662,20662,144,11,40,1,0,23,226.0,106.0,106.0,120.0
20663,20663,144,11,50,1,0,23,210.0,86.0,86.0,124.0
20664,20664,144,12,0,1,0,23,228.0,137.0,137.0,91.0
20665,20665,144,12,10,1,0,23,262.0,152.0,152.0,110.0
20666,20666,144,12,20,1,0,23,232.0,110.0,110.0,122.0
20667,20667,144,12,30,1,0,23,270.0,145.0,145.0,125.0
20668,20668,144,12,40,1,0,23,242.0,102.0,102.0,140.0
20669,20669,144,12,50,1,0,23,213.0,111.0,111.0,102.0
20670,20670,144,13,0,1,0,23,241.0,112.0,112.0,129.0
20671,20671,144,13,10,1,0,23,247.0,115.0,115.0,132.0
20672,20672,144,13,20,1,0,23,253.0,130.0,130.0,123.0
20673,20673,144,13,30,1,0,23,242.0,129.0,129.0,113.0
20674,20674,144,13,40,1,0,23,217.0,97.0,97.0,120.0
20675,20675,144,13,50,1,0,23,226.0,122.0,122.0,104.0
20676,20676,144,14,0,1,0,23,220.0,107.0,107.0,113.0
20677,20677,144,14,10,1,0,23,227.0,115.0,115.0,112.0
20678,20678,144,14,20,1,0,23,223.0,121.0,121.0,102.0
20679,20679,144,14,30,1,0,23,217.0,109.0,109.0,108.0
20680,20680,144,14,40,1,0,23,277.0,142.0,142.0,135.0
20681,20681,144,14,50,1,0,23,258.0,126.0,126.0,132.0
20682,20682,144,15,0,1,0,23,240.0,112.0,112.0,128.0
20683,20683,144,15,10,1,0,23,269.0,132.0,132.0,137.0
20684,20684,144,15,20,1,0,23,221.0,114.0,114.0,107.0
20685,20685,144,15,30,1,0,23,230.0,113.0,113.0,117.0
20686,20686,144,15,40,1,0,23,281.0,164.0,164.0,117.0
20687,20687,144,15,50,1,0,23,259.0,135.0,135.0,124.0
20688,20688,144,16,0,1,0,23,339.0,193.0,193.0,146.0
20689,20689,144,16,10,1,0,23,357.0,203.0,203.0,154.0
20690,20690,144,16,20,1,0,23,322.0,158.0,158.0,164.0
20691,20691,144,16,30,1,0,23,315.0,167.0,167.0,148.0
20692,20692,144,16,40,1,0,23,393.0,199.0,199.0,194.0
20693,20693,144,16,50,1,0,23,385.0,219.0,219.0,166.0
20694,20694,144,17,0,1,0,23,389.0,175.0,175.0,214.0
20695,20695,144,17,10,1,0,23,520.0,250.0,250.0,270.0
20696,20696,144,17,20,1,0,23,588.0,303.0,303.0,285.0
20697,20697,144,17,30,1,0,23,554.0,285.0,285.0,269.0
20698,20698,144,17,40,1,0,23,869.0,397.0,397.0,472.0
20699,20699,144,17,50,1,0,23,693.0,351.0,351.0,342.0
20700,20700,144,18,0,1,0,23,692.0,409.0,409.0,283.0
20701,20701,144,18,10,1,0,23,856.0,407.0,407.0,449.0
20702,20702,144,18,20,1,0,23,858.0,418.0,418.0,440.0
20703,20703,144,18,30,1,0,23,778.0,464.0,464.0,314.0
20704,20704,144,18,40,1,0,23,708.0,450.0,450.0,258.0
20705,20705,144,18,50,1,0,23,616.0,434.0,434.0,182.0
20706,20706,144,19,0,1,0,23,384.0,243.0,243.0,141.0
20707,20707,144,19,10,1,0,23,530.0,393.0,393.0,137.0
20708,20708,144,19,20,1,0,23,384.0,238.0,238.0,146.0
20709,20709,144,19,30,1,0,23,350.0,230.0,230.0,120.0
20710,20710,144,19,40,1,0,23,239.0,148.0,148.0,91.0
20711,20711,144,19,50,1,0,23,359.0,279.0,279.0,80.0
20712,20712,144,20,0,1,0,23,236.0,135.0,135.0,101.0
20713,20713,144,20,10,1,0,23,259.0,156.0,156.0,103.0
20714,20714,144,20,20,1,0,23,234.0,146.0,146.0,88.0
20715,20715,144,20,30,1,0,23,217.0,115.0,115.0,102.0
20716,20716,144,20,40,1,0,23,259.0,164.0,164.0,95.0
20717,20717,144,20,50,1,0,23,230.0,144.0,144.0,86.0
20718,20718,144,21,0,1,0,23,174.0,94.0,94.0,80.0
20719,20719,144,21,10,1,0,23,199.0,118.0,118.0,81.0
20720,20720,144,21,20,1,0,23,226.0,164.0,164.0,62.0
20721,20721,144,21,30,1,0,23,204.0,148.0,148.0,56.0
20722,20722,144,21,40,1,0,23,205.0,145.0,145.0,60.0
20723,20723,144,21,50,1,0,23,156.0,109.0,109.0,47.0
20724,20724,144,22,0,1,0,23,136.0,96.0,96.0,40.0
20725,20725,144,22,10,1,0,23,159.0,116.0,116.0,43.0
20726,20726,144,22,20,1,0,23,160.0,136.0,136.0,24.0
20727,20727,144,22,30,1,0,23,117.0,90.0,90.0,27.0
20728,20728,144,22,40,1,0,23,95.0,78.0,78.0,17.0
20729,20729,144,22,50,1,0,23,72.0,65.0,65.0,7.0
20766,20766,145,5,0,1,0,23,0.0,0.0,0.0,0.0
20767,20767,145,5,10,1,0,23,18.0,0.0,0.0,18.0
20768,20768,145,5,20,1,0,23,58.0,3.0,3.0,55.0
20769,20769,145,5,30,1,0,23,65.0,0.0,0.0,65.0
20770,20770,145,5,40,1,0,23,69.0,1.0,1.0,68.0
20771,20771,145,5,50,1,0,23,85.0,0.0,0.0,85.0
20772,20772,145,6,0,1,0,23,165.0,0.0,0.0,165.0
20773,20773,145,6,10,1,0,23,233.0,48.0,48.0,185.0
20774,20774,145,6,20,1,0,23,270.0,40.0,40.0,230.0
20775,20775,145,6,30,1,0,23,313.0,44.0,44.0,269.0
20776,20776,145,6,40,1,0,23,494.0,113.0,113.0,381.0
20777,20777,145,6,50,1,0,23,661.0,123.0,123.0,538.0
20778,20778,145,7,0,1,0,23,737.0,177.0,177.0,560.0
20779,20779,145,7,10,1,0,23,1082.0,279.0,279.0,803.0
20780,20780,145,7,20,1,0,23,1419.0,283.0,283.0,1136.0
20781,20781,145,7,30,1,0,23,1453.0,441.0,441.0,1012.0
20782,20782,145,7,40,1,0,23,1894.0,580.0,580.0,1314.0
20783,20783,145,7,50,1,0,23,2166.0,812.0,812.0,1354.0
20784,20784,145,8,0,1,0,23,2537.0,1083.0,1083.0,1454.0
20785,20785,145,8,10,1,0,23,2136.0,760.0,760.0,1376.0
20786,20786,145,8,20,1,0,23,2030.0,915.0,915.0,1115.0
20787,20787,145,8,30,1,0,23,1836.0,1003.0,1003.0,833.0
20788,20788,145,8,40,1,0,23,1702.0,897.0,897.0,805.0
20789,20789,145,8,50,1,0,23,1192.0,747.0,747.0,445.0
20790,20790,145,9,0,1,0,23,1395.0,865.0,865.0,530.0
20791,20791,145,9,10,1,0,23,1129.0,783.0,783.0,346.0
20792,20792,145,9,20,1,0,23,1300.0,868.0,868.0,432.0
20793,20793,145,9,30,1,0,23,1449.0,1099.0,1099.0,350.0
20794,20794,145,9,40,1,0,23,1049.0,791.0,791.0,258.0
20795,20795,145,9,50,1,0,23,2049.0,1698.0,1698.0,351.0
20796,20796,145,10,0,1,0,23,1532.0,1248.0,1248.0,284.0
20797,20797,145,10,10,1,0,23,1515.0,1280.0,1280.0,235.0
20798,20798,145,10,20,1,0,23,910.0,696.0,696.0,214.0
20799,20799,145,10,30,1,0,23,1400.0,1146.0,1146.0,254.0
20800,20800,145,10,40,1,0,23,1367.0,1183.0,1183.0,184.0
20801,20801,145,10,50,1,0,23,727.0,508.0,508.0,219.0
20802,20802,145,11,0,1,0,23,1057.0,829.0,829.0,228.0
20803,20803,145,11,10,1,0,23,724.0,516.0,516.0,208.0
20804,20804,145,11,20,1,0,23,940.0,706.0,706.0,234.0
20805,20805,145,11,30,1,0,23,633.0,410.0,410.0,223.0
20806,20806,145,11,40,1,0,23,768.0,500.0,500.0,268.0
20807,20807,145,11,50,1,0,23,666.0,380.0,380.0,286.0
20808,20808,145,12,0,1,0,23,752.0,505.0,505.0,247.0
20809,20809,145,12,10,1,0,23,713.0,425.0,425.0,288.0
20810,20810,145,12,20,1,0,23,673.0,430.0,430.0,243.0
20811,20811,145,12,30,1,0,23,839.0,486.0,486.0,353.0
20812,20812,145,12,40,1,0,23,918.0,522.0,522.0,396.0
20813,20813,145,12,50,1,0,23,944.0,501.0,501.0,443.0
20814,20814,145,13,0,1,0,23,1074.0,706.0,706.0,368.0
20815,20815,145,13,10,1,0,23,877.0,372.0,372.0,505.0
20816,20816,145,13,20,1,0,23,1132.0,730.0,730.0,402.0
20817,20817,145,13,30,1,0,23,922.0,431.0,431.0,491.0
20818,20818,145,13,40,1,0,23,1117.0,530.0,530.0,587.0
20819,20819,145,13,50,1,0,23,1043.0,432.0,432.0,611.0
20820,20820,145,14,0,1,0,23,1039.0,503.0,503.0,536.0
20821,20821,145,14,10,1,0,23,955.0,435.0,435.0,520.0
20822,20822,145,14,20,1,0,23,947.0,313.0,313.0,634.0
20823,20823,145,14,30,1,0,23,1123.0,504.0,504.0,619.0
20824,20824,145,14,40,1,0,23,979.0,346.0,346.0,633.0
20825,20825,145,14,50,1,0,23,991.0,300.0,300.0,691.0
20826,20826,145,15,0,1,0,23,888.0,320.0,320.0,568.0
20827,20827,145,15,10,1,0,23,1111.0,366.0,366.0,745.0
20828,20828,145,15,20,1,0,23,934.0,232.0,232.0,702.0
20829,20829,145,15,30,1,0,23,1026.0,235.0,235.0,791.0
20830,20830,145,15,40,1,0,23,1038.0,313.0,313.0,725.0
20831,20831,145,15,50,1,0,23,1067.0,312.0,312.0,755.0
20832,20832,145,16,0,1,0,23,889.0,235.0,235.0,654.0
20833,20833,145,16,10,1,0,23,769.0,274.0,274.0,495.0
20834,20834,145,16,20,1,0,23,943.0,283.0,283.0,660.0
20835,20835,145,16,30,1,0,23,1073.0,340.0,340.0,733.0
20836,20836,145,16,40,1,0,23,1051.0,237.0,237.0,814.0
20837,20837,145,16,50,1,0,23,1135.0,256.0,256.0,879.0
20838,20838,145,17,0,1,0,23,1149.0,327.0,327.0,822.0
20839,20839,145,17,10,1,0,23,1072.0,295.0,295.0,777.0
20840,20840,145,17,20,1,0,23,1226.0,356.0,356.0,870.0
20841,20841,145,17,30,1,0,23,1291.0,444.0,444.0,847.0
20842,20842,145,17,40,1,0,23,1408.0,475.0,475.0,933.0
20843,20843,145,17,50,1,0,23,1453.0,585.0,585.0,868.0
20844,20844,145,18,0,1,0,23,1422.0,534.0,534.0,888.0
20845,20845,145,18,10,1,0,23,1547.0,646.0,646.0,901.0
20846,20846,145,18,20,1,0,23,1716.0,811.0,811.0,905.0
20847,20847,145,18,30,1,0,23,1953.0,974.0,974.0,979.0
20848,20848,145,18,40,1,0,23,1841.0,921.0,921.0,920.0
20849,20849,145,18,50,1,0,23,1957.0,925.0,925.0,1032.0
20850,20850,145,19,0,1,0,23,1799.0,871.0,871.0,928.0
20851,20851,145,19,10,1,0,23,1351.0,547.0,547.0,804.0
20852,20852,145,19,20,1,0,23,1321.0,803.0,803.0,518.0
20853,20853,145,19,30,1,0,23,759.0,477.0,477.0,282.0
20854,20854,145,19,40,1,0,23,411.0,290.0,290.0,121.0
20855,20855,145,19,50,1,0,23,729.0,621.0,621.0,108.0
20856,20856,145,20,0,1,0,23,484.0,419.0,419.0,65.0
20857,20857,145,20,10,1,0,23,353.0,261.0,261.0,92.0
20858,20858,145,20,20,1,0,23,354.0,277.0,277.0,77.0
20859,20859,145,20,30,1,0,23,413.0,331.0,331.0,82.0
20860,20860,145,20,40,1,0,23,429.0,361.0,361.0,68.0
20861,20861,145,20,50,1,0,23,360.0,296.0,296.0,64.0
20862,20862,145,21,0,1,0,23,240.0,187.0,187.0,53.0
20863,20863,145,21,10,1,0,23,546.0,463.0,463.0,83.0
20864,20864,145,21,20,1,0,23,290.0,246.0,246.0,44.0
20865,20865,145,21,30,1,0,23,337.0,264.0,264.0,73.0
20866,20866,145,21,40,1,0,23,323.0,273.0,273.0,50.0
20867,20867,145,21,50,1,0,23,307.0,275.0,275.0,32.0
20868,20868,145,22,0,1,0,23,256.0,220.0,220.0,36.0
20869,20869,145,22,10,1,0,23,247.0,228.0,228.0,19.0
20870,20870,145,22,20,1,0,23,292.0,272.0,272.0,20.0
20871,20871,145,22,30,1,0,23,317.0,304.0,304.0,13.0
20872,20872,145,22,40,1,0,23,80.0,76.0,76.0,4.0
20873,20873,145,22,50,1,0,23,170.0,169.0,169.0,1.0
20910,20910,146,5,0,1,0,23,0.0,0.0,0.0,0.0
20911,20911,146,5,10,1,0,23,0.0,0.0,0.0,0.0
20912,20912,146,5,20,1,0,23,0.0,0.0,0.0,0.0
20913,20913,146,5,30,1,0,23,0.0,0.0,0.0,0.0
20914,20914,146,5,40,1,0,23,0.0,0.0,0.0,0.0
20915,20915,146,5,50,1,0,23,7.0,0.0,0.0,7.0
20916,20916,146,6,0,1,0,23,10.0,0.0,0.0,10.0
20917,20917,146,6,10,1,0,23,17.0,2.0,2.0,15.0
20918,20918,146,6,20,1,0,23,27.0,3.0,3.0,24.0
20919,20919,146,6,30,1,0,23,24.0,3.0,3.0,21.0
20920,20920,146,6,40,1,0,23,32.0,0.0,0.0,32.0
20921,20921,146,6,50,1,0,23,39.0,8.0,8.0,31.0
20922,20922,146,7,0,1,0,23,47.0,7.0,7.0,40.0
20923,20923,146,7,10,1,0,23,31.0,3.0,3.0,28.0
20924,20924,146,7,20,1,0,23,52.0,5.0,5.0,47.0
20925,20925,146,7,30,1,0,23,53.0,4.0,4.0,49.0
20926,20926,146,7,40,1,0,23,53.0,15.0,15.0,38.0
20927,20927,146,7,50,1,0,23,39.0,3.0,3.0,36.0
20928,20928,146,8,0,1,0,23,49.0,11.0,11.0,38.0
20929,20929,146,8,10,1,0,23,42.0,10.0,10.0,32.0
20930,20930,146,8,20,1,0,23,33.0,11.0,11.0,22.0
20931,20931,146,8,30,1,0,23,37.0,21.0,21.0,16.0
20932,20932,146,8,40,1,0,23,45.0,32.0,32.0,13.0
20933,20933,146,8,50,1,0,23,33.0,23.0,23.0,10.0
20934,20934,146,9,0,1,0,23,46.0,32.0,32.0,14.0
20935,20935,146,9,10,1,0,23,57.0,49.0,49.0,8.0
20936,20936,146,9,20,1,0,23,41.0,34.0,34.0,7.0
20937,20937,146,9,30,1,0,23,32.0,24.0,24.0,8.0
20938,20938,146,9,40,1,0,23,57.0,46.0,46.0,11.0
20939,20939,146,9,50,1,0,23,45.0,41.0,41.0,4.0
20940,20940,146,10,0,1,0,23,36.0,29.0,29.0,7.0
20941,20941,146,10,10,1,0,23,38.0,32.0,32.0,6.0
20942,20942,146,10,20,1,0,23,44.0,36.0,36.0,8.0
20943,20943,146,10,30,1,0,23,39.0,33.0,33.0,6.0
20944,20944,146,10,40,1,0,23,48.0,36.0,36.0,12.0
20945,20945,146,10,50,1,0,23,14.0,7.0,7.0,7.0
20946,20946,146,11,0,1,0,23,21.0,14.0,14.0,7.0
20947,20947,146,11,10,1,0,23,16.0,12.0,12.0,4.0
20948,20948,146,11,20,1,0,23,23.0,16.0,16.0,7.0
20949,20949,146,11,30,1,0,23,18.0,7.0,7.0,11.0
20950,20950,146,11,40,1,0,23,21.0,9.0,9.0,12.0
20951,20951,146,11,50,1,0,23,12.0,5.0,5.0,7.0
20952,20952,146,12,0,1,0,23,21.0,12.0,12.0,9.0
20953,20953,146,12,10,1,0,23,27.0,12.0,12.0,15.0
20954,20954,146,12,20,1,0,23,25.0,9.0,9.0,16.0
20955,20955,146,12,30,1,0,23,18.0,14.0,14.0,4.0
20956,20956,146,12,40,1,0,23,24.0,4.0,4.0,20.0
20957,20957,146,12,50,1,0,23,22.0,14.0,14.0,8.0
20958,20958,146,13,0,1,0,23,13.0,10.0,10.0,3.0
20959,20959,146,13,10,1,0,23,33.0,9.0,9.0,24.0
20960,20960,146,13,20,1,0,23,46.0,20.0,20.0,26.0
20961,20961,146,13,30,1,0,23,25.0,11.0,11.0,14.0
20962,20962,146,13,40,1,0,23,26.0,15.0,15.0,11.0
20963,20963,146,13,50,1,0,23,17.0,12.0,12.0,5.0
20964,20964,146,14,0,1,0,23,14.0,3.0,3.0,11.0
20965,20965,146,14,10,1,0,23,12.0,11.0,11.0,1.0
20966,20966,146,14,20,1,0,23,24.0,11.0,11.0,13.0
20967,20967,146,14,30,1,0,23,11.0,9.0,9.0,2.0
20968,20968,146,14,40,1,0,23,15.0,2.0,2.0,13.0
20969,20969,146,14,50,1,0,23,43.0,16.0,16.0,27.0
20970,20970,146,15,0,1,0,23,12.0,9.0,9.0,3.0
20971,20971,146,15,10,1,0,23,13.0,6.0,6.0,7.0
20972,20972,146,15,20,1,0,23,21.0,10.0,10.0,11.0
20973,20973,146,15,30,1,0,23,13.0,7.0,7.0,6.0
20974,20974,146,15,40,1,0,23,37.0,14.0,14.0,23.0
20975,20975,146,15,50,1,0,23,12.0,6.0,6.0,6.0
20976,20976,146,16,0,1,0,23,21.0,8.0,8.0,13.0
20977,20977,146,16,10,1,0,23,20.0,4.0,4.0,16.0
20978,20978,146,16,20,1,0,23,40.0,14.0,14.0,26.0
20979,20979,146,16,30,1,0,23,19.0,10.0,10.0,9.0
20980,20980,146,16,40,1,0,23,31.0,19.0,19.0,12.0
20981,20981,146,16,50,1,0,23,26.0,10.0,10.0,16.0
20982,20982,146,17,0,1,0,23,45.0,18.0,18.0,27.0
20983,20983,146,17,10,1,0,23,40.0,13.0,13.0,27.0
20984,20984,146,17,20,1,0,23,31.0,12.0,12.0,19.0
20985,20985,146,17,30,1,0,23,23.0,11.0,11.0,12.0
20986,20986,146,17,40,1,0,23,40.0,27.0,27.0,13.0
20987,20987,146,17,50,1,0,23,38.0,24.0,24.0,14.0
20988,20988,146,18,0,1,0,23,66.0,26.0,26.0,40.0
20989,20989,146,18,10,1,0,23,52.0,28.0,28.0,24.0
20990,20990,146,18,20,1,0,23,68.0,20.0,20.0,48.0
20991,20991,146,18,30,1,0,23,40.0,31.0,31.0,9.0
20992,20992,146,18,40,1,0,23,75.0,33.0,33.0,42.0
20993,20993,146,18,50,1,0,23,32.0,22.0,22.0,10.0
20994,20994,146,19,0,1,0,23,36.0,24.0,24.0,12.0
20995,20995,146,19,10,1,0,23,28.0,13.0,13.0,15.0
20996,20996,146,19,20,1,0,23,26.0,19.0,19.0,7.0
20997,20997,146,19,30,1,0,23,16.0,10.0,10.0,6.0
20998,20998,146,19,40,1,0,23,16.0,14.0,14.0,2.0
20999,20999,146,19,50,1,0,23,29.0,20.0,20.0,9.0
21000,21000,146,20,0,1,0,23,21.0,9.0,9.0,12.0
21001,21001,146,20,10,1,0,23,29.0,14.0,14.0,15.0
21002,21002,146,20,20,1,0,23,23.0,15.0,15.0,8.0
21003,21003,146,20,30,1,0,23,29.0,24.0,24.0,5.0
21004,21004,146,20,40,1,0,23,25.0,17.0,17.0,8.0
21005,21005,146,20,50,1,0,23,14.0,13.0,13.0,1.0
21006,21006,146,21,0,1,0,23,34.0,12.0,12.0,22.0
21007,21007,146,21,10,1,0,23,58.0,11.0,11.0,47.0
21008,21008,146,21,20,1,0,23,35.0,10.0,10.0,25.0
21009,21009,146,21,30,1,0,23,9.0,7.0,7.0,2.0
21010,21010,146,21,40,1,0,23,14.0,13.0,13.0,1.0
21011,21011,146,21,50,1,0,23,15.0,12.0,12.0,3.0
21012,21012,146,22,0,1,0,23,9.0,9.0,9.0,0.0
21013,21013,146,22,10,1,0,23,11.0,11.0,11.0,0.0
21014,21014,146,22,20,1,0,23,5.0,5.0,5.0,0.0
21015,21015,146,22,30,1,0,23,14.0,14.0,14.0,0.0
21016,21016,146,22,40,1,0,23,9.0,9.0,9.0,0.0
21017,21017,146,22,50,1,0,23,6.0,6.0,6.0,0.0
21054,21054,147,5,0,1,0,23,0.0,0.0,0.0,0.0
21055,21055,147,5,10,1,0,23,2.0,0.0,0.0,2.0
21056,21056,147,5,20,1,0,23,10.0,0.0,0.0,10.0
21057,21057,147,5,30,1,0,23,10.0,1.0,1.0,9.0
21058,21058,147,5,40,1,0,23,24.0,0.0,0.0,24.0
21059,21059,147,5,50,1,0,23,43.0,1.0,1.0,42.0
21060,21060,147,6,0,1,0,23,17.0,0.0,0.0,17.0
21061,21061,147,6,10,1,0,23,35.0,0.0,0.0,35.0
21062,21062,147,6,20,1,0,23,107.0,41.0,41.0,66.0
21063,21063,147,6,30,1,0,23,184.0,64.0,64.0,120.0
21064,21064,147,6,40,1,0,23,223.0,105.0,105.0,118.0
21065,21065,147,6,50,1,0,23,186.0,81.0,81.0,105.0
21066,21066,147,7,0,1,0,23,342.0,215.0,215.0,127.0
21067,21067,147,7,10,1,0,23,483.0,292.0,292.0,191.0
21068,21068,147,7,20,1,0,23,776.0,563.0,563.0,213.0
21069,21069,147,7,30,1,0,23,930.0,653.0,653.0,277.0
21070,21070,147,7,40,1,0,23,1242.0,902.0,902.0,340.0
21071,21071,147,7,50,1,0,23,1605.0,1232.0,1232.0,373.0
21072,21072,147,8,0,1,0,23,1616.0,1248.0,1248.0,368.0
21073,21073,147,8,10,1,0,23,2547.0,2134.0,2134.0,413.0
21074,21074,147,8,20,1,0,23,2169.0,1801.0,1801.0,368.0
21075,21075,147,8,30,1,0,23,2319.0,2010.0,2010.0,309.0
21076,21076,147,8,40,1,0,23,2413.0,2134.0,2134.0,279.0
21077,21077,147,8,50,1,0,23,2164.0,1960.0,1960.0,204.0
21078,21078,147,9,0,1,0,23,1868.0,1664.0,1664.0,204.0
21079,21079,147,9,10,1,0,23,1627.0,1443.0,1443.0,184.0
21080,21080,147,9,20,1,0,23,1630.0,1453.0,1453.0,177.0
21081,21081,147,9,30,1,0,23,965.0,829.0,829.0,136.0
21082,21082,147,9,40,1,0,23,1014.0,815.0,815.0,199.0
21083,21083,147,9,50,1,0,23,596.0,446.0,446.0,150.0
21084,21084,147,10,0,1,0,23,512.0,404.0,404.0,108.0
21085,21085,147,10,10,1,0,23,587.0,479.0,479.0,108.0
21086,21086,147,10,20,1,0,23,277.0,150.0,150.0,127.0
21087,21087,147,10,30,1,0,23,309.0,185.0,185.0,124.0
21088,21088,147,10,40,1,0,23,266.0,170.0,170.0,96.0
21089,21089,147,10,50,1,0,23,355.0,226.0,226.0,129.0
21090,21090,147,11,0,1,0,23,277.0,138.0,138.0,139.0
21091,21091,147,11,10,1,0,23,290.0,169.0,169.0,121.0
21092,21092,147,11,20,1,0,23,259.0,123.0,123.0,136.0
21093,21093,147,11,30,1,0,23,298.0,129.0,129.0,169.0
21094,21094,147,11,40,1,0,23,341.0,184.0,184.0,157.0
21095,21095,147,11,50,1,0,23,281.0,122.0,122.0,159.0
21096,21096,147,12,0,1,0,23,351.0,174.0,174.0,177.0
21097,21097,147,12,10,1,0,23,373.0,153.0,153.0,220.0
21098,21098,147,12,20,1,0,23,318.0,150.0,150.0,168.0
21099,21099,147,12,30,1,0,23,359.0,141.0,141.0,218.0
21100,21100,147,12,40,1,0,23,408.0,221.0,221.0,187.0
21101,21101,147,12,50,1,0,23,364.0,199.0,199.0,165.0
21102,21102,147,13,0,1,0,23,427.0,225.0,225.0,202.0
21103,21103,147,13,10,1,0,23,254.0,98.0,98.0,156.0
21104,21104,147,13,20,1,0,23,397.0,243.0,243.0,154.0
21105,21105,147,13,30,1,0,23,278.0,112.0,112.0,166.0
21106,21106,147,13,40,1,0,23,396.0,258.0,258.0,138.0
21107,21107,147,13,50,1,0,23,387.0,216.0,216.0,171.0
21108,21108,147,14,0,1,0,23,299.0,134.0,134.0,165.0
21109,21109,147,14,10,1,0,23,263.0,111.0,111.0,152.0
21110,21110,147,14,20,1,0,23,345.0,179.0,179.0,166.0
21111,21111,147,14,30,1,0,23,353.0,178.0,178.0,175.0
21112,21112,147,14,40,1,0,23,265.0,128.0,128.0,137.0
21113,21113,147,14,50,1,0,23,312.0,114.0,114.0,198.0
21114,21114,147,15,0,1,0,23,317.0,127.0,127.0,190.0
21115,21115,147,15,10,1,0,23,314.0,139.0,139.0,175.0
21116,21116,147,15,20,1,0,23,355.0,150.0,150.0,205.0
21117,21117,147,15,30,1,0,23,403.0,174.0,174.0,229.0
21118,21118,147,15,40,1,0,23,330.0,137.0,137.0,193.0
21119,21119,147,15,50,1,0,23,357.0,151.0,151.0,206.0
21120,21120,147,16,0,1,0,23,333.0,116.0,116.0,217.0
21121,21121,147,16,10,1,0,23,437.0,156.0,156.0,281.0
21122,21122,147,16,20,1,0,23,416.0,163.0,163.0,253.0
21123,21123,147,16,30,1,0,23,554.0,171.0,171.0,383.0
21124,21124,147,16,40,1,0,23,657.0,149.0,149.0,508.0
21125,21125,147,16,50,1,0,23,577.0,182.0,182.0,395.0
21126,21126,147,17,0,1,0,23,827.0,185.0,185.0,642.0
21127,21127,147,17,10,1,0,23,1105.0,157.0,157.0,948.0
21128,21128,147,17,20,1,0,23,1232.0,251.0,251.0,981.0
21129,21129,147,17,30,1,0,23,1114.0,285.0,285.0,829.0
21130,21130,147,17,40,1,0,23,1741.0,279.0,279.0,1462.0
21131,21131,147,17,50,1,0,23,1709.0,281.0,281.0,1428.0
21132,21132,147,18,0,1,0,23,1308.0,344.0,344.0,964.0
21133,21133,147,18,10,1,0,23,1969.0,394.0,394.0,1575.0
21134,21134,147,18,20,1,0,23,1588.0,258.0,258.0,1330.0
21135,21135,147,18,30,1,0,23,1567.0,430.0,430.0,1137.0
21136,21136,147,18,40,1,0,23,1400.0,415.0,415.0,985.0
21137,21137,147,18,50,1,0,23,1175.0,415.0,415.0,760.0
21138,21138,147,19,0,1,0,23,965.0,361.0,361.0,604.0
21139,21139,147,19,10,1,0,23,1000.0,330.0,330.0,670.0
21140,21140,147,19,20,1,0,23,739.0,231.0,231.0,508.0
21141,21141,147,19,30,1,0,23,752.0,319.0,319.0,433.0
21142,21142,147,19,40,1,0,23,553.0,116.0,116.0,437.0
21143,21143,147,19,50,1,0,23,700.0,272.0,272.0,428.0
21144,21144,147,20,0,1,0,23,560.0,221.0,221.0,339.0
21145,21145,147,20,10,1,0,23,510.0,175.0,175.0,335.0
21146,21146,147,20,20,1,0,23,477.0,179.0,179.0,298.0
21147,21147,147,20,30,1,0,23,369.0,58.0,58.0,311.0
21148,21148,147,20,40,1,0,23,615.0,316.0,316.0,299.0
21149,21149,147,20,50,1,0,23,403.0,171.0,171.0,232.0
21150,21150,147,21,0,1,0,23,336.0,118.0,118.0,218.0
21151,21151,147,21,10,1,0,23,466.0,177.0,177.0,289.0
21152,21152,147,21,20,1,0,23,343.0,145.0,145.0,198.0
21153,21153,147,21,30,1,0,23,340.0,187.0,187.0,153.0
21154,21154,147,21,40,1,0,23,296.0,165.0,165.0,131.0
21155,21155,147,21,50,1,0,23,261.0,137.0,137.0,124.0
21156,21156,147,22,0,1,0,23,260.0,173.0,173.0,87.0
21157,21157,147,22,10,1,0,23,202.0,141.0,141.0,61.0
21158,21158,147,22,20,1,0,23,162.0,114.0,114.0,48.0
21159,21159,147,22,30,1,0,23,130.0,103.0,103.0,27.0
21160,21160,147,22,40,1,0,23,92.0,78.0,78.0,14.0
21161,21161,147,22,50,1,0,23,95.0,92.0,92.0,3.0
21198,21198,148,5,0,1,0,23,0.0,0.0,0.0,0.0
21199,21199,148,5,10,1,0,23,0.0,0.0,0.0,0.0
21200,21200,148,5,20,1,0,23,8.0,0.0,0.0,8.0
21201,21201,148,5,30,1,0,23,11.0,0.0,0.0,11.0
21202,21202,148,5,40,1,0,23,62.0,2.0,2.0,60.0
21203,21203,148,5,50,1,0,23,66.0,13.0,13.0,53.0
21204,21204,148,6,0,1,0,23,70.0,11.0,11.0,59.0
21205,21205,148,6,10,1,0,23,126.0,28.0,28.0,98.0
21206,21206,148,6,20,1,0,23,132.0,37.0,37.0,95.0
21207,21207,148,6,30,1,0,23,166.0,69.0,69.0,97.0
21208,21208,148,6,40,1,0,23,262.0,107.0,107.0,155.0
21209,21209,148,6,50,1,0,23,350.0,110.0,110.0,240.0
21210,21210,148,7,0,1,0,23,404.0,158.0,158.0,246.0
21211,21211,148,7,10,1,0,23,534.0,218.0,218.0,316.0
21212,21212,148,7,20,1,0,23,576.0,207.0,207.0,369.0
21213,21213,148,7,30,1,0,23,729.0,256.0,256.0,473.0
21214,21214,148,7,40,1,0,23,847.0,309.0,309.0,538.0
21215,21215,148,7,50,1,0,23,1080.0,406.0,406.0,674.0
21216,21216,148,8,0,1,0,23,1277.0,509.0,509.0,768.0
21217,21217,148,8,10,1,0,23,1526.0,723.0,723.0,803.0
21218,21218,148,8,20,1,0,23,1587.0,737.0,737.0,850.0
21219,21219,148,8,30,1,0,23,1692.0,893.0,893.0,799.0
21220,21220,148,8,40,1,0,23,1783.0,1097.0,1097.0,686.0
21221,21221,148,8,50,1,0,23,1614.0,1004.0,1004.0,610.0
21222,21222,148,9,0,1,0,23,1328.0,803.0,803.0,525.0
21223,21223,148,9,10,1,0,23,1311.0,870.0,870.0,441.0
21224,21224,148,9,20,1,0,23,1014.0,610.0,610.0,404.0
21225,21225,148,9,30,1,0,23,985.0,628.0,628.0,357.0
21226,21226,148,9,40,1,0,23,869.0,577.0,577.0,292.0
21227,21227,148,9,50,1,0,23,715.0,454.0,454.0,261.0
21228,21228,148,10,0,1,0,23,666.0,414.0,414.0,252.0
21229,21229,148,10,10,1,0,23,586.0,348.0,348.0,238.0
21230,21230,148,10,20,1,0,23,537.0,337.0,337.0,200.0
21231,21231,148,10,30,1,0,23,476.0,274.0,274.0,202.0
21232,21232,148,10,40,1,0,23,524.0,313.0,313.0,211.0
21233,21233,148,10,50,1,0,23,470.0,262.0,262.0,208.0
21234,21234,148,11,0,1,0,23,512.0,309.0,309.0,203.0
21235,21235,148,11,10,1,0,23,497.0,279.0,279.0,218.0
21236,21236,148,11,20,1,0,23,475.0,279.0,279.0,196.0
21237,21237,148,11,30,1,0,23,535.0,304.0,304.0,231.0
21238,21238,148,11,40,1,0,23,517.0,321.0,321.0,196.0
21239,21239,148,11,50,1,0,23,575.0,321.0,321.0,254.0
21240,21240,148,12,0,1,0,23,585.0,320.0,320.0,265.0
21241,21241,148,12,10,1,0,23,572.0,271.0,271.0,301.0
21242,21242,148,12,20,1,0,23,598.0,310.0,310.0,288.0
21243,21243,148,12,30,1,0,23,542.0,260.0,260.0,282.0
21244,21244,148,12,40,1,0,23,679.0,355.0,355.0,324.0
21245,21245,148,12,50,1,0,23,631.0,335.0,335.0,296.0
21246,21246,148,13,0,1,0,23,577.0,280.0,280.0,297.0
21247,21247,148,13,10,1,0,23,603.0,299.0,299.0,304.0
21248,21248,148,13,20,1,0,23,639.0,284.0,284.0,355.0
21249,21249,148,13,30,1,0,23,613.0,324.0,324.0,289.0
21250,21250,148,13,40,1,0,23,646.0,311.0,311.0,335.0
21251,21251,148,13,50,1,0,23,607.0,306.0,306.0,301.0
21252,21252,148,14,0,1,0,23,592.0,302.0,302.0,290.0
21253,21253,148,14,10,1,0,23,701.0,364.0,364.0,337.0
21254,21254,148,14,20,1,0,23,617.0,295.0,295.0,322.0
21255,21255,148,14,30,1,0,23,596.0,326.0,326.0,270.0
21256,21256,148,14,40,1,0,23,636.0,330.0,330.0,306.0
21257,21257,148,14,50,1,0,23,612.0,328.0,328.0,284.0
21258,21258,148,15,0,1,0,23,578.0,277.0,277.0,301.0
21259,21259,148,15,10,1,0,23,723.0,362.0,362.0,361.0
21260,21260,148,15,20,1,0,23,635.0,323.0,323.0,312.0
21261,21261,148,15,30,1,0,23,564.0,305.0,305.0,259.0
21262,21262,148,15,40,1,0,23,685.0,348.0,348.0,337.0
21263,21263,148,15,50,1,0,23,647.0,342.0,342.0,305.0
21264,21264,148,16,0,1,0,23,709.0,389.0,389.0,320.0
21265,21265,148,16,10,1,0,23,755.0,359.0,359.0,396.0
21266,21266,148,16,20,1,0,23,706.0,304.0,304.0,402.0
21267,21267,148,16,30,1,0,23,887.0,468.0,468.0,419.0
21268,21268,148,16,40,1,0,23,754.0,388.0,388.0,366.0
21269,21269,148,16,50,1,0,23,738.0,356.0,356.0,382.0
21270,21270,148,17,0,1,0,23,887.0,440.0,440.0,447.0
21271,21271,148,17,10,1,0,23,1132.0,500.0,500.0,632.0
21272,21272,148,17,20,1,0,23,1158.0,633.0,633.0,525.0
21273,21273,148,17,30,1,0,23,1213.0,643.0,643.0,570.0
21274,21274,148,17,40,1,0,23,1439.0,700.0,700.0,739.0
21275,21275,148,17,50,1,0,23,1543.0,861.0,861.0,682.0
21276,21276,148,18,0,1,0,23,1626.0,941.0,941.0,685.0
21277,21277,148,18,10,1,0,23,1801.0,905.0,905.0,896.0
21278,21278,148,18,20,1,0,23,1831.0,1070.0,1070.0,761.0
21279,21279,148,18,30,1,0,23,1667.0,1075.0,1075.0,592.0
21280,21280,148,18,40,1,0,23,1567.0,993.0,993.0,574.0
21281,21281,148,18,50,1,0,23,1385.0,874.0,874.0,511.0
21282,21282,148,19,0,1,0,23,1164.0,677.0,677.0,487.0
21283,21283,148,19,10,1,0,23,993.0,583.0,583.0,410.0
21284,21284,148,19,20,1,0,23,939.0,535.0,535.0,404.0
21285,21285,148,19,30,1,0,23,888.0,479.0,479.0,409.0
21286,21286,148,19,40,1,0,23,733.0,386.0,386.0,347.0
21287,21287,148,19,50,1,0,23,742.0,414.0,414.0,328.0
21288,21288,148,20,0,1,0,23,683.0,283.0,283.0,400.0
21289,21289,148,20,10,1,0,23,694.0,270.0,270.0,424.0
21290,21290,148,20,20,1,0,23,687.0,294.0,294.0,393.0
21291,21291,148,20,30,1,0,23,672.0,252.0,252.0,420.0
21292,21292,148,20,40,1,0,23,579.0,141.0,141.0,438.0
21293,21293,148,20,50,1,0,23,710.0,289.0,289.0,421.0
21294,21294,148,21,0,1,0,23,673.0,232.0,232.0,441.0
21295,21295,148,21,10,1,0,23,698.0,205.0,205.0,493.0
21296,21296,148,21,20,1,0,23,678.0,228.0,228.0,450.0
21297,21297,148,21,30,1,0,23,700.0,246.0,246.0,454.0
21298,21298,148,21,40,1,0,23,572.0,180.0,180.0,392.0
21299,21299,148,21,50,1,0,23,531.0,176.0,176.0,355.0
21300,21300,148,22,0,1,0,23,662.0,206.0,206.0,456.0
21301,21301,148,22,10,1,0,23,488.0,210.0,210.0,278.0
21302,21302,148,22,20,1,0,23,319.0,191.0,191.0,128.0
21303,21303,148,22,30,1,0,23,269.0,185.0,185.0,84.0
21304,21304,148,22,40,1,0,23,235.0,163.0,163.0,72.0
21305,21305,148,22,50,1,0,23,111.0,68.0,68.0,43.0
21342,21342,149,5,0,1,0,23,0.0,0.0,0.0,0.0
21343,21343,149,5,10,1,0,23,0.0,0.0,0.0,0.0
21344,21344,149,5,20,1,0,23,0.0,0.0,0.0,0.0
21345,21345,149,5,30,1,0,23,7.0,0.0,0.0,7.0
21346,21346,149,5,40,1,0,23,16.0,0.0,0.0,16.0
21347,21347,149,5,50,1,0,23,50.0,13.0,13.0,37.0
21348,21348,149,6,0,1,0,23,57.0,29.0,29.0,28.0
21349,21349,149,6,10,1,0,23,56.0,16.0,16.0,40.0
21350,21350,149,6,20,1,0,23,83.0,26.0,26.0,57.0
21351,21351,149,6,30,1,0,23,96.0,29.0,29.0,67.0
21352,21352,149,6,40,1,0,23,159.0,61.0,61.0,98.0
21353,21353,149,6,50,1,0,23,176.0,63.0,63.0,113.0
21354,21354,149,7,0,1,0,23,226.0,91.0,91.0,135.0
21355,21355,149,7,10,1,0,23,253.0,114.0,114.0,139.0
21356,21356,149,7,20,1,0,23,364.0,192.0,192.0,172.0
21357,21357,149,7,30,1,0,23,480.0,284.0,284.0,196.0
21358,21358,149,7,40,1,0,23,576.0,325.0,325.0,251.0
21359,21359,149,7,50,1,0,23,587.0,290.0,290.0,297.0
21360,21360,149,8,0,1,0,23,575.0,291.0,291.0,284.0
21361,21361,149,8,10,1,0,23,600.0,284.0,284.0,316.0
21362,21362,149,8,20,1,0,23,653.0,354.0,354.0,299.0
21363,21363,149,8,30,1,0,23,687.0,436.0,436.0,251.0
21364,21364,149,8,40,1,0,23,552.0,319.0,319.0,233.0
21365,21365,149,8,50,1,0,23,486.0,305.0,305.0,181.0
21366,21366,149,9,0,1,0,23,404.0,220.0,220.0,184.0
21367,21367,149,9,10,1,0,23,356.0,186.0,186.0,170.0
21368,21368,149,9,20,1,0,23,279.0,168.0,168.0,111.0
21369,21369,149,9,30,1,0,23,262.0,158.0,158.0,104.0
21370,21370,149,9,40,1,0,23,250.0,148.0,148.0,102.0
21371,21371,149,9,50,1,0,23,228.0,123.0,123.0,105.0
21372,21372,149,10,0,1,0,23,250.0,151.0,151.0,99.0
21373,21373,149,10,10,1,0,23,218.0,129.0,129.0,89.0
21374,21374,149,10,20,1,0,23,200.0,117.0,117.0,83.0
21375,21375,149,10,30,1,0,23,155.0,87.0,87.0,68.0
21376,21376,149,10,40,1,0,23,188.0,101.0,101.0,87.0
21377,21377,149,10,50,1,0,23,153.0,81.0,81.0,72.0
21378,21378,149,11,0,1,0,23,182.0,108.0,108.0,74.0
21379,21379,149,11,10,1,0,23,200.0,107.0,107.0,93.0
21380,21380,149,11,20,1,0,23,172.0,92.0,92.0,80.0
21381,21381,149,11,30,1,0,23,181.0,85.0,85.0,96.0
21382,21382,149,11,40,1,0,23,180.0,95.0,95.0,85.0
21383,21383,149,11,50,1,0,23,167.0,67.0,67.0,100.0
21384,21384,149,12,0,1,0,23,186.0,90.0,90.0,96.0
21385,21385,149,12,10,1,0,23,187.0,91.0,91.0,96.0
21386,21386,149,12,20,1,0,23,201.0,113.0,113.0,88.0
21387,21387,149,12,30,1,0,23,246.0,126.0,126.0,120.0
21388,21388,149,12,40,1,0,23,202.0,80.0,80.0,122.0
21389,21389,149,12,50,1,0,23,208.0,109.0,109.0,99.0
21390,21390,149,13,0,1,0,23,203.0,92.0,92.0,111.0
21391,21391,149,13,10,1,0,23,231.0,137.0,137.0,94.0
21392,21392,149,13,20,1,0,23,207.0,87.0,87.0,120.0
21393,21393,149,13,30,1,0,23,201.0,114.0,114.0,87.0
21394,21394,149,13,40,1,0,23,206.0,110.0,110.0,96.0
21395,21395,149,13,50,1,0,23,214.0,111.0,111.0,103.0
21396,21396,149,14,0,1,0,23,225.0,108.0,108.0,117.0
21397,21397,149,14,10,1,0,23,192.0,77.0,77.0,115.0
21398,21398,149,14,20,1,0,23,194.0,86.0,86.0,108.0
21399,21399,149,14,30,1,0,23,193.0,89.0,89.0,104.0
21400,21400,149,14,40,1,0,23,216.0,100.0,100.0,116.0
21401,21401,149,14,50,1,0,23,221.0,105.0,105.0,116.0
21402,21402,149,15,0,1,0,23,184.0,59.0,59.0,125.0
21403,21403,149,15,10,1,0,23,220.0,112.0,112.0,108.0
21404,21404,149,15,20,1,0,23,227.0,85.0,85.0,142.0
21405,21405,149,15,30,1,0,23,223.0,96.0,96.0,127.0
21406,21406,149,15,40,1,0,23,207.0,72.0,72.0,135.0
21407,21407,149,15,50,1,0,23,250.0,94.0,94.0,156.0
21408,21408,149,16,0,1,0,23,236.0,109.0,109.0,127.0
21409,21409,149,16,10,1,0,23,245.0,90.0,90.0,155.0
21410,21410,149,16,20,1,0,23,204.0,79.0,79.0,125.0
21411,21411,149,16,30,1,0,23,260.0,101.0,101.0,159.0
21412,21412,149,16,40,1,0,23,284.0,115.0,115.0,169.0
21413,21413,149,16,50,1,0,23,333.0,120.0,120.0,213.0
21414,21414,149,17,0,1,0,23,395.0,118.0,118.0,277.0
21415,21415,149,17,10,1,0,23,465.0,94.0,94.0,371.0
21416,21416,149,17,20,1,0,23,432.0,164.0,164.0,268.0
21417,21417,149,17,30,1,0,23,460.0,188.0,188.0,272.0
21418,21418,149,17,40,1,0,23,465.0,179.0,179.0,286.0
21419,21419,149,17,50,1,0,23,466.0,200.0,200.0,266.0
21420,21420,149,18,0,1,0,23,464.0,195.0,195.0,269.0
21421,21421,149,18,10,1,0,23,445.0,206.0,206.0,239.0
21422,21422,149,18,20,1,0,23,381.0,171.0,171.0,210.0
21423,21423,149,18,30,1,0,23,352.0,175.0,175.0,177.0
21424,21424,149,18,40,1,0,23,351.0,202.0,202.0,149.0
21425,21425,149,18,50,1,0,23,251.0,149.0,149.0,102.0
21426,21426,149,19,0,1,0,23,244.0,137.0,137.0,107.0
21427,21427,149,19,10,1,0,23,213.0,113.0,113.0,100.0
21428,21428,149,19,20,1,0,23,178.0,92.0,92.0,86.0
21429,21429,149,19,30,1,0,23,150.0,78.0,78.0,72.0
21430,21430,149,19,40,1,0,23,147.0,83.0,83.0,64.0
21431,21431,149,19,50,1,0,23,147.0,80.0,80.0,67.0
21432,21432,149,20,0,1,0,23,157.0,58.0,58.0,99.0
21433,21433,149,20,10,1,0,23,113.0,46.0,46.0,67.0
21434,21434,149,20,20,1,0,23,126.0,59.0,59.0,67.0
21435,21435,149,20,30,1,0,23,158.0,91.0,91.0,67.0
21436,21436,149,20,40,1,0,23,147.0,79.0,79.0,68.0
21437,21437,149,20,50,1,0,23,100.0,53.0,53.0,47.0
21438,21438,149,21,0,1,0,23,127.0,84.0,84.0,43.0
21439,21439,149,21,10,1,0,23,110.0,57.0,57.0,53.0
21440,21440,149,21,20,1,0,23,104.0,66.0,66.0,38.0
21441,21441,149,21,30,1,0,23,107.0,72.0,72.0,35.0
21442,21442,149,21,40,1,0,23,110.0,60.0,60.0,50.0
21443,21443,149,21,50,1,0,23,96.0,58.0,58.0,38.0
21444,21444,149,22,0,1,0,23,74.0,54.0,54.0,20.0
21445,21445,149,22,10,1,0,23,65.0,44.0,44.0,21.0
21446,21446,149,22,20,1,0,23,48.0,30.0,30.0,18.0
21447,21447,149,22,30,1,0,23,77.0,56.0,56.0,21.0
21448,21448,149,22,40,1,0,23,61.0,48.0,48.0,13.0
21449,21449,149,22,50,1,0,23,40.0,30.0,30.0,10.0
21486,21486,150,5,0,1,0,23,0.0,0.0,0.0,0.0
21487,21487,150,5,10,1,0,23,1.0,0.0,0.0,1.0
21488,21488,150,5,20,1,0,23,12.0,0.0,0.0,12.0
21489,21489,150,5,30,1,0,23,6.0,0.0,0.0,6.0
21490,21490,150,5,40,1,0,23,6.0,0.0,0.0,6.0
21491,21491,150,5,50,1,0,23,31.0,0.0,0.0,31.0
21492,21492,150,6,0,1,0,23,30.0,0.0,0.0,30.0
21493,21493,150,6,10,1,0,23,58.0,0.0,0.0,58.0
21494,21494,150,6,20,1,0,23,74.0,9.0,9.0,65.0
21495,21495,150,6,30,1,0,23,81.0,10.0,10.0,71.0
21496,21496,150,6,40,1,0,23,83.0,1.0,1.0,82.0
21497,21497,150,6,50,1,0,23,130.0,14.0,14.0,116.0
21498,21498,150,7,0,1,0,23,134.0,26.0,26.0,108.0
21499,21499,150,7,10,1,0,23,184.0,10.0,10.0,174.0
21500,21500,150,7,20,1,0,23,228.0,34.0,34.0,194.0
21501,21501,150,7,30,1,0,23,207.0,55.0,55.0,152.0
21502,21502,150,7,40,1,0,23,175.0,10.0,10.0,165.0
21503,21503,150,7,50,1,0,23,266.0,102.0,102.0,164.0
21504,21504,150,8,0,1,0,23,257.0,135.0,135.0,122.0
21505,21505,150,8,10,1,0,23,122.0,18.0,18.0,104.0
21506,21506,150,8,20,1,0,23,189.0,81.0,81.0,108.0
21507,21507,150,8,30,1,0,23,108.0,60.0,60.0,48.0
21508,21508,150,8,40,1,0,23,109.0,37.0,37.0,72.0
21509,21509,150,8,50,1,0,23,133.0,77.0,77.0,56.0
21510,21510,150,9,0,1,0,23,47.0,5.0,5.0,42.0
21511,21511,150,9,10,1,0,23,94.0,50.0,50.0,44.0
21512,21512,150,9,20,1,0,23,94.0,46.0,46.0,48.0
21513,21513,150,9,30,1,0,23,63.0,1.0,1.0,62.0
21514,21514,150,9,40,1,0,23,77.0,46.0,46.0,31.0
21515,21515,150,9,50,1,0,23,70.0,40.0,40.0,30.0
21516,21516,150,10,0,1,0,23,37.0,1.0,1.0,36.0
21517,21517,150,10,10,1,0,23,69.0,42.0,42.0,27.0
21518,21518,150,10,20,1,0,23,75.0,46.0,46.0,29.0
21519,21519,150,10,30,1,0,23,63.0,31.0,31.0,32.0
21520,21520,150,10,40,1,0,23,66.0,35.0,35.0,31.0
21521,21521,150,10,50,1,0,23,40.0,20.0,20.0,20.0
21522,21522,150,11,0,1,0,23,40.0,0.0,0.0,40.0
21523,21523,150,11,10,1,0,23,71.0,38.0,38.0,33.0
21524,21524,150,11,20,1,0,23,74.0,34.0,34.0,40.0
21525,21525,150,11,30,1,0,23,36.0,10.0,10.0,26.0
21526,21526,150,11,40,1,0,23,70.0,25.0,25.0,45.0
21527,21527,150,11,50,1,0,23,53.0,15.0,15.0,38.0
21528,21528,150,12,0,1,0,23,54.0,29.0,29.0,25.0
21529,21529,150,12,10,1,0,23,32.0,1.0,1.0,31.0
21530,21530,150,12,20,1,0,23,60.0,34.0,34.0,26.0
21531,21531,150,12,30,1,0,23,61.0,28.0,28.0,33.0
21532,21532,150,12,40,1,0,23,26.0,2.0,2.0,24.0
21533,21533,150,12,50,1,0,23,47.0,27.0,27.0,20.0
21534,21534,150,13,0,1,0,23,93.0,58.0,58.0,35.0
21535,21535,150,13,10,1,0,23,55.0,30.0,30.0,25.0
21536,21536,150,13,20,1,0,23,33.0,3.0,3.0,30.0
21537,21537,150,13,30,1,0,23,66.0,40.0,40.0,26.0
21538,21538,150,13,40,1,0,23,68.0,36.0,36.0,32.0
21539,21539,150,13,50,1,0,23,32.0,0.0,0.0,32.0
21540,21540,150,14,0,1,0,23,63.0,39.0,39.0,24.0
21541,21541,150,14,10,1,0,23,63.0,30.0,30.0,33.0
21542,21542,150,14,20,1,0,23,64.0,38.0,38.0,26.0
21543,21543,150,14,30,1,0,23,39.0,6.0,6.0,33.0
21544,21544,150,14,40,1,0,23,79.0,38.0,38.0,41.0
21545,21545,150,14,50,1,0,23,72.0,38.0,38.0,34.0
21546,21546,150,15,0,1,0,23,31.0,4.0,4.0,27.0
21547,21547,150,15,10,1,0,23,80.0,39.0,39.0,41.0
21548,21548,150,15,20,1,0,23,71.0,41.0,41.0,30.0
21549,21549,150,15,30,1,0,23,82.0,44.0,44.0,38.0
21550,21550,150,15,40,1,0,23,34.0,9.0,9.0,25.0
21551,21551,150,15,50,1,0,23,129.0,57.0,57.0,72.0
21552,21552,150,16,0,1,0,23,79.0,46.0,46.0,33.0
21553,21553,150,16,10,1,0,23,41.0,6.0,6.0,35.0
21554,21554,150,16,20,1,0,23,80.0,37.0,37.0,43.0
21555,21555,150,16,30,1,0,23,105.0,42.0,42.0,63.0
21556,21556,150,16,40,1,0,23,92.0,40.0,40.0,52.0
21557,21557,150,16,50,1,0,23,84.0,28.0,28.0,56.0
21558,21558,150,17,0,1,0,23,81.0,25.0,25.0,56.0
21559,21559,150,17,10,1,0,23,146.0,66.0,66.0,80.0
21560,21560,150,17,20,1,0,23,85.0,27.0,27.0,58.0
21561,21561,150,17,30,1,0,23,99.0,53.0,53.0,46.0
21562,21562,150,17,40,1,0,23,177.0,129.0,129.0,48.0
21563,21563,150,17,50,1,0,23,91.0,40.0,40.0,51.0
21564,21564,150,18,0,1,0,23,95.0,69.0,69.0,26.0
21565,21565,150,18,10,1,0,23,149.0,122.0,122.0,27.0
21566,21566,150,18,20,1,0,23,19.0,2.0,2.0,17.0
21567,21567,150,18,30,1,0,23,148.0,130.0,130.0,18.0
21568,21568,150,18,40,1,0,23,130.0,122.0,122.0,8.0
21569,21569,150,18,50,1,0,23,32.0,17.0,17.0,15.0
21570,21570,150,19,0,1,0,23,91.0,72.0,72.0,19.0
21571,21571,150,19,10,1,0,23,148.0,113.0,113.0,35.0
21572,21572,150,19,20,1,0,23,18.0,2.0,2.0,16.0
21573,21573,150,19,30,1,0,23,109.0,99.0,99.0,10.0
21574,21574,150,19,40,1,0,23,70.0,61.0,61.0,9.0
21575,21575,150,19,50,1,0,23,35.0,27.0,27.0,8.0
21576,21576,150,20,0,1,0,23,53.0,42.0,42.0,11.0
21577,21577,150,20,10,1,0,23,40.0,23.0,23.0,17.0
21578,21578,150,20,20,1,0,23,34.0,21.0,21.0,13.0
21579,21579,150,20,30,1,0,23,47.0,41.0,41.0,6.0
21580,21580,150,20,40,1,0,23,15.0,2.0,2.0,13.0
21581,21581,150,20,50,1,0,23,52.0,41.0,41.0,11.0
21582,21582,150,21,0,1,0,23,47.0,35.0,35.0,12.0
21583,21583,150,21,10,1,0,23,54.0,48.0,48.0,6.0
21584,21584,150,21,20,1,0,23,6.0,2.0,2.0,4.0
21585,21585,150,21,30,1,0,23,41.0,35.0,35.0,6.0
21586,21586,150,21,40,1,0,23,40.0,31.0,31.0,9.0
21587,21587,150,21,50,1,0,23,11.0,4.0,4.0,7.0
21588,21588,150,22,0,1,0,23,38.0,31.0,31.0,7.0
21589,21589,150,22,10,1,0,23,26.0,20.0,20.0,6.0
21590,21590,150,22,20,1,0,23,7.0,2.0,2.0,5.0
21591,21591,150,22,30,1,0,23,25.0,23.0,23.0,2.0
21592,21592,150,22,40,1,0,23,15.0,15.0,15.0,0.0
21593,21593,150,22,50,1,0,23,16.0,15.0,15.0,1.0
21630,21630,151,5,0,1,0,23,0.0,0.0,0.0,0.0
21631,21631,151,5,10,1,0,23,6.0,1.0,1.0,5.0
21632,21632,151,5,20,1,0,23,11.0,1.0,1.0,10.0
21633,21633,151,5,30,1,0,23,27.0,1.0,1.0,26.0
21634,21634,151,5,40,1,0,23,24.0,6.0,6.0,18.0
21635,21635,151,5,50,1,0,23,59.0,0.0,0.0,59.0
21636,21636,151,6,0,1,0,23,91.0,5.0,5.0,86.0
21637,21637,151,6,10,1,0,23,133.0,33.0,33.0,100.0
21638,21638,151,6,20,1,0,23,180.0,28.0,28.0,152.0
21639,21639,151,6,30,1,0,23,192.0,48.0,48.0,144.0
21640,21640,151,6,40,1,0,23,324.0,73.0,73.0,251.0
21641,21641,151,6,50,1,0,23,343.0,98.0,98.0,245.0
21642,21642,151,7,0,1,0,23,455.0,108.0,108.0,347.0
21643,21643,151,7,10,1,0,23,477.0,136.0,136.0,341.0
21644,21644,151,7,20,1,0,23,602.0,209.0,209.0,393.0
21645,21645,151,7,30,1,0,23,598.0,177.0,177.0,421.0
21646,21646,151,7,40,1,0,23,888.0,304.0,304.0,584.0
21647,21647,151,7,50,1,0,23,1082.0,402.0,402.0,680.0
21648,21648,151,8,0,1,0,23,1199.0,534.0,534.0,665.0
21649,21649,151,8,10,1,0,23,1520.0,645.0,645.0,875.0
21650,21650,151,8,20,1,0,23,1647.0,897.0,897.0,750.0
21651,21651,151,8,30,1,0,23,1458.0,775.0,775.0,683.0
21652,21652,151,8,40,1,0,23,1482.0,884.0,884.0,598.0
21653,21653,151,8,50,1,0,23,1119.0,637.0,637.0,482.0
21654,21654,151,9,0,1,0,23,884.0,498.0,498.0,386.0
21655,21655,151,9,10,1,0,23,732.0,405.0,405.0,327.0
21656,21656,151,9,20,1,0,23,610.0,342.0,342.0,268.0
21657,21657,151,9,30,1,0,23,590.0,314.0,314.0,276.0
21658,21658,151,9,40,1,0,23,469.0,273.0,273.0,196.0
21659,21659,151,9,50,1,0,23,436.0,230.0,230.0,206.0
21660,21660,151,10,0,1,0,23,388.0,190.0,190.0,198.0
21661,21661,151,10,10,1,0,23,346.0,160.0,160.0,186.0
21662,21662,151,10,20,1,0,23,279.0,124.0,124.0,155.0
21663,21663,151,10,30,1,0,23,319.0,176.0,176.0,143.0
21664,21664,151,10,40,1,0,23,274.0,136.0,136.0,138.0
21665,21665,151,10,50,1,0,23,273.0,131.0,131.0,142.0
21666,21666,151,11,0,1,0,23,229.0,118.0,118.0,111.0
21667,21667,151,11,10,1,0,23,250.0,120.0,120.0,130.0
21668,21668,151,11,20,1,0,23,233.0,118.0,118.0,115.0
21669,21669,151,11,30,1,0,23,276.0,141.0,141.0,135.0
21670,21670,151,11,40,1,0,23,243.0,104.0,104.0,139.0
21671,21671,151,11,50,1,0,23,321.0,163.0,163.0,158.0
21672,21672,151,12,0,1,0,23,256.0,113.0,113.0,143.0
21673,21673,151,12,10,1,0,23,271.0,121.0,121.0,150.0
21674,21674,151,12,20,1,0,23,336.0,170.0,170.0,166.0
21675,21675,151,12,30,1,0,23,325.0,166.0,166.0,159.0
21676,21676,151,12,40,1,0,23,321.0,151.0,151.0,170.0
21677,21677,151,12,50,1,0,23,298.0,143.0,143.0,155.0
21678,21678,151,13,0,1,0,23,349.0,192.0,192.0,157.0
21679,21679,151,13,10,1,0,23,283.0,132.0,132.0,151.0
21680,21680,151,13,20,1,0,23,280.0,154.0,154.0,126.0
21681,21681,151,13,30,1,0,23,271.0,129.0,129.0,142.0
21682,21682,151,13,40,1,0,23,311.0,141.0,141.0,170.0
21683,21683,151,13,50,1,0,23,309.0,161.0,161.0,148.0
21684,21684,151,14,0,1,0,23,296.0,146.0,146.0,150.0
21685,21685,151,14,10,1,0,23,323.0,146.0,146.0,177.0
21686,21686,151,14,20,1,0,23,265.0,149.0,149.0,116.0
21687,21687,151,14,30,1,0,23,291.0,130.0,130.0,161.0
21688,21688,151,14,40,1,0,23,297.0,154.0,154.0,143.0
21689,21689,151,14,50,1,0,23,315.0,182.0,182.0,133.0
21690,21690,151,15,0,1,0,23,311.0,179.0,179.0,132.0
21691,21691,151,15,10,1,0,23,260.0,107.0,107.0,153.0
21692,21692,151,15,20,1,0,23,405.0,199.0,199.0,206.0
21693,21693,151,15,30,1,0,23,334.0,136.0,136.0,198.0
21694,21694,151,15,40,1,0,23,409.0,182.0,182.0,227.0
21695,21695,151,15,50,1,0,23,397.0,186.0,186.0,211.0
21696,21696,151,16,0,1,0,23,358.0,174.0,174.0,184.0
21697,21697,151,16,10,1,0,23,381.0,202.0,202.0,179.0
21698,21698,151,16,20,1,0,23,424.0,193.0,193.0,231.0
21699,21699,151,16,30,1,0,23,391.0,164.0,164.0,227.0
21700,21700,151,16,40,1,0,23,480.0,246.0,246.0,234.0
21701,21701,151,16,50,1,0,23,599.0,286.0,286.0,313.0
21702,21702,151,17,0,1,0,23,614.0,199.0,199.0,415.0
21703,21703,151,17,10,1,0,23,861.0,319.0,319.0,542.0
21704,21704,151,17,20,1,0,23,709.0,327.0,327.0,382.0
21705,21705,151,17,30,1,0,23,895.0,424.0,424.0,471.0
21706,21706,151,17,40,1,0,23,974.0,458.0,458.0,516.0
21707,21707,151,17,50,1,0,23,964.0,471.0,471.0,493.0
21708,21708,151,18,0,1,0,23,981.0,507.0,507.0,474.0
21709,21709,151,18,10,1,0,23,987.0,423.0,423.0,564.0
21710,21710,151,18,20,1,0,23,977.0,524.0,524.0,453.0
21711,21711,151,18,30,1,0,23,847.0,488.0,488.0,359.0
21712,21712,151,18,40,1,0,23,757.0,449.0,449.0,308.0
21713,21713,151,18,50,1,0,23,690.0,443.0,443.0,247.0
21714,21714,151,19,0,1,0,23,613.0,386.0,386.0,227.0
21715,21715,151,19,10,1,0,23,457.0,247.0,247.0,210.0
21716,21716,151,19,20,1,0,23,437.0,250.0,250.0,187.0
21717,21717,151,19,30,1,0,23,375.0,192.0,192.0,183.0
21718,21718,151,19,40,1,0,23,333.0,177.0,177.0,156.0
21719,21719,151,19,50,1,0,23,320.0,186.0,186.0,134.0
21720,21720,151,20,0,1,0,23,274.0,132.0,132.0,142.0
21721,21721,151,20,10,1,0,23,281.0,155.0,155.0,126.0
21722,21722,151,20,20,1,0,23,295.0,130.0,130.0,165.0
21723,21723,151,20,30,1,0,23,248.0,131.0,131.0,117.0
21724,21724,151,20,40,1,0,23,264.0,140.0,140.0,124.0
21725,21725,151,20,50,1,0,23,260.0,129.0,129.0,131.0
21726,21726,151,21,0,1,0,23,297.0,113.0,113.0,184.0
21727,21727,151,21,10,1,0,23,358.0,166.0,166.0,192.0
21728,21728,151,21,20,1,0,23,345.0,150.0,150.0,195.0
21729,21729,151,21,30,1,0,23,252.0,112.0,112.0,140.0
21730,21730,151,21,40,1,0,23,249.0,102.0,102.0,147.0
21731,21731,151,21,50,1,0,23,256.0,163.0,163.0,93.0
21732,21732,151,22,0,1,0,23,222.0,128.0,128.0,94.0
21733,21733,151,22,10,1,0,23,203.0,117.0,117.0,86.0
21734,21734,151,22,20,1,0,23,135.0,99.0,99.0,36.0
21735,21735,151,22,30,1,0,23,116.0,83.0,83.0,33.0
21736,21736,151,22,40,1,0,23,107.0,81.0,81.0,26.0
21737,21737,151,22,50,1,0,23,76.0,66.0,66.0,10.0
21774,21774,152,5,0,1,0,23,0.0,0.0,0.0,0.0
21775,21775,152,5,10,1,0,23,1.0,0.0,0.0,1.0
21776,21776,152,5,20,1,0,23,2.0,0.0,0.0,2.0
21777,21777,152,5,30,1,0,23,3.0,1.0,1.0,2.0
21778,21778,152,5,40,1,0,23,1.0,0.0,0.0,1.0
21779,21779,152,5,50,1,0,23,4.0,0.0,0.0,4.0
21780,21780,152,6,0,1,0,23,13.0,1.0,1.0,12.0
21781,21781,152,6,10,1,0,23,21.0,3.0,3.0,18.0
21782,21782,152,6,20,1,0,23,44.0,25.0,25.0,19.0
21783,21783,152,6,30,1,0,23,23.0,2.0,2.0,21.0
21784,21784,152,6,40,1,0,23,78.0,39.0,39.0,39.0
21785,21785,152,6,50,1,0,23,97.0,44.0,44.0,53.0
21786,21786,152,7,0,1,0,23,133.0,71.0,71.0,62.0
21787,21787,152,7,10,1,0,23,154.0,75.0,75.0,79.0
21788,21788,152,7,20,1,0,23,99.0,40.0,40.0,59.0
21789,21789,152,7,30,1,0,23,220.0,118.0,118.0,102.0
21790,21790,152,7,40,1,0,23,243.0,101.0,101.0,142.0
21791,21791,152,7,50,1,0,23,255.0,107.0,107.0,148.0
21792,21792,152,8,0,1,0,23,337.0,166.0,166.0,171.0
21793,21793,152,8,10,1,0,23,327.0,167.0,167.0,160.0
21794,21794,152,8,20,1,0,23,523.0,378.0,378.0,145.0
21795,21795,152,8,30,1,0,23,587.0,425.0,425.0,162.0
21796,21796,152,8,40,1,0,23,542.0,406.0,406.0,136.0
21797,21797,152,8,50,1,0,23,486.0,378.0,378.0,108.0
21798,21798,152,9,0,1,0,23,345.0,243.0,243.0,102.0
21799,21799,152,9,10,1,0,23,336.0,239.0,239.0,97.0
21800,21800,152,9,20,1,0,23,286.0,212.0,212.0,74.0
21801,21801,152,9,30,1,0,23,192.0,124.0,124.0,68.0
21802,21802,152,9,40,1,0,23,179.0,123.0,123.0,56.0
21803,21803,152,9,50,1,0,23,165.0,114.0,114.0,51.0
21804,21804,152,10,0,1,0,23,107.0,59.0,59.0,48.0
21805,21805,152,10,10,1,0,23,120.0,81.0,81.0,39.0
21806,21806,152,10,20,1,0,23,82.0,48.0,48.0,34.0
21807,21807,152,10,30,1,0,23,77.0,34.0,34.0,43.0
21808,21808,152,10,40,1,0,23,88.0,59.0,59.0,29.0
21809,21809,152,10,50,1,0,23,106.0,58.0,58.0,48.0
21810,21810,152,11,0,1,0,23,66.0,42.0,42.0,24.0
21811,21811,152,11,10,1,0,23,69.0,33.0,33.0,36.0
21812,21812,152,11,20,1,0,23,84.0,56.0,56.0,28.0
21813,21813,152,11,30,1,0,23,78.0,36.0,36.0,42.0
21814,21814,152,11,40,1,0,23,77.0,38.0,38.0,39.0
21815,21815,152,11,50,1,0,23,96.0,59.0,59.0,37.0
21816,21816,152,12,0,1,0,23,101.0,35.0,35.0,66.0
21817,21817,152,12,10,1,0,23,82.0,35.0,35.0,47.0
21818,21818,152,12,20,1,0,23,80.0,30.0,30.0,50.0
21819,21819,152,12,30,1,0,23,106.0,51.0,51.0,55.0
21820,21820,152,12,40,1,0,23,90.0,27.0,27.0,63.0
21821,21821,152,12,50,1,0,23,89.0,38.0,38.0,51.0
21822,21822,152,13,0,1,0,23,90.0,42.0,42.0,48.0
21823,21823,152,13,10,1,0,23,103.0,61.0,61.0,42.0
21824,21824,152,13,20,1,0,23,134.0,74.0,74.0,60.0
21825,21825,152,13,30,1,0,23,91.0,38.0,38.0,53.0
21826,21826,152,13,40,1,0,23,134.0,82.0,82.0,52.0
21827,21827,152,13,50,1,0,23,70.0,29.0,29.0,41.0
21828,21828,152,14,0,1,0,23,85.0,39.0,39.0,46.0
21829,21829,152,14,10,1,0,23,126.0,85.0,85.0,41.0
21830,21830,152,14,20,1,0,23,79.0,32.0,32.0,47.0
21831,21831,152,14,30,1,0,23,117.0,72.0,72.0,45.0
21832,21832,152,14,40,1,0,23,57.0,19.0,19.0,38.0
21833,21833,152,14,50,1,0,23,140.0,54.0,54.0,86.0
21834,21834,152,15,0,1,0,23,108.0,51.0,51.0,57.0
21835,21835,152,15,10,1,0,23,82.0,28.0,28.0,54.0
21836,21836,152,15,20,1,0,23,130.0,76.0,76.0,54.0
21837,21837,152,15,30,1,0,23,106.0,46.0,46.0,60.0
21838,21838,152,15,40,1,0,23,113.0,61.0,61.0,52.0
21839,21839,152,15,50,1,0,23,99.0,33.0,33.0,66.0
21840,21840,152,16,0,1,0,23,165.0,70.0,70.0,95.0
21841,21841,152,16,10,1,0,23,152.0,54.0,54.0,98.0
21842,21842,152,16,20,1,0,23,111.0,44.0,44.0,67.0
21843,21843,152,16,30,1,0,23,166.0,66.0,66.0,100.0
21844,21844,152,16,40,1,0,23,146.0,52.0,52.0,94.0
21845,21845,152,16,50,1,0,23,158.0,72.0,72.0,86.0
21846,21846,152,17,0,1,0,23,184.0,68.0,68.0,116.0
21847,21847,152,17,10,1,0,23,292.0,80.0,80.0,212.0
21848,21848,152,17,20,1,0,23,236.0,87.0,87.0,149.0
21849,21849,152,17,30,1,0,23,260.0,110.0,110.0,150.0
21850,21850,152,17,40,1,0,23,276.0,51.0,51.0,225.0
21851,21851,152,17,50,1,0,23,387.0,169.0,169.0,218.0
21852,21852,152,18,0,1,0,23,292.0,111.0,111.0,181.0
21853,21853,152,18,10,1,0,23,547.0,136.0,136.0,411.0
21854,21854,152,18,20,1,0,23,429.0,150.0,150.0,279.0
21855,21855,152,18,30,1,0,23,373.0,155.0,155.0,218.0
21856,21856,152,18,40,1,0,23,297.0,116.0,116.0,181.0
21857,21857,152,18,50,1,0,23,257.0,115.0,115.0,142.0
21858,21858,152,19,0,1,0,23,192.0,113.0,113.0,79.0
21859,21859,152,19,10,1,0,23,192.0,83.0,83.0,109.0
21860,21860,152,19,20,1,0,23,183.0,87.0,87.0,96.0
21861,21861,152,19,30,1,0,23,142.0,70.0,70.0,72.0
21862,21862,152,19,40,1,0,23,141.0,70.0,70.0,71.0
21863,21863,152,19,50,1,0,23,111.0,50.0,50.0,61.0
21864,21864,152,20,0,1,0,23,93.0,50.0,50.0,43.0
21865,21865,152,20,10,1,0,23,107.0,45.0,45.0,62.0
21866,21866,152,20,20,1,0,23,102.0,47.0,47.0,55.0
21867,21867,152,20,30,1,0,23,106.0,51.0,51.0,55.0
21868,21868,152,20,40,1,0,23,88.0,18.0,18.0,70.0
21869,21869,152,20,50,1,0,23,104.0,54.0,54.0,50.0
21870,21870,152,21,0,1,0,23,94.0,21.0,21.0,73.0
21871,21871,152,21,10,1,0,23,117.0,52.0,52.0,65.0
21872,21872,152,21,20,1,0,23,82.0,44.0,44.0,38.0
21873,21873,152,21,30,1,0,23,58.0,28.0,28.0,30.0
21874,21874,152,21,40,1,0,23,66.0,34.0,34.0,32.0
21875,21875,152,21,50,1,0,23,62.0,36.0,36.0,26.0
21876,21876,152,22,0,1,0,23,65.0,24.0,24.0,41.0
21877,21877,152,22,10,1,0,23,59.0,27.0,27.0,32.0
21878,21878,152,22,20,1,0,23,53.0,39.0,39.0,14.0
21879,21879,152,22,30,1,0,23,24.0,19.0,19.0,5.0
21880,21880,152,22,40,1,0,23,31.0,31.0,31.0,0.0
21881,21881,152,22,50,1,0,23,21.0,21.0,21.0,0.0
21918,21918,153,5,0,1,0,23,0.0,0.0,0.0,0.0
21919,21919,153,5,10,1,0,23,0.0,0.0,0.0,0.0
21920,21920,153,5,20,1,0,23,0.0,0.0,0.0,0.0
21921,21921,153,5,30,1,0,23,9.0,0.0,0.0,9.0
21922,21922,153,5,40,1,0,23,19.0,0.0,0.0,19.0
21923,21923,153,5,50,1,0,23,41.0,4.0,4.0,37.0
21924,21924,153,6,0,1,0,23,60.0,12.0,12.0,48.0
21925,21925,153,6,10,1,0,23,53.0,12.0,12.0,41.0
21926,21926,153,6,20,1,0,23,88.0,15.0,15.0,73.0
21927,21927,153,6,30,1,0,23,157.0,63.0,63.0,94.0
21928,21928,153,6,40,1,0,23,236.0,70.0,70.0,166.0
21929,21929,153,6,50,1,0,23,296.0,116.0,116.0,180.0
21930,21930,153,7,0,1,0,23,367.0,153.0,153.0,214.0
21931,21931,153,7,10,1,0,23,461.0,199.0,199.0,262.0
21932,21932,153,7,20,1,0,23,464.0,164.0,164.0,300.0
21933,21933,153,7,30,1,0,23,536.0,198.0,198.0,338.0
21934,21934,153,7,40,1,0,23,603.0,247.0,247.0,356.0
21935,21935,153,7,50,1,0,23,529.0,209.0,209.0,320.0
21936,21936,153,8,0,1,0,23,506.0,211.0,211.0,295.0
21937,21937,153,8,10,1,0,23,541.0,262.0,262.0,279.0
21938,21938,153,8,20,1,0,23,545.0,279.0,279.0,266.0
21939,21939,153,8,30,1,0,23,391.0,148.0,148.0,243.0
21940,21940,153,8,40,1,0,23,595.0,347.0,347.0,248.0
21941,21941,153,8,50,1,0,23,411.0,198.0,198.0,213.0
21942,21942,153,9,0,1,0,23,327.0,134.0,134.0,193.0
21943,21943,153,9,10,1,0,23,360.0,183.0,183.0,177.0
21944,21944,153,9,20,1,0,23,277.0,119.0,119.0,158.0
21945,21945,153,9,30,1,0,23,255.0,131.0,131.0,124.0
21946,21946,153,9,40,1,0,23,174.0,65.0,65.0,109.0
21947,21947,153,9,50,1,0,23,267.0,144.0,144.0,123.0
21948,21948,153,10,0,1,0,23,164.0,69.0,69.0,95.0
21949,21949,153,10,10,1,0,23,181.0,72.0,72.0,109.0
21950,21950,153,10,20,1,0,23,191.0,78.0,78.0,113.0
21951,21951,153,10,30,1,0,23,130.0,50.0,50.0,80.0
21952,21952,153,10,40,1,0,23,157.0,69.0,69.0,88.0
21953,21953,153,10,50,1,0,23,164.0,75.0,75.0,89.0
21954,21954,153,11,0,1,0,23,131.0,46.0,46.0,85.0
21955,21955,153,11,10,1,0,23,132.0,65.0,65.0,67.0
21956,21956,153,11,20,1,0,23,163.0,54.0,54.0,109.0
21957,21957,153,11,30,1,0,23,159.0,52.0,52.0,107.0
21958,21958,153,11,40,1,0,23,196.0,77.0,77.0,119.0
21959,21959,153,11,50,1,0,23,166.0,50.0,50.0,116.0
21960,21960,153,12,0,1,0,23,209.0,95.0,95.0,114.0
21961,21961,153,12,10,1,0,23,163.0,47.0,47.0,116.0
21962,21962,153,12,20,1,0,23,226.0,107.0,107.0,119.0
21963,21963,153,12,30,1,0,23,160.0,45.0,45.0,115.0
21964,21964,153,12,40,1,0,23,189.0,62.0,62.0,127.0
21965,21965,153,12,50,1,0,23,231.0,114.0,114.0,117.0
21966,21966,153,13,0,1,0,23,133.0,56.0,56.0,77.0
21967,21967,153,13,10,1,0,23,208.0,113.0,113.0,95.0
21968,21968,153,13,20,1,0,23,164.0,60.0,60.0,104.0
21969,21969,153,13,30,1,0,23,185.0,102.0,102.0,83.0
21970,21970,153,13,40,1,0,23,156.0,70.0,70.0,86.0
21971,21971,153,13,50,1,0,23,155.0,89.0,89.0,66.0
21972,21972,153,14,0,1,0,23,185.0,93.0,93.0,92.0
21973,21973,153,14,10,1,0,23,128.0,41.0,41.0,87.0
21974,21974,153,14,20,1,0,23,193.0,103.0,103.0,90.0
21975,21975,153,14,30,1,0,23,124.0,60.0,60.0,64.0
21976,21976,153,14,40,1,0,23,215.0,83.0,83.0,132.0
21977,21977,153,14,50,1,0,23,205.0,53.0,53.0,152.0
21978,21978,153,15,0,1,0,23,252.0,103.0,103.0,149.0
21979,21979,153,15,10,1,0,23,241.0,107.0,107.0,134.0
21980,21980,153,15,20,1,0,23,213.0,66.0,66.0,147.0
21981,21981,153,15,30,1,0,23,266.0,133.0,133.0,133.0
21982,21982,153,15,40,1,0,23,218.0,95.0,95.0,123.0
21983,21983,153,15,50,1,0,23,250.0,131.0,131.0,119.0
21984,21984,153,16,0,1,0,23,221.0,78.0,78.0,143.0
21985,21985,153,16,10,1,0,23,345.0,139.0,139.0,206.0
21986,21986,153,16,20,1,0,23,309.0,95.0,95.0,214.0
21987,21987,153,16,30,1,0,23,317.0,133.0,133.0,184.0
21988,21988,153,16,40,1,0,23,320.0,91.0,91.0,229.0
21989,21989,153,16,50,1,0,23,325.0,113.0,113.0,212.0
21990,21990,153,17,0,1,0,23,471.0,221.0,221.0,250.0
21991,21991,153,17,10,1,0,23,454.0,188.0,188.0,266.0
21992,21992,153,17,20,1,0,23,480.0,239.0,239.0,241.0
21993,21993,153,17,30,1,0,23,449.0,223.0,223.0,226.0
21994,21994,153,17,40,1,0,23,530.0,276.0,276.0,254.0
21995,21995,153,17,50,1,0,23,464.0,253.0,253.0,211.0
21996,21996,153,18,0,1,0,23,499.0,313.0,313.0,186.0
21997,21997,153,18,10,1,0,23,465.0,310.0,310.0,155.0
21998,21998,153,18,20,1,0,23,489.0,342.0,342.0,147.0
21999,21999,153,18,30,1,0,23,455.0,312.0,312.0,143.0
22000,22000,153,18,40,1,0,23,443.0,320.0,320.0,123.0
22001,22001,153,18,50,1,0,23,424.0,324.0,324.0,100.0
22002,22002,153,19,0,1,0,23,356.0,264.0,264.0,92.0
22003,22003,153,19,10,1,0,23,281.0,196.0,196.0,85.0
22004,22004,153,19,20,1,0,23,273.0,183.0,183.0,90.0
22005,22005,153,19,30,1,0,23,244.0,168.0,168.0,76.0
22006,22006,153,19,40,1,0,23,202.0,129.0,129.0,73.0
22007,22007,153,19,50,1,0,23,199.0,126.0,126.0,73.0
22008,22008,153,20,0,1,0,23,168.0,103.0,103.0,65.0
22009,22009,153,20,10,1,0,23,182.0,111.0,111.0,71.0
22010,22010,153,20,20,1,0,23,228.0,130.0,130.0,98.0
22011,22011,153,20,30,1,0,23,140.0,52.0,52.0,88.0
22012,22012,153,20,40,1,0,23,257.0,130.0,130.0,127.0
22013,22013,153,20,50,1,0,23,175.0,95.0,95.0,80.0
22014,22014,153,21,0,1,0,23,170.0,102.0,102.0,68.0
22015,22015,153,21,10,1,0,23,138.0,77.0,77.0,61.0
22016,22016,153,21,20,1,0,23,213.0,146.0,146.0,67.0
22017,22017,153,21,30,1,0,23,102.0,57.0,57.0,45.0
22018,22018,153,21,40,1,0,23,198.0,134.0,134.0,64.0
22019,22019,153,21,50,1,0,23,110.0,79.0,79.0,31.0
22020,22020,153,22,0,1,0,23,92.0,58.0,58.0,34.0
22021,22021,153,22,10,1,0,23,106.0,74.0,74.0,32.0
22022,22022,153,22,20,1,0,23,102.0,82.0,82.0,20.0
22023,22023,153,22,30,1,0,23,73.0,57.0,57.0,16.0
22024,22024,153,22,40,1,0,23,105.0,90.0,90.0,15.0
22025,22025,153,22,50,1,0,23,92.0,84.0,84.0,8.0
22062,22062,154,5,0,1,0,23,0.0,0.0,0.0,0.0
22063,22063,154,5,10,1,0,23,0.0,0.0,0.0,0.0
22064,22064,154,5,20,1,0,23,0.0,0.0,0.0,0.0
22065,22065,154,5,30,1,0,23,17.0,2.0,2.0,15.0
22066,22066,154,5,40,1,0,23,36.0,0.0,0.0,36.0
22067,22067,154,5,50,1,0,23,37.0,2.0,2.0,35.0
22068,22068,154,6,0,1,0,23,90.0,17.0,17.0,73.0
22069,22069,154,6,10,1,0,23,79.0,7.0,7.0,72.0
22070,22070,154,6,20,1,0,23,136.0,16.0,16.0,120.0
22071,22071,154,6,30,1,0,23,163.0,24.0,24.0,139.0
22072,22072,154,6,40,1,0,23,324.0,73.0,73.0,251.0
22073,22073,154,6,50,1,0,23,371.0,71.0,71.0,300.0
22074,22074,154,7,0,1,0,23,460.0,98.0,98.0,362.0
22075,22075,154,7,10,1,0,23,619.0,153.0,153.0,466.0
22076,22076,154,7,20,1,0,23,728.0,180.0,180.0,548.0
22077,22077,154,7,30,1,0,23,748.0,218.0,218.0,530.0
22078,22078,154,7,40,1,0,23,891.0,272.0,272.0,619.0
22079,22079,154,7,50,1,0,23,842.0,292.0,292.0,550.0
22080,22080,154,8,0,1,0,23,975.0,393.0,393.0,582.0
22081,22081,154,8,10,1,0,23,1043.0,505.0,505.0,538.0
22082,22082,154,8,20,1,0,23,813.0,338.0,338.0,475.0
22083,22083,154,8,30,1,0,23,1062.0,667.0,667.0,395.0
22084,22084,154,8,40,1,0,23,1002.0,620.0,620.0,382.0
22085,22085,154,8,50,1,0,23,1004.0,665.0,665.0,339.0
22086,22086,154,9,0,1,0,23,550.0,298.0,298.0,252.0
22087,22087,154,9,10,1,0,23,639.0,411.0,411.0,228.0
22088,22088,154,9,20,1,0,23,608.0,399.0,399.0,209.0
22089,22089,154,9,30,1,0,23,390.0,214.0,214.0,176.0
22090,22090,154,9,40,1,0,23,273.0,115.0,115.0,158.0
22091,22091,154,9,50,1,0,23,301.0,203.0,203.0,98.0
22092,22092,154,10,0,1,0,23,241.0,101.0,101.0,140.0
22093,22093,154,10,10,1,0,23,200.0,88.0,88.0,112.0
22094,22094,154,10,20,1,0,23,212.0,111.0,111.0,101.0
22095,22095,154,10,30,1,0,23,201.0,94.0,94.0,107.0
22096,22096,154,10,40,1,0,23,150.0,46.0,46.0,104.0
22097,22097,154,10,50,1,0,23,202.0,100.0,100.0,102.0
22098,22098,154,11,0,1,0,23,155.0,68.0,68.0,87.0
22099,22099,154,11,10,1,0,23,188.0,82.0,82.0,106.0
22100,22100,154,11,20,1,0,23,170.0,88.0,88.0,82.0
22101,22101,154,11,30,1,0,23,158.0,59.0,59.0,99.0
22102,22102,154,11,40,1,0,23,230.0,111.0,111.0,119.0
22103,22103,154,11,50,1,0,23,214.0,72.0,72.0,142.0
22104,22104,154,12,0,1,0,23,230.0,86.0,86.0,144.0
22105,22105,154,12,10,1,0,23,210.0,68.0,68.0,142.0
22106,22106,154,12,20,1,0,23,209.0,75.0,75.0,134.0
22107,22107,154,12,30,1,0,23,217.0,101.0,101.0,116.0
22108,22108,154,12,40,1,0,23,223.0,92.0,92.0,131.0
22109,22109,154,12,50,1,0,23,282.0,153.0,153.0,129.0
22110,22110,154,13,0,1,0,23,199.0,75.0,75.0,124.0
22111,22111,154,13,10,1,0,23,203.0,89.0,89.0,114.0
22112,22112,154,13,20,1,0,23,215.0,127.0,127.0,88.0
22113,22113,154,13,30,1,0,23,163.0,65.0,65.0,98.0
22114,22114,154,13,40,1,0,23,237.0,122.0,122.0,115.0
22115,22115,154,13,50,1,0,23,217.0,91.0,91.0,126.0
22116,22116,154,14,0,1,0,23,236.0,133.0,133.0,103.0
22117,22117,154,14,10,1,0,23,176.0,75.0,75.0,101.0
22118,22118,154,14,20,1,0,23,207.0,96.0,96.0,111.0
22119,22119,154,14,30,1,0,23,219.0,95.0,95.0,124.0
22120,22120,154,14,40,1,0,23,213.0,89.0,89.0,124.0
22121,22121,154,14,50,1,0,23,274.0,160.0,160.0,114.0
22122,22122,154,15,0,1,0,23,205.0,95.0,95.0,110.0
22123,22123,154,15,10,1,0,23,288.0,153.0,153.0,135.0
22124,22124,154,15,20,1,0,23,240.0,99.0,99.0,141.0
22125,22125,154,15,30,1,0,23,267.0,136.0,136.0,131.0
22126,22126,154,15,40,1,0,23,238.0,126.0,126.0,112.0
22127,22127,154,15,50,1,0,23,230.0,88.0,88.0,142.0
22128,22128,154,16,0,1,0,23,296.0,160.0,160.0,136.0
22129,22129,154,16,10,1,0,23,292.0,123.0,123.0,169.0
22130,22130,154,16,20,1,0,23,308.0,150.0,150.0,158.0
22131,22131,154,16,30,1,0,23,351.0,171.0,171.0,180.0
22132,22132,154,16,40,1,0,23,329.0,143.0,143.0,186.0
22133,22133,154,16,50,1,0,23,348.0,143.0,143.0,205.0
22134,22134,154,17,0,1,0,23,525.0,249.0,249.0,276.0
22135,22135,154,17,10,1,0,23,610.0,216.0,216.0,394.0
22136,22136,154,17,20,1,0,23,650.0,293.0,293.0,357.0
22137,22137,154,17,30,1,0,23,655.0,294.0,294.0,361.0
22138,22138,154,17,40,1,0,23,809.0,413.0,413.0,396.0
22139,22139,154,17,50,1,0,23,577.0,266.0,266.0,311.0
22140,22140,154,18,0,1,0,23,550.0,305.0,305.0,245.0
22141,22141,154,18,10,1,0,23,923.0,524.0,524.0,399.0
22142,22142,154,18,20,1,0,23,587.0,332.0,332.0,255.0
22143,22143,154,18,30,1,0,23,681.0,447.0,447.0,234.0
22144,22144,154,18,40,1,0,23,469.0,262.0,262.0,207.0
22145,22145,154,18,50,1,0,23,617.0,464.0,464.0,153.0
22146,22146,154,19,0,1,0,23,426.0,276.0,276.0,150.0
22147,22147,154,19,10,1,0,23,488.0,380.0,380.0,108.0
22148,22148,154,19,20,1,0,23,275.0,165.0,165.0,110.0
22149,22149,154,19,30,1,0,23,373.0,284.0,284.0,89.0
22150,22150,154,19,40,1,0,23,247.0,165.0,165.0,82.0
22151,22151,154,19,50,1,0,23,243.0,148.0,148.0,95.0
22152,22152,154,20,0,1,0,23,180.0,109.0,109.0,71.0
22153,22153,154,20,10,1,0,23,182.0,77.0,77.0,105.0
22154,22154,154,20,20,1,0,23,278.0,193.0,193.0,85.0
22155,22155,154,20,30,1,0,23,190.0,114.0,114.0,76.0
22156,22156,154,20,40,1,0,23,155.0,71.0,71.0,84.0
22157,22157,154,20,50,1,0,23,246.0,177.0,177.0,69.0
22158,22158,154,21,0,1,0,23,156.0,90.0,90.0,66.0
22159,22159,154,21,10,1,0,23,151.0,87.0,87.0,64.0
22160,22160,154,21,20,1,0,23,234.0,147.0,147.0,87.0
22161,22161,154,21,30,1,0,23,168.0,92.0,92.0,76.0
22162,22162,154,21,40,1,0,23,168.0,95.0,95.0,73.0
22163,22163,154,21,50,1,0,23,201.0,135.0,135.0,66.0
22164,22164,154,22,0,1,0,23,145.0,85.0,85.0,60.0
22165,22165,154,22,10,1,0,23,109.0,65.0,65.0,44.0
22166,22166,154,22,20,1,0,23,96.0,67.0,67.0,29.0
22167,22167,154,22,30,1,0,23,134.0,109.0,109.0,25.0
22168,22168,154,22,40,1,0,23,87.0,69.0,69.0,18.0
22169,22169,154,22,50,1,0,23,86.0,72.0,72.0,14.0
22206,22206,155,5,0,1,0,23,0.0,0.0,0.0,0.0
22207,22207,155,5,10,1,0,23,0.0,0.0,0.0,0.0
22208,22208,155,5,20,1,0,23,0.0,0.0,0.0,0.0
22209,22209,155,5,30,1,0,23,3.0,0.0,0.0,3.0
22210,22210,155,5,40,1,0,23,18.0,0.0,0.0,18.0
22211,22211,155,5,50,1,0,23,35.0,6.0,6.0,29.0
22212,22212,155,6,0,1,0,23,34.0,4.0,4.0,30.0
22213,22213,155,6,10,1,0,23,37.0,9.0,9.0,28.0
22214,22214,155,6,20,1,0,23,67.0,13.0,13.0,54.0
22215,22215,155,6,30,1,0,23,105.0,27.0,27.0,78.0
22216,22216,155,6,40,1,0,23,125.0,41.0,41.0,84.0
22217,22217,155,6,50,1,0,23,184.0,58.0,58.0,126.0
22218,22218,155,7,0,1,0,23,222.0,106.0,106.0,116.0
22219,22219,155,7,10,1,0,23,236.0,81.0,81.0,155.0
22220,22220,155,7,20,1,0,23,388.0,222.0,222.0,166.0
22221,22221,155,7,30,1,0,23,328.0,147.0,147.0,181.0
22222,22222,155,7,40,1,0,23,392.0,207.0,207.0,185.0
22223,22223,155,7,50,1,0,23,420.0,223.0,223.0,197.0
22224,22224,155,8,0,1,0,23,457.0,253.0,253.0,204.0
22225,22225,155,8,10,1,0,23,539.0,300.0,300.0,239.0
22226,22226,155,8,20,1,0,23,479.0,267.0,267.0,212.0
22227,22227,155,8,30,1,0,23,788.0,585.0,585.0,203.0
22228,22228,155,8,40,1,0,23,765.0,589.0,589.0,176.0
22229,22229,155,8,50,1,0,23,631.0,461.0,461.0,170.0
22230,22230,155,9,0,1,0,23,437.0,307.0,307.0,130.0
22231,22231,155,9,10,1,0,23,534.0,391.0,391.0,143.0
22232,22232,155,9,20,1,0,23,373.0,243.0,243.0,130.0
22233,22233,155,9,30,1,0,23,264.0,166.0,166.0,98.0
22234,22234,155,9,40,1,0,23,221.0,142.0,142.0,79.0
22235,22235,155,9,50,1,0,23,262.0,163.0,163.0,99.0
22236,22236,155,10,0,1,0,23,185.0,98.0,98.0,87.0
22237,22237,155,10,10,1,0,23,168.0,95.0,95.0,73.0
22238,22238,155,10,20,1,0,23,142.0,73.0,73.0,69.0
22239,22239,155,10,30,1,0,23,152.0,83.0,83.0,69.0
22240,22240,155,10,40,1,0,23,132.0,84.0,84.0,48.0
22241,22241,155,10,50,1,0,23,148.0,75.0,75.0,73.0
22242,22242,155,11,0,1,0,23,142.0,74.0,74.0,68.0
22243,22243,155,11,10,1,0,23,133.0,61.0,61.0,72.0
22244,22244,155,11,20,1,0,23,192.0,95.0,95.0,97.0
22245,22245,155,11,30,1,0,23,136.0,70.0,70.0,66.0
22246,22246,155,11,40,1,0,23,173.0,91.0,91.0,82.0
22247,22247,155,11,50,1,0,23,185.0,81.0,81.0,104.0
22248,22248,155,12,0,1,0,23,177.0,93.0,93.0,84.0
22249,22249,155,12,10,1,0,23,156.0,84.0,84.0,72.0
22250,22250,155,12,20,1,0,23,124.0,52.0,52.0,72.0
22251,22251,155,12,30,1,0,23,191.0,108.0,108.0,83.0
22252,22252,155,12,40,1,0,23,145.0,64.0,64.0,81.0
22253,22253,155,12,50,1,0,23,157.0,80.0,80.0,77.0
22254,22254,155,13,0,1,0,23,144.0,74.0,74.0,70.0
22255,22255,155,13,10,1,0,23,157.0,76.0,76.0,81.0
22256,22256,155,13,20,1,0,23,154.0,65.0,65.0,89.0
22257,22257,155,13,30,1,0,23,143.0,62.0,62.0,81.0
22258,22258,155,13,40,1,0,23,158.0,85.0,85.0,73.0
22259,22259,155,13,50,1,0,23,166.0,61.0,61.0,105.0
22260,22260,155,14,0,1,0,23,145.0,74.0,74.0,71.0
22261,22261,155,14,10,1,0,23,130.0,67.0,67.0,63.0
22262,22262,155,14,20,1,0,23,159.0,93.0,93.0,66.0
22263,22263,155,14,30,1,0,23,180.0,103.0,103.0,77.0
22264,22264,155,14,40,1,0,23,129.0,43.0,43.0,86.0
22265,22265,155,14,50,1,0,23,189.0,98.0,98.0,91.0
22266,22266,155,15,0,1,0,23,165.0,69.0,69.0,96.0
22267,22267,155,15,10,1,0,23,190.0,65.0,65.0,125.0
22268,22268,155,15,20,1,0,23,208.0,91.0,91.0,117.0
22269,22269,155,15,30,1,0,23,152.0,49.0,49.0,103.0
22270,22270,155,15,40,1,0,23,236.0,131.0,131.0,105.0
22271,22271,155,15,50,1,0,23,158.0,48.0,48.0,110.0
22272,22272,155,16,0,1,0,23,241.0,108.0,108.0,133.0
22273,22273,155,16,10,1,0,23,187.0,58.0,58.0,129.0
22274,22274,155,16,20,1,0,23,214.0,105.0,105.0,109.0
22275,22275,155,16,30,1,0,23,234.0,102.0,102.0,132.0
22276,22276,155,16,40,1,0,23,284.0,71.0,71.0,213.0
22277,22277,155,16,50,1,0,23,275.0,99.0,99.0,176.0
22278,22278,155,17,0,1,0,23,414.0,95.0,95.0,319.0
22279,22279,155,17,10,1,0,23,436.0,121.0,121.0,315.0
22280,22280,155,17,20,1,0,23,377.0,148.0,148.0,229.0
22281,22281,155,17,30,1,0,23,508.0,163.0,163.0,345.0
22282,22282,155,17,40,1,0,23,554.0,160.0,160.0,394.0
22283,22283,155,17,50,1,0,23,493.0,199.0,199.0,294.0
22284,22284,155,18,0,1,0,23,467.0,164.0,164.0,303.0
22285,22285,155,18,10,1,0,23,531.0,181.0,181.0,350.0
22286,22286,155,18,20,1,0,23,453.0,170.0,170.0,283.0
22287,22287,155,18,30,1,0,23,366.0,160.0,160.0,206.0
22288,22288,155,18,40,1,0,23,342.0,180.0,180.0,162.0
22289,22289,155,18,50,1,0,23,303.0,153.0,153.0,150.0
22290,22290,155,19,0,1,0,23,226.0,111.0,111.0,115.0
22291,22291,155,19,10,1,0,23,265.0,123.0,123.0,142.0
22292,22292,155,19,20,1,0,23,209.0,98.0,98.0,111.0
22293,22293,155,19,30,1,0,23,220.0,101.0,101.0,119.0
22294,22294,155,19,40,1,0,23,144.0,71.0,71.0,73.0
22295,22295,155,19,50,1,0,23,155.0,76.0,76.0,79.0
22296,22296,155,20,0,1,0,23,153.0,66.0,66.0,87.0
22297,22297,155,20,10,1,0,23,156.0,49.0,49.0,107.0
22298,22298,155,20,20,1,0,23,135.0,51.0,51.0,84.0
22299,22299,155,20,30,1,0,23,143.0,51.0,51.0,92.0
22300,22300,155,20,40,1,0,23,118.0,38.0,38.0,80.0
22301,22301,155,20,50,1,0,23,170.0,74.0,74.0,96.0
22302,22302,155,21,0,1,0,23,163.0,52.0,52.0,111.0
22303,22303,155,21,10,1,0,23,130.0,38.0,38.0,92.0
22304,22304,155,21,20,1,0,23,108.0,42.0,42.0,66.0
22305,22305,155,21,30,1,0,23,105.0,60.0,60.0,45.0
22306,22306,155,21,40,1,0,23,88.0,32.0,32.0,56.0
22307,22307,155,21,50,1,0,23,135.0,66.0,66.0,69.0
22308,22308,155,22,0,1,0,23,127.0,62.0,62.0,65.0
22309,22309,155,22,10,1,0,23,114.0,38.0,38.0,76.0
22310,22310,155,22,20,1,0,23,92.0,49.0,49.0,43.0
22311,22311,155,22,30,1,0,23,77.0,44.0,44.0,33.0
22312,22312,155,22,40,1,0,23,53.0,31.0,31.0,22.0
22313,22313,155,22,50,1,0,23,25.0,13.0,13.0,12.0
22350,22350,156,5,0,1,0,23,0.0,0.0,0.0,0.0
22351,22351,156,5,10,1,0,23,0.0,0.0,0.0,0.0
22352,22352,156,5,20,1,0,23,0.0,0.0,0.0,0.0
22353,22353,156,5,30,1,0,23,7.0,0.0,0.0,7.0
22354,22354,156,5,40,1,0,23,9.0,0.0,0.0,9.0
22355,22355,156,5,50,1,0,23,21.0,5.0,5.0,16.0
22356,22356,156,6,0,1,0,23,24.0,5.0,5.0,19.0
22357,22357,156,6,10,1,0,23,41.0,15.0,15.0,26.0
22358,22358,156,6,20,1,0,23,62.0,25.0,25.0,37.0
22359,22359,156,6,30,1,0,23,65.0,28.0,28.0,37.0
22360,22360,156,6,40,1,0,23,92.0,38.0,38.0,54.0
22361,22361,156,6,50,1,0,23,108.0,39.0,39.0,69.0
22362,22362,156,7,0,1,0,23,177.0,76.0,76.0,101.0
22363,22363,156,7,10,1,0,23,189.0,102.0,102.0,87.0
22364,22364,156,7,20,1,0,23,224.0,105.0,105.0,119.0
22365,22365,156,7,30,1,0,23,206.0,84.0,84.0,122.0
22366,22366,156,7,40,1,0,23,293.0,129.0,129.0,164.0
22367,22367,156,7,50,1,0,23,285.0,108.0,108.0,177.0
22368,22368,156,8,0,1,0,23,400.0,211.0,211.0,189.0
22369,22369,156,8,10,1,0,23,552.0,373.0,373.0,179.0
22370,22370,156,8,20,1,0,23,414.0,240.0,240.0,174.0
22371,22371,156,8,30,1,0,23,492.0,336.0,336.0,156.0
22372,22372,156,8,40,1,0,23,756.0,601.0,601.0,155.0
22373,22373,156,8,50,1,0,23,433.0,325.0,325.0,108.0
22374,22374,156,9,0,1,0,23,431.0,341.0,341.0,90.0
22375,22375,156,9,10,1,0,23,359.0,278.0,278.0,81.0
22376,22376,156,9,20,1,0,23,272.0,205.0,205.0,67.0
22377,22377,156,9,30,1,0,23,256.0,185.0,185.0,71.0
22378,22378,156,9,40,1,0,23,168.0,109.0,109.0,59.0
22379,22379,156,9,50,1,0,23,237.0,182.0,182.0,55.0
22380,22380,156,10,0,1,0,23,179.0,119.0,119.0,60.0
22381,22381,156,10,10,1,0,23,134.0,71.0,71.0,63.0
22382,22382,156,10,20,1,0,23,131.0,81.0,81.0,50.0
22383,22383,156,10,30,1,0,23,137.0,76.0,76.0,61.0
22384,22384,156,10,40,1,0,23,95.0,51.0,51.0,44.0
22385,22385,156,10,50,1,0,23,142.0,93.0,93.0,49.0
22386,22386,156,11,0,1,0,23,98.0,58.0,58.0,40.0
22387,22387,156,11,10,1,0,23,88.0,39.0,39.0,49.0
22388,22388,156,11,20,1,0,23,105.0,58.0,58.0,47.0
22389,22389,156,11,30,1,0,23,77.0,43.0,43.0,34.0
22390,22390,156,11,40,1,0,23,99.0,50.0,50.0,49.0
22391,22391,156,11,50,1,0,23,125.0,74.0,74.0,51.0
22392,22392,156,12,0,1,0,23,135.0,67.0,67.0,68.0
22393,22393,156,12,10,1,0,23,115.0,74.0,74.0,41.0
22394,22394,156,12,20,1,0,23,105.0,40.0,40.0,65.0
22395,22395,156,12,30,1,0,23,118.0,46.0,46.0,72.0
22396,22396,156,12,40,1,0,23,161.0,92.0,92.0,69.0
22397,22397,156,12,50,1,0,23,104.0,53.0,53.0,51.0
22398,22398,156,13,0,1,0,23,176.0,102.0,102.0,74.0
22399,22399,156,13,10,1,0,23,124.0,59.0,59.0,65.0
22400,22400,156,13,20,1,0,23,131.0,61.0,61.0,70.0
22401,22401,156,13,30,1,0,23,121.0,49.0,49.0,72.0
22402,22402,156,13,40,1,0,23,125.0,66.0,66.0,59.0
22403,22403,156,13,50,1,0,23,144.0,73.0,73.0,71.0
22404,22404,156,14,0,1,0,23,109.0,47.0,47.0,62.0
22405,22405,156,14,10,1,0,23,125.0,60.0,60.0,65.0
22406,22406,156,14,20,1,0,23,139.0,74.0,74.0,65.0
22407,22407,156,14,30,1,0,23,147.0,64.0,64.0,83.0
22408,22408,156,14,40,1,0,23,111.0,57.0,57.0,54.0
22409,22409,156,14,50,1,0,23,130.0,43.0,43.0,87.0
22410,22410,156,15,0,1,0,23,154.0,76.0,76.0,78.0
22411,22411,156,15,10,1,0,23,127.0,49.0,49.0,78.0
22412,22412,156,15,20,1,0,23,161.0,82.0,82.0,79.0
22413,22413,156,15,30,1,0,23,154.0,50.0,50.0,104.0
22414,22414,156,15,40,1,0,23,143.0,60.0,60.0,83.0
22415,22415,156,15,50,1,0,23,137.0,55.0,55.0,82.0
22416,22416,156,16,0,1,0,23,127.0,62.0,62.0,65.0
22417,22417,156,16,10,1,0,23,158.0,81.0,81.0,77.0
22418,22418,156,16,20,1,0,23,187.0,69.0,69.0,118.0
22419,22419,156,16,30,1,0,23,161.0,56.0,56.0,105.0
22420,22420,156,16,40,1,0,23,215.0,86.0,86.0,129.0
22421,22421,156,16,50,1,0,23,116.0,55.0,55.0,61.0
22422,22422,156,17,0,1,0,23,256.0,138.0,138.0,118.0
22423,22423,156,17,10,1,0,23,240.0,77.0,77.0,163.0
22424,22424,156,17,20,1,0,23,259.0,122.0,122.0,137.0
22425,22425,156,17,30,1,0,23,320.0,139.0,139.0,181.0
22426,22426,156,17,40,1,0,23,368.0,160.0,160.0,208.0
22427,22427,156,17,50,1,0,23,247.0,115.0,115.0,132.0
22428,22428,156,18,0,1,0,23,287.0,123.0,123.0,164.0
22429,22429,156,18,10,1,0,23,303.0,95.0,95.0,208.0
22430,22430,156,18,20,1,0,23,380.0,200.0,200.0,180.0
22431,22431,156,18,30,1,0,23,276.0,125.0,125.0,151.0
22432,22432,156,18,40,1,0,23,304.0,177.0,177.0,127.0
22433,22433,156,18,50,1,0,23,245.0,151.0,151.0,94.0
22434,22434,156,19,0,1,0,23,228.0,112.0,112.0,116.0
22435,22435,156,19,10,1,0,23,197.0,101.0,101.0,96.0
22436,22436,156,19,20,1,0,23,203.0,107.0,107.0,96.0
22437,22437,156,19,30,1,0,23,149.0,73.0,73.0,76.0
22438,22438,156,19,40,1,0,23,137.0,42.0,42.0,95.0
22439,22439,156,19,50,1,0,23,148.0,58.0,58.0,90.0
22440,22440,156,20,0,1,0,23,149.0,55.0,55.0,94.0
22441,22441,156,20,10,1,0,23,158.0,55.0,55.0,103.0
22442,22442,156,20,20,1,0,23,118.0,28.0,28.0,90.0
22443,22443,156,20,30,1,0,23,142.0,60.0,60.0,82.0
22444,22444,156,20,40,1,0,23,148.0,25.0,25.0,123.0
22445,22445,156,20,50,1,0,23,146.0,37.0,37.0,109.0
22446,22446,156,21,0,1,0,23,143.0,45.0,45.0,98.0
22447,22447,156,21,10,1,0,23,122.0,33.0,33.0,89.0
22448,22448,156,21,20,1,0,23,135.0,37.0,37.0,98.0
22449,22449,156,21,30,1,0,23,123.0,30.0,30.0,93.0
22450,22450,156,21,40,1,0,23,113.0,36.0,36.0,77.0
22451,22451,156,21,50,1,0,23,90.0,28.0,28.0,62.0
22452,22452,156,22,0,1,0,23,155.0,52.0,52.0,103.0
22453,22453,156,22,10,1,0,23,109.0,30.0,30.0,79.0
22454,22454,156,22,20,1,0,23,87.0,29.0,29.0,58.0
22455,22455,156,22,30,1,0,23,66.0,26.0,26.0,40.0
22456,22456,156,22,40,1,0,23,38.0,19.0,19.0,19.0
22457,22457,156,22,50,1,0,23,33.0,27.0,27.0,6.0
22494,22494,157,5,0,1,0,23,0.0,0.0,0.0,0.0
22495,22495,157,5,10,1,0,23,1.0,0.0,0.0,1.0
22496,22496,157,5,20,1,0,23,10.0,0.0,0.0,10.0
22497,22497,157,5,30,1,0,23,6.0,0.0,0.0,6.0
22498,22498,157,5,40,1,0,23,5.0,2.0,2.0,3.0
22499,22499,157,5,50,1,0,23,10.0,0.0,0.0,10.0
22500,22500,157,6,0,1,0,23,21.0,6.0,6.0,15.0
22501,22501,157,6,10,1,0,23,34.0,2.0,2.0,32.0
22502,22502,157,6,20,1,0,23,73.0,29.0,29.0,44.0
22503,22503,157,6,30,1,0,23,110.0,41.0,41.0,69.0
22504,22504,157,6,40,1,0,23,144.0,46.0,46.0,98.0
22505,22505,157,6,50,1,0,23,137.0,34.0,34.0,103.0
22506,22506,157,7,0,1,0,23,242.0,129.0,129.0,113.0
22507,22507,157,7,10,1,0,23,339.0,167.0,167.0,172.0
22508,22508,157,7,20,1,0,23,317.0,149.0,149.0,168.0
22509,22509,157,7,30,1,0,23,442.0,247.0,247.0,195.0
22510,22510,157,7,40,1,0,23,578.0,350.0,350.0,228.0
22511,22511,157,7,50,1,0,23,632.0,375.0,375.0,257.0
22512,22512,157,8,0,1,0,23,809.0,528.0,528.0,281.0
22513,22513,157,8,10,1,0,23,1086.0,724.0,724.0,362.0
22514,22514,157,8,20,1,0,23,1009.0,703.0,703.0,306.0
22515,22515,157,8,30,1,0,23,1220.0,900.0,900.0,320.0
22516,22516,157,8,40,1,0,23,1274.0,1013.0,1013.0,261.0
22517,22517,157,8,50,1,0,23,1078.0,860.0,860.0,218.0
22518,22518,157,9,0,1,0,23,752.0,551.0,551.0,201.0
22519,22519,157,9,10,1,0,23,599.0,441.0,441.0,158.0
22520,22520,157,9,20,1,0,23,507.0,349.0,349.0,158.0
22521,22521,157,9,30,1,0,23,395.0,271.0,271.0,124.0
22522,22522,157,9,40,1,0,23,358.0,246.0,246.0,112.0
22523,22523,157,9,50,1,0,23,294.0,198.0,198.0,96.0
22524,22524,157,10,0,1,0,23,208.0,126.0,126.0,82.0
22525,22525,157,10,10,1,0,23,184.0,105.0,105.0,79.0
22526,22526,157,10,20,1,0,23,196.0,105.0,105.0,91.0
22527,22527,157,10,30,1,0,23,157.0,86.0,86.0,71.0
22528,22528,157,10,40,1,0,23,214.0,133.0,133.0,81.0
22529,22529,157,10,50,1,0,23,155.0,90.0,90.0,65.0
22530,22530,157,11,0,1,0,23,156.0,92.0,92.0,64.0
22531,22531,157,11,10,1,0,23,173.0,97.0,97.0,76.0
22532,22532,157,11,20,1,0,23,134.0,64.0,64.0,70.0
22533,22533,157,11,30,1,0,23,156.0,80.0,80.0,76.0
22534,22534,157,11,40,1,0,23,156.0,75.0,75.0,81.0
22535,22535,157,11,50,1,0,23,185.0,84.0,84.0,101.0
22536,22536,157,12,0,1,0,23,212.0,96.0,96.0,116.0
22537,22537,157,12,10,1,0,23,187.0,75.0,75.0,112.0
22538,22538,157,12,20,1,0,23,181.0,98.0,98.0,83.0
22539,22539,157,12,30,1,0,23,203.0,84.0,84.0,119.0
22540,22540,157,12,40,1,0,23,217.0,106.0,106.0,111.0
22541,22541,157,12,50,1,0,23,205.0,85.0,85.0,120.0
22542,22542,157,13,0,1,0,23,215.0,109.0,109.0,106.0
22543,22543,157,13,10,1,0,23,167.0,69.0,69.0,98.0
22544,22544,157,13,20,1,0,23,192.0,103.0,103.0,89.0
22545,22545,157,13,30,1,0,23,187.0,91.0,91.0,96.0
22546,22546,157,13,40,1,0,23,167.0,67.0,67.0,100.0
22547,22547,157,13,50,1,0,23,201.0,103.0,103.0,98.0
22548,22548,157,14,0,1,0,23,143.0,67.0,67.0,76.0
22549,22549,157,14,10,1,0,23,169.0,81.0,81.0,88.0
22550,22550,157,14,20,1,0,23,185.0,79.0,79.0,106.0
22551,22551,157,14,30,1,0,23,192.0,89.0,89.0,103.0
22552,22552,157,14,40,1,0,23,168.0,85.0,85.0,83.0
22553,22553,157,14,50,1,0,23,201.0,82.0,82.0,119.0
22554,22554,157,15,0,1,0,23,199.0,91.0,91.0,108.0
22555,22555,157,15,10,1,0,23,200.0,72.0,72.0,128.0
22556,22556,157,15,20,1,0,23,200.0,71.0,71.0,129.0
22557,22557,157,15,30,1,0,23,218.0,99.0,99.0,119.0
22558,22558,157,15,40,1,0,23,218.0,102.0,102.0,116.0
22559,22559,157,15,50,1,0,23,212.0,88.0,88.0,124.0
22560,22560,157,16,0,1,0,23,209.0,72.0,72.0,137.0
22561,22561,157,16,10,1,0,23,274.0,106.0,106.0,168.0
22562,22562,157,16,20,1,0,23,298.0,134.0,134.0,164.0
22563,22563,157,16,30,1,0,23,297.0,126.0,126.0,171.0
22564,22564,157,16,40,1,0,23,274.0,101.0,101.0,173.0
22565,22565,157,16,50,1,0,23,328.0,112.0,112.0,216.0
22566,22566,157,17,0,1,0,23,432.0,141.0,141.0,291.0
22567,22567,157,17,10,1,0,23,622.0,134.0,134.0,488.0
22568,22568,157,17,20,1,0,23,572.0,181.0,181.0,391.0
22569,22569,157,17,30,1,0,23,615.0,198.0,198.0,417.0
22570,22570,157,17,40,1,0,23,940.0,224.0,224.0,716.0
22571,22571,157,17,50,1,0,23,792.0,203.0,203.0,589.0
22572,22572,157,18,0,1,0,23,777.0,228.0,228.0,549.0
22573,22573,157,18,10,1,0,23,1084.0,253.0,253.0,831.0
22574,22574,157,18,20,1,0,23,952.0,224.0,224.0,728.0
22575,22575,157,18,30,1,0,23,703.0,225.0,225.0,478.0
22576,22576,157,18,40,1,0,23,611.0,237.0,237.0,374.0
22577,22577,157,18,50,1,0,23,492.0,164.0,164.0,328.0
22578,22578,157,19,0,1,0,23,406.0,193.0,193.0,213.0
22579,22579,157,19,10,1,0,23,335.0,152.0,152.0,183.0
22580,22580,157,19,20,1,0,23,268.0,107.0,107.0,161.0
22581,22581,157,19,30,1,0,23,243.0,96.0,96.0,147.0
22582,22582,157,19,40,1,0,23,236.0,97.0,97.0,139.0
22583,22583,157,19,50,1,0,23,200.0,77.0,77.0,123.0
22584,22584,157,20,0,1,0,23,272.0,129.0,129.0,143.0
22585,22585,157,20,10,1,0,23,205.0,81.0,81.0,124.0
22586,22586,157,20,20,1,0,23,192.0,75.0,75.0,117.0
22587,22587,157,20,30,1,0,23,198.0,83.0,83.0,115.0
22588,22588,157,20,40,1,0,23,199.0,79.0,79.0,120.0
22589,22589,157,20,50,1,0,23,167.0,67.0,67.0,100.0
22590,22590,157,21,0,1,0,23,163.0,69.0,69.0,94.0
22591,22591,157,21,10,1,0,23,177.0,73.0,73.0,104.0
22592,22592,157,21,20,1,0,23,183.0,90.0,90.0,93.0
22593,22593,157,21,30,1,0,23,161.0,74.0,74.0,87.0
22594,22594,157,21,40,1,0,23,135.0,62.0,62.0,73.0
22595,22595,157,21,50,1,0,23,122.0,59.0,59.0,63.0
22596,22596,157,22,0,1,0,23,121.0,60.0,60.0,61.0
22597,22597,157,22,10,1,0,23,109.0,58.0,58.0,51.0
22598,22598,157,22,20,1,0,23,81.0,45.0,45.0,36.0
22599,22599,157,22,30,1,0,23,76.0,52.0,52.0,24.0
22600,22600,157,22,40,1,0,23,38.0,31.0,31.0,7.0
22601,22601,157,22,50,1,0,23,14.0,10.0,10.0,4.0
22638,22638,158,5,0,1,0,23,0.0,0.0,0.0,0.0
22639,22639,158,5,10,1,0,23,0.0,0.0,0.0,0.0
22640,22640,158,5,20,1,0,23,0.0,0.0,0.0,0.0
22641,22641,158,5,30,1,0,23,37.0,0.0,0.0,37.0
22642,22642,158,5,40,1,0,23,76.0,0.0,0.0,76.0
22643,22643,158,5,50,1,0,23,78.0,6.0,6.0,72.0
22644,22644,158,6,0,1,0,23,77.0,9.0,9.0,68.0
22645,22645,158,6,10,1,0,23,161.0,30.0,30.0,131.0
22646,22646,158,6,20,1,0,23,215.0,39.0,39.0,176.0
22647,22647,158,6,30,1,0,23,310.0,49.0,49.0,261.0
22648,22648,158,6,40,1,0,23,410.0,78.0,78.0,332.0
22649,22649,158,6,50,1,0,23,579.0,128.0,128.0,451.0
22650,22650,158,7,0,1,0,23,688.0,138.0,138.0,550.0
22651,22651,158,7,10,1,0,23,935.0,182.0,182.0,753.0
22652,22652,158,7,20,1,0,23,948.0,180.0,180.0,768.0
22653,22653,158,7,30,1,0,23,1116.0,213.0,213.0,903.0
22654,22654,158,7,40,1,0,23,1102.0,157.0,157.0,945.0
22655,22655,158,7,50,1,0,23,1197.0,206.0,206.0,991.0
22656,22656,158,8,0,1,0,23,1055.0,274.0,274.0,781.0
22657,22657,158,8,10,1,0,23,959.0,215.0,215.0,744.0
22658,22658,158,8,20,1,0,23,757.0,135.0,135.0,622.0
22659,22659,158,8,30,1,0,23,783.0,208.0,208.0,575.0
22660,22660,158,8,40,1,0,23,751.0,221.0,221.0,530.0
22661,22661,158,8,50,1,0,23,599.0,149.0,149.0,450.0
22662,22662,158,9,0,1,0,23,519.0,144.0,144.0,375.0
22663,22663,158,9,10,1,0,23,423.0,97.0,97.0,326.0
22664,22664,158,9,20,1,0,23,375.0,112.0,112.0,263.0
22665,22665,158,9,30,1,0,23,293.0,91.0,91.0,202.0
22666,22666,158,9,40,1,0,23,247.0,61.0,61.0,186.0
22667,22667,158,9,50,1,0,23,247.0,82.0,82.0,165.0
22668,22668,158,10,0,1,0,23,343.0,183.0,183.0,160.0
22669,22669,158,10,10,1,0,23,229.0,94.0,94.0,135.0
22670,22670,158,10,20,1,0,23,233.0,92.0,92.0,141.0
22671,22671,158,10,30,1,0,23,265.0,128.0,128.0,137.0
22672,22672,158,10,40,1,0,23,150.0,42.0,42.0,108.0
22673,22673,158,10,50,1,0,23,201.0,83.0,83.0,118.0
22674,22674,158,11,0,1,0,23,229.0,116.0,116.0,113.0
22675,22675,158,11,10,1,0,23,179.0,81.0,81.0,98.0
22676,22676,158,11,20,1,0,23,172.0,43.0,43.0,129.0
22677,22677,158,11,30,1,0,23,209.0,80.0,80.0,129.0
22678,22678,158,11,40,1,0,23,193.0,74.0,74.0,119.0
22679,22679,158,11,50,1,0,23,244.0,115.0,115.0,129.0
22680,22680,158,12,0,1,0,23,216.0,79.0,79.0,137.0
22681,22681,158,12,10,1,0,23,266.0,127.0,127.0,139.0
22682,22682,158,12,20,1,0,23,248.0,104.0,104.0,144.0
22683,22683,158,12,30,1,0,23,225.0,93.0,93.0,132.0
22684,22684,158,12,40,1,0,23,253.0,113.0,113.0,140.0
22685,22685,158,12,50,1,0,23,191.0,86.0,86.0,105.0
22686,22686,158,13,0,1,0,23,288.0,162.0,162.0,126.0
22687,22687,158,13,10,1,0,23,184.0,80.0,80.0,104.0
22688,22688,158,13,20,1,0,23,240.0,134.0,134.0,106.0
22689,22689,158,13,30,1,0,23,183.0,82.0,82.0,101.0
22690,22690,158,13,40,1,0,23,184.0,74.0,74.0,110.0
22691,22691,158,13,50,1,0,23,207.0,120.0,120.0,87.0
22692,22692,158,14,0,1,0,23,180.0,71.0,71.0,109.0
22693,22693,158,14,10,1,0,23,245.0,153.0,153.0,92.0
22694,22694,158,14,20,1,0,23,173.0,76.0,76.0,97.0
22695,22695,158,14,30,1,0,23,262.0,149.0,149.0,113.0
22696,22696,158,14,40,1,0,23,210.0,102.0,102.0,108.0
22697,22697,158,14,50,1,0,23,212.0,109.0,109.0,103.0
22698,22698,158,15,0,1,0,23,279.0,145.0,145.0,134.0
22699,22699,158,15,10,1,0,23,326.0,116.0,116.0,210.0
22700,22700,158,15,20,1,0,23,294.0,154.0,154.0,140.0
22701,22701,158,15,30,1,0,23,228.0,87.0,87.0,141.0
22702,22702,158,15,40,1,0,23,302.0,172.0,172.0,130.0
22703,22703,158,15,50,1,0,23,245.0,143.0,143.0,102.0
22704,22704,158,16,0,1,0,23,323.0,170.0,170.0,153.0
22705,22705,158,16,10,1,0,23,341.0,207.0,207.0,134.0
22706,22706,158,16,20,1,0,23,273.0,129.0,129.0,144.0
22707,22707,158,16,30,1,0,23,408.0,212.0,212.0,196.0
22708,22708,158,16,40,1,0,23,523.0,325.0,325.0,198.0
22709,22709,158,16,50,1,0,23,394.0,211.0,211.0,183.0
22710,22710,158,17,0,1,0,23,440.0,235.0,235.0,205.0
22711,22711,158,17,10,1,0,23,556.0,350.0,350.0,206.0
22712,22712,158,17,20,1,0,23,669.0,452.0,452.0,217.0
22713,22713,158,17,30,1,0,23,572.0,378.0,378.0,194.0
22714,22714,158,17,40,1,0,23,783.0,540.0,540.0,243.0
22715,22715,158,17,50,1,0,23,681.0,488.0,488.0,193.0
22716,22716,158,18,0,1,0,23,736.0,559.0,559.0,177.0
22717,22717,158,18,10,1,0,23,777.0,611.0,611.0,166.0
22718,22718,158,18,20,1,0,23,560.0,414.0,414.0,146.0
22719,22719,158,18,30,1,0,23,862.0,725.0,725.0,137.0
22720,22720,158,18,40,1,0,23,646.0,525.0,525.0,121.0
22721,22721,158,18,50,1,0,23,726.0,626.0,626.0,100.0
22722,22722,158,19,0,1,0,23,574.0,485.0,485.0,89.0
22723,22723,158,19,10,1,0,23,528.0,448.0,448.0,80.0
22724,22724,158,19,20,1,0,23,445.0,371.0,371.0,74.0
22725,22725,158,19,30,1,0,23,372.0,296.0,296.0,76.0
22726,22726,158,19,40,1,0,23,348.0,274.0,274.0,74.0
22727,22727,158,19,50,1,0,23,281.0,211.0,211.0,70.0
22728,22728,158,20,0,1,0,23,340.0,268.0,268.0,72.0
22729,22729,158,20,10,1,0,23,213.0,146.0,146.0,67.0
22730,22730,158,20,20,1,0,23,259.0,171.0,171.0,88.0
22731,22731,158,20,30,1,0,23,394.0,306.0,306.0,88.0
22732,22732,158,20,40,1,0,23,188.0,112.0,112.0,76.0
22733,22733,158,20,50,1,0,23,249.0,169.0,169.0,80.0
22734,22734,158,21,0,1,0,23,335.0,268.0,268.0,67.0
22735,22735,158,21,10,1,0,23,221.0,146.0,146.0,75.0
22736,22736,158,21,20,1,0,23,201.0,151.0,151.0,50.0
22737,22737,158,21,30,1,0,23,264.0,209.0,209.0,55.0
22738,22738,158,21,40,1,0,23,185.0,138.0,138.0,47.0
22739,22739,158,21,50,1,0,23,152.0,102.0,102.0,50.0
22740,22740,158,22,0,1,0,23,281.0,231.0,231.0,50.0
22741,22741,158,22,10,1,0,23,139.0,105.0,105.0,34.0
22742,22742,158,22,20,1,0,23,129.0,101.0,101.0,28.0
22743,22743,158,22,30,1,0,23,138.0,117.0,117.0,21.0
22744,22744,158,22,40,1,0,23,153.0,129.0,129.0,24.0
22745,22745,158,22,50,1,0,23,81.0,75.0,75.0,6.0
22782,22782,159,5,0,1,0,23,0.0,0.0,0.0,0.0
22783,22783,159,5,10,1,0,23,26.0,0.0,0.0,26.0
22784,22784,159,5,20,1,0,23,24.0,0.0,0.0,24.0
22785,22785,159,5,30,1,0,23,22.0,0.0,0.0,22.0
22786,22786,159,5,40,1,0,23,36.0,0.0,0.0,36.0
22787,22787,159,5,50,1,0,23,57.0,1.0,1.0,56.0
22788,22788,159,6,0,1,0,23,50.0,0.0,0.0,50.0
22789,22789,159,6,10,1,0,23,120.0,2.0,2.0,118.0
22790,22790,159,6,20,1,0,23,123.0,1.0,1.0,122.0
22791,22791,159,6,30,1,0,23,221.0,30.0,30.0,191.0
22792,22792,159,6,40,1,0,23,307.0,47.0,47.0,260.0
22793,22793,159,6,50,1,0,23,225.0,0.0,0.0,225.0
22794,22794,159,7,0,1,0,23,329.0,58.0,58.0,271.0
22795,22795,159,7,10,1,0,23,369.0,71.0,71.0,298.0
22796,22796,159,7,20,1,0,23,296.0,4.0,4.0,292.0
22797,22797,159,7,30,1,0,23,324.0,90.0,90.0,234.0
22798,22798,159,7,40,1,0,23,453.0,93.0,93.0,360.0
22799,22799,159,7,50,1,0,23,230.0,3.0,3.0,227.0
22800,22800,159,8,0,1,0,23,401.0,86.0,86.0,315.0
22801,22801,159,8,10,1,0,23,275.0,46.0,46.0,229.0
22802,22802,159,8,20,1,0,23,148.0,0.0,0.0,148.0
22803,22803,159,8,30,1,0,23,213.0,59.0,59.0,154.0
22804,22804,159,8,40,1,0,23,141.0,33.0,33.0,108.0
22805,22805,159,8,50,1,0,23,77.0,5.0,5.0,72.0
22806,22806,159,9,0,1,0,23,101.0,34.0,34.0,67.0
22807,22807,159,9,10,1,0,23,71.0,24.0,24.0,47.0
22808,22808,159,9,20,1,0,23,54.0,7.0,7.0,47.0
22809,22809,159,9,30,1,0,23,88.0,27.0,27.0,61.0
22810,22810,159,9,40,1,0,23,90.0,41.0,41.0,49.0
22811,22811,159,9,50,1,0,23,45.0,4.0,4.0,41.0
22812,22812,159,10,0,1,0,23,62.0,30.0,30.0,32.0
22813,22813,159,10,10,1,0,23,33.0,2.0,2.0,31.0
22814,22814,159,10,20,1,0,23,88.0,55.0,55.0,33.0
22815,22815,159,10,30,1,0,23,55.0,20.0,20.0,35.0
22816,22816,159,10,40,1,0,23,40.0,5.0,5.0,35.0
22817,22817,159,10,50,1,0,23,73.0,40.0,40.0,33.0
22818,22818,159,11,0,1,0,23,35.0,13.0,13.0,22.0
22819,22819,159,11,10,1,0,23,68.0,28.0,28.0,40.0
22820,22820,159,11,20,1,0,23,38.0,4.0,4.0,34.0
22821,22821,159,11,30,1,0,23,77.0,32.0,32.0,45.0
22822,22822,159,11,40,1,0,23,76.0,29.0,29.0,47.0
22823,22823,159,11,50,1,0,23,39.0,9.0,9.0,30.0
22824,22824,159,12,0,1,0,23,67.0,35.0,35.0,32.0
22825,22825,159,12,10,1,0,23,78.0,31.0,31.0,47.0
22826,22826,159,12,20,1,0,23,34.0,1.0,1.0,33.0
22827,22827,159,12,30,1,0,23,64.0,30.0,30.0,34.0
22828,22828,159,12,40,1,0,23,79.0,37.0,37.0,42.0
22829,22829,159,12,50,1,0,23,55.0,32.0,32.0,23.0
22830,22830,159,13,0,1,0,23,42.0,3.0,3.0,39.0
22831,22831,159,13,10,1,0,23,71.0,51.0,51.0,20.0
22832,22832,159,13,20,1,0,23,71.0,33.0,33.0,38.0
22833,22833,159,13,30,1,0,23,20.0,1.0,1.0,19.0
22834,22834,159,13,40,1,0,23,72.0,34.0,34.0,38.0
22835,22835,159,13,50,1,0,23,48.0,30.0,30.0,18.0
22836,22836,159,14,0,1,0,23,37.0,0.0,0.0,37.0
22837,22837,159,14,10,1,0,23,78.0,43.0,43.0,35.0
22838,22838,159,14,20,1,0,23,66.0,37.0,37.0,29.0
22839,22839,159,14,30,1,0,23,77.0,47.0,47.0,30.0
22840,22840,159,14,40,1,0,23,15.0,1.0,1.0,14.0
22841,22841,159,14,50,1,0,23,66.0,49.0,49.0,17.0
22842,22842,159,15,0,1,0,23,97.0,74.0,74.0,23.0
22843,22843,159,15,10,1,0,23,76.0,60.0,60.0,16.0
22844,22844,159,15,20,1,0,23,27.0,6.0,6.0,21.0
22845,22845,159,15,30,1,0,23,101.0,69.0,69.0,32.0
22846,22846,159,15,40,1,0,23,124.0,86.0,86.0,38.0
22847,22847,159,15,50,1,0,23,47.0,5.0,5.0,42.0
22848,22848,159,16,0,1,0,23,141.0,106.0,106.0,35.0
22849,22849,159,16,10,1,0,23,161.0,123.0,123.0,38.0
22850,22850,159,16,20,1,0,23,34.0,0.0,0.0,34.0
22851,22851,159,16,30,1,0,23,125.0,95.0,95.0,30.0
22852,22852,159,16,40,1,0,23,142.0,87.0,87.0,55.0
22853,22853,159,16,50,1,0,23,194.0,122.0,122.0,72.0
22854,22854,159,17,0,1,0,23,203.0,149.0,149.0,54.0
22855,22855,159,17,10,1,0,23,82.0,2.0,2.0,80.0
22856,22856,159,17,20,1,0,23,258.0,213.0,213.0,45.0
22857,22857,159,17,30,1,0,23,214.0,166.0,166.0,48.0
22858,22858,159,17,40,1,0,23,51.0,5.0,5.0,46.0
22859,22859,159,17,50,1,0,23,217.0,174.0,174.0,43.0
22860,22860,159,18,0,1,0,23,217.0,204.0,204.0,13.0
22861,22861,159,18,10,1,0,23,25.0,9.0,9.0,16.0
22862,22862,159,18,20,1,0,23,263.0,241.0,241.0,22.0
22863,22863,159,18,30,1,0,23,53.0,42.0,42.0,11.0
22864,22864,159,18,40,1,0,23,239.0,229.0,229.0,10.0
22865,22865,159,18,50,1,0,23,290.0,278.0,278.0,12.0
22866,22866,159,19,0,1,0,23,232.0,226.0,226.0,6.0
22867,22867,159,19,10,1,0,23,39.0,25.0,25.0,14.0
22868,22868,159,19,20,1,0,23,247.0,239.0,239.0,8.0
22869,22869,159,19,30,1,0,23,128.0,120.0,120.0,8.0
22870,22870,159,19,40,1,0,23,73.0,62.0,62.0,11.0
22871,22871,159,19,50,1,0,23,150.0,141.0,141.0,9.0
22872,22872,159,20,0,1,0,23,149.0,136.0,136.0,13.0
22873,22873,159,20,10,1,0,23,81.0,60.0,60.0,21.0
22874,22874,159,20,20,1,0,23,90.0,70.0,70.0,20.0
22875,22875,159,20,30,1,0,23,13.0,3.0,3.0,10.0
22876,22876,159,20,40,1,0,23,122.0,101.0,101.0,21.0
22877,22877,159,20,50,1,0,23,78.0,74.0,74.0,4.0
22878,22878,159,21,0,1,0,23,31.0,19.0,19.0,12.0
22879,22879,159,21,10,1,0,23,61.0,57.0,57.0,4.0
22880,22880,159,21,20,1,0,23,103.0,100.0,100.0,3.0
22881,22881,159,21,30,1,0,23,4.0,0.0,0.0,4.0
22882,22882,159,21,40,1,0,23,105.0,94.0,94.0,11.0
22883,22883,159,21,50,1,0,23,81.0,73.0,73.0,8.0
22884,22884,159,22,0,1,0,23,10.0,1.0,1.0,9.0
22885,22885,159,22,10,1,0,23,99.0,92.0,92.0,7.0
22886,22886,159,22,20,1,0,23,76.0,76.0,76.0,0.0
22887,22887,159,22,30,1,0,23,5.0,1.0,1.0,4.0
22888,22888,159,22,40,1,0,23,60.0,60.0,60.0,0.0
22889,22889,159,22,50,1,0,23,46.0,46.0,46.0,0.0
22926,22926,160,5,0,1,0,23,0.0,0.0,0.0,0.0
22927,22927,160,5,10,1,0,23,1.0,0.0,0.0,1.0
22928,22928,160,5,20,1,0,23,3.0,0.0,0.0,3.0
22929,22929,160,5,30,1,0,23,18.0,0.0,0.0,18.0
22930,22930,160,5,40,1,0,23,30.0,2.0,2.0,28.0
22931,22931,160,5,50,1,0,23,27.0,2.0,2.0,25.0
22932,22932,160,6,0,1,0,23,49.0,2.0,2.0,47.0
22933,22933,160,6,10,1,0,23,88.0,13.0,13.0,75.0
22934,22934,160,6,20,1,0,23,110.0,27.0,27.0,83.0
22935,22935,160,6,30,1,0,23,106.0,19.0,19.0,87.0
22936,22936,160,6,40,1,0,23,191.0,26.0,26.0,165.0
22937,22937,160,6,50,1,0,23,196.0,48.0,48.0,148.0
22938,22938,160,7,0,1,0,23,284.0,61.0,61.0,223.0
22939,22939,160,7,10,1,0,23,280.0,42.0,42.0,238.0
22940,22940,160,7,20,1,0,23,385.0,51.0,51.0,334.0
22941,22941,160,7,30,1,0,23,440.0,64.0,64.0,376.0
22942,22942,160,7,40,1,0,23,661.0,93.0,93.0,568.0
22943,22943,160,7,50,1,0,23,643.0,104.0,104.0,539.0
22944,22944,160,8,0,1,0,23,798.0,136.0,136.0,662.0
22945,22945,160,8,10,1,0,23,830.0,145.0,145.0,685.0
22946,22946,160,8,20,1,0,23,848.0,214.0,214.0,634.0
22947,22947,160,8,30,1,0,23,737.0,232.0,232.0,505.0
22948,22948,160,8,40,1,0,23,756.0,258.0,258.0,498.0
22949,22949,160,8,50,1,0,23,574.0,241.0,241.0,333.0
22950,22950,160,9,0,1,0,23,466.0,177.0,177.0,289.0
22951,22951,160,9,10,1,0,23,428.0,160.0,160.0,268.0
22952,22952,160,9,20,1,0,23,353.0,117.0,117.0,236.0
22953,22953,160,9,30,1,0,23,284.0,138.0,138.0,146.0
22954,22954,160,9,40,1,0,23,223.0,86.0,86.0,137.0
22955,22955,160,9,50,1,0,23,158.0,72.0,72.0,86.0
22956,22956,160,10,0,1,0,23,175.0,79.0,79.0,96.0
22957,22957,160,10,10,1,0,23,144.0,66.0,66.0,78.0
22958,22958,160,10,20,1,0,23,134.0,53.0,53.0,81.0
22959,22959,160,10,30,1,0,23,180.0,81.0,81.0,99.0
22960,22960,160,10,40,1,0,23,150.0,62.0,62.0,88.0
22961,22961,160,10,50,1,0,23,120.0,63.0,63.0,57.0
22962,22962,160,11,0,1,0,23,105.0,49.0,49.0,56.0
22963,22963,160,11,10,1,0,23,125.0,64.0,64.0,61.0
22964,22964,160,11,20,1,0,23,113.0,56.0,56.0,57.0
22965,22965,160,11,30,1,0,23,141.0,65.0,65.0,76.0
22966,22966,160,11,40,1,0,23,127.0,71.0,71.0,56.0
22967,22967,160,11,50,1,0,23,113.0,59.0,59.0,54.0
22968,22968,160,12,0,1,0,23,139.0,62.0,62.0,77.0
22969,22969,160,12,10,1,0,23,153.0,77.0,77.0,76.0
22970,22970,160,12,20,1,0,23,180.0,83.0,83.0,97.0
22971,22971,160,12,30,1,0,23,178.0,80.0,80.0,98.0
22972,22972,160,12,40,1,0,23,175.0,97.0,97.0,78.0
22973,22973,160,12,50,1,0,23,157.0,69.0,69.0,88.0
22974,22974,160,13,0,1,0,23,151.0,75.0,75.0,76.0
22975,22975,160,13,10,1,0,23,135.0,69.0,69.0,66.0
22976,22976,160,13,20,1,0,23,160.0,77.0,77.0,83.0
22977,22977,160,13,30,1,0,23,132.0,53.0,53.0,79.0
22978,22978,160,13,40,1,0,23,125.0,69.0,69.0,56.0
22979,22979,160,13,50,1,0,23,127.0,65.0,65.0,62.0
22980,22980,160,14,0,1,0,23,138.0,92.0,92.0,46.0
22981,22981,160,14,10,1,0,23,120.0,65.0,65.0,55.0
22982,22982,160,14,20,1,0,23,129.0,74.0,74.0,55.0
22983,22983,160,14,30,1,0,23,141.0,73.0,73.0,68.0
22984,22984,160,14,40,1,0,23,158.0,91.0,91.0,67.0
22985,22985,160,14,50,1,0,23,132.0,65.0,65.0,67.0
22986,22986,160,15,0,1,0,23,175.0,101.0,101.0,74.0
22987,22987,160,15,10,1,0,23,140.0,77.0,77.0,63.0
22988,22988,160,15,20,1,0,23,162.0,96.0,96.0,66.0
22989,22989,160,15,30,1,0,23,157.0,92.0,92.0,65.0
22990,22990,160,15,40,1,0,23,172.0,88.0,88.0,84.0
22991,22991,160,15,50,1,0,23,177.0,120.0,120.0,57.0
22992,22992,160,16,0,1,0,23,148.0,78.0,78.0,70.0
22993,22993,160,16,10,1,0,23,193.0,110.0,110.0,83.0
22994,22994,160,16,20,1,0,23,217.0,103.0,103.0,114.0
22995,22995,160,16,30,1,0,23,217.0,124.0,124.0,93.0
22996,22996,160,16,40,1,0,23,337.0,182.0,182.0,155.0
22997,22997,160,16,50,1,0,23,235.0,142.0,142.0,93.0
22998,22998,160,17,0,1,0,23,344.0,168.0,168.0,176.0
22999,22999,160,17,10,1,0,23,474.0,256.0,256.0,218.0
23000,23000,160,17,20,1,0,23,342.0,211.0,211.0,131.0
23001,23001,160,17,30,1,0,23,404.0,245.0,245.0,159.0
23002,23002,160,17,40,1,0,23,532.0,313.0,313.0,219.0
23003,23003,160,17,50,1,0,23,432.0,325.0,325.0,107.0
23004,23004,160,18,0,1,0,23,515.0,366.0,366.0,149.0
23005,23005,160,18,10,1,0,23,553.0,355.0,355.0,198.0
23006,23006,160,18,20,1,0,23,547.0,376.0,376.0,171.0
23007,23007,160,18,30,1,0,23,497.0,350.0,350.0,147.0
23008,23008,160,18,40,1,0,23,529.0,373.0,373.0,156.0
23009,23009,160,18,50,1,0,23,395.0,306.0,306.0,89.0
23010,23010,160,19,0,1,0,23,358.0,269.0,269.0,89.0
23011,23011,160,19,10,1,0,23,280.0,214.0,214.0,66.0
23012,23012,160,19,20,1,0,23,256.0,200.0,200.0,56.0
23013,23013,160,19,30,1,0,23,259.0,194.0,194.0,65.0
23014,23014,160,19,40,1,0,23,216.0,134.0,134.0,82.0
23015,23015,160,19,50,1,0,23,172.0,116.0,116.0,56.0
23016,23016,160,20,0,1,0,23,167.0,109.0,109.0,58.0
23017,23017,160,20,10,1,0,23,172.0,108.0,108.0,64.0
23018,23018,160,20,20,1,0,23,159.0,93.0,93.0,66.0
23019,23019,160,20,30,1,0,23,166.0,96.0,96.0,70.0
23020,23020,160,20,40,1,0,23,192.0,114.0,114.0,78.0
23021,23021,160,20,50,1,0,23,146.0,91.0,91.0,55.0
23022,23022,160,21,0,1,0,23,180.0,104.0,104.0,76.0
23023,23023,160,21,10,1,0,23,203.0,111.0,111.0,92.0
23024,23024,160,21,20,1,0,23,186.0,93.0,93.0,93.0
23025,23025,160,21,30,1,0,23,215.0,121.0,121.0,94.0
23026,23026,160,21,40,1,0,23,159.0,73.0,73.0,86.0
23027,23027,160,21,50,1,0,23,165.0,98.0,98.0,67.0
23028,23028,160,22,0,1,0,23,144.0,81.0,81.0,63.0
23029,23029,160,22,10,1,0,23,176.0,95.0,95.0,81.0
23030,23030,160,22,20,1,0,23,116.0,79.0,79.0,37.0
23031,23031,160,22,30,1,0,23,88.0,69.0,69.0,19.0
23032,23032,160,22,40,1,0,23,126.0,94.0,94.0,32.0
23033,23033,160,22,50,1,0,23,53.0,39.0,39.0,14.0
23070,23070,161,5,0,1,0,23,0.0,0.0,0.0,0.0
23071,23071,161,5,10,1,0,23,10.0,0.0,0.0,10.0
23072,23072,161,5,20,1,0,23,13.0,0.0,0.0,13.0
23073,23073,161,5,30,1,0,23,21.0,0.0,0.0,21.0
23074,23074,161,5,40,1,0,23,22.0,0.0,0.0,22.0
23075,23075,161,5,50,1,0,23,32.0,1.0,1.0,31.0
23076,23076,161,6,0,1,0,23,53.0,1.0,1.0,52.0
23077,23077,161,6,10,1,0,23,62.0,1.0,1.0,61.0
23078,23078,161,6,20,1,0,23,132.0,70.0,70.0,62.0
23079,23079,161,6,30,1,0,23,151.0,17.0,17.0,134.0
23080,23080,161,6,40,1,0,23,184.0,80.0,80.0,104.0
23081,23081,161,6,50,1,0,23,293.0,109.0,109.0,184.0
23082,23082,161,7,0,1,0,23,399.0,157.0,157.0,242.0
23083,23083,161,7,10,1,0,23,380.0,191.0,191.0,189.0
23084,23084,161,7,20,1,0,23,567.0,200.0,200.0,367.0
23085,23085,161,7,30,1,0,23,650.0,284.0,284.0,366.0
23086,23086,161,7,40,1,0,23,596.0,161.0,161.0,435.0
23087,23087,161,7,50,1,0,23,959.0,401.0,401.0,558.0
23088,23088,161,8,0,1,0,23,710.0,278.0,278.0,432.0
23089,23089,161,8,10,1,0,23,780.0,302.0,302.0,478.0
23090,23090,161,8,20,1,0,23,844.0,336.0,336.0,508.0
23091,23091,161,8,30,1,0,23,805.0,375.0,375.0,430.0
23092,23092,161,8,40,1,0,23,846.0,494.0,494.0,352.0
23093,23093,161,8,50,1,0,23,638.0,276.0,276.0,362.0
23094,23094,161,9,0,1,0,23,515.0,219.0,219.0,296.0
23095,23095,161,9,10,1,0,23,416.0,216.0,216.0,200.0
23096,23096,161,9,20,1,0,23,339.0,187.0,187.0,152.0
23097,23097,161,9,30,1,0,23,261.0,150.0,150.0,111.0
23098,23098,161,9,40,1,0,23,265.0,130.0,130.0,135.0
23099,23099,161,9,50,1,0,23,213.0,98.0,98.0,115.0
23100,23100,161,10,0,1,0,23,147.0,67.0,67.0,80.0
23101,23101,161,10,10,1,0,23,196.0,86.0,86.0,110.0
23102,23102,161,10,20,1,0,23,195.0,66.0,66.0,129.0
23103,23103,161,10,30,1,0,23,151.0,61.0,61.0,90.0
23104,23104,161,10,40,1,0,23,133.0,57.0,57.0,76.0
23105,23105,161,10,50,1,0,23,122.0,26.0,26.0,96.0
23106,23106,161,11,0,1,0,23,153.0,82.0,82.0,71.0
23107,23107,161,11,10,1,0,23,129.0,65.0,65.0,64.0
23108,23108,161,11,20,1,0,23,161.0,59.0,59.0,102.0
23109,23109,161,11,30,1,0,23,149.0,75.0,75.0,74.0
23110,23110,161,11,40,1,0,23,138.0,45.0,45.0,93.0
23111,23111,161,11,50,1,0,23,151.0,68.0,68.0,83.0
23112,23112,161,12,0,1,0,23,154.0,49.0,49.0,105.0
23113,23113,161,12,10,1,0,23,121.0,55.0,55.0,66.0
23114,23114,161,12,20,1,0,23,176.0,66.0,66.0,110.0
23115,23115,161,12,30,1,0,23,138.0,77.0,77.0,61.0
23116,23116,161,12,40,1,0,23,191.0,94.0,94.0,97.0
23117,23117,161,12,50,1,0,23,137.0,62.0,62.0,75.0
23118,23118,161,13,0,1,0,23,182.0,95.0,95.0,87.0
23119,23119,161,13,10,1,0,23,133.0,68.0,68.0,65.0
23120,23120,161,13,20,1,0,23,108.0,41.0,41.0,67.0
23121,23121,161,13,30,1,0,23,174.0,108.0,108.0,66.0
23122,23122,161,13,40,1,0,23,162.0,50.0,50.0,112.0
23123,23123,161,13,50,1,0,23,148.0,85.0,85.0,63.0
23124,23124,161,14,0,1,0,23,121.0,56.0,56.0,65.0
23125,23125,161,14,10,1,0,23,164.0,91.0,91.0,73.0
23126,23126,161,14,20,1,0,23,125.0,49.0,49.0,76.0
23127,23127,161,14,30,1,0,23,130.0,52.0,52.0,78.0
23128,23128,161,14,40,1,0,23,206.0,95.0,95.0,111.0
23129,23129,161,14,50,1,0,23,187.0,81.0,81.0,106.0
23130,23130,161,15,0,1,0,23,218.0,104.0,104.0,114.0
23131,23131,161,15,10,1,0,23,166.0,71.0,71.0,95.0
23132,23132,161,15,20,1,0,23,204.0,109.0,109.0,95.0
23133,23133,161,15,30,1,0,23,191.0,86.0,86.0,105.0
23134,23134,161,15,40,1,0,23,212.0,104.0,104.0,108.0
23135,23135,161,15,50,1,0,23,194.0,93.0,93.0,101.0
23136,23136,161,16,0,1,0,23,185.0,92.0,92.0,93.0
23137,23137,161,16,10,1,0,23,265.0,125.0,125.0,140.0
23138,23138,161,16,20,1,0,23,197.0,74.0,74.0,123.0
23139,23139,161,16,30,1,0,23,296.0,161.0,161.0,135.0
23140,23140,161,16,40,1,0,23,273.0,107.0,107.0,166.0
23141,23141,161,16,50,1,0,23,317.0,191.0,191.0,126.0
23142,23142,161,17,0,1,0,23,387.0,159.0,159.0,228.0
23143,23143,161,17,10,1,0,23,466.0,188.0,188.0,278.0
23144,23144,161,17,20,1,0,23,384.0,234.0,234.0,150.0
23145,23145,161,17,30,1,0,23,405.0,201.0,201.0,204.0
23146,23146,161,17,40,1,0,23,565.0,317.0,317.0,248.0
23147,23147,161,17,50,1,0,23,541.0,402.0,402.0,139.0
23148,23148,161,18,0,1,0,23,549.0,326.0,326.0,223.0
23149,23149,161,18,10,1,0,23,644.0,372.0,372.0,272.0
23150,23150,161,18,20,1,0,23,597.0,377.0,377.0,220.0
23151,23151,161,18,30,1,0,23,524.0,348.0,348.0,176.0
23152,23152,161,18,40,1,0,23,526.0,377.0,377.0,149.0
23153,23153,161,18,50,1,0,23,426.0,331.0,331.0,95.0
23154,23154,161,19,0,1,0,23,390.0,307.0,307.0,83.0
23155,23155,161,19,10,1,0,23,340.0,252.0,252.0,88.0
23156,23156,161,19,20,1,0,23,329.0,239.0,239.0,90.0
23157,23157,161,19,30,1,0,23,260.0,203.0,203.0,57.0
23158,23158,161,19,40,1,0,23,216.0,174.0,174.0,42.0
23159,23159,161,19,50,1,0,23,239.0,192.0,192.0,47.0
23160,23160,161,20,0,1,0,23,229.0,164.0,164.0,65.0
23161,23161,161,20,10,1,0,23,195.0,116.0,116.0,79.0
23162,23162,161,20,20,1,0,23,192.0,136.0,136.0,56.0
23163,23163,161,20,30,1,0,23,193.0,123.0,123.0,70.0
23164,23164,161,20,40,1,0,23,204.0,130.0,130.0,74.0
23165,23165,161,20,50,1,0,23,150.0,100.0,100.0,50.0
23166,23166,161,21,0,1,0,23,208.0,159.0,159.0,49.0
23167,23167,161,21,10,1,0,23,163.0,116.0,116.0,47.0
23168,23168,161,21,20,1,0,23,130.0,91.0,91.0,39.0
23169,23169,161,21,30,1,0,23,273.0,238.0,238.0,35.0
23170,23170,161,21,40,1,0,23,181.0,140.0,140.0,41.0
23171,23171,161,21,50,1,0,23,98.0,73.0,73.0,25.0
23172,23172,161,22,0,1,0,23,133.0,92.0,92.0,41.0
23173,23173,161,22,10,1,0,23,268.0,233.0,233.0,35.0
23174,23174,161,22,20,1,0,23,78.0,70.0,70.0,8.0
23175,23175,161,22,30,1,0,23,173.0,168.0,168.0,5.0
23176,23176,161,22,40,1,0,23,91.0,88.0,88.0,3.0
23177,23177,161,22,50,1,0,23,36.0,34.0,34.0,2.0
23214,23214,162,5,0,1,0,23,0.0,0.0,0.0,0.0
23215,23215,162,5,10,1,0,23,0.0,0.0,0.0,0.0
23216,23216,162,5,20,1,0,23,0.0,0.0,0.0,0.0
23217,23217,162,5,30,1,0,23,115.0,1.0,1.0,114.0
23218,23218,162,5,40,1,0,23,76.0,11.0,11.0,65.0
23219,23219,162,5,50,1,0,23,45.0,15.0,15.0,30.0
23220,23220,162,6,0,1,0,23,181.0,87.0,87.0,94.0
23221,23221,162,6,10,1,0,23,222.0,135.0,135.0,87.0
23222,23222,162,6,20,1,0,23,217.0,131.0,131.0,86.0
23223,23223,162,6,30,1,0,23,369.0,180.0,180.0,189.0
23224,23224,162,6,40,1,0,23,495.0,296.0,296.0,199.0
23225,23225,162,6,50,1,0,23,538.0,268.0,268.0,270.0
23226,23226,162,7,0,1,0,23,649.0,372.0,372.0,277.0
23227,23227,162,7,10,1,0,23,740.0,420.0,420.0,320.0
23228,23228,162,7,20,1,0,23,1021.0,562.0,562.0,459.0
23229,23229,162,7,30,1,0,23,1405.0,757.0,757.0,648.0
23230,23230,162,7,40,1,0,23,1544.0,778.0,778.0,766.0
23231,23231,162,7,50,1,0,23,1906.0,870.0,870.0,1036.0
23232,23232,162,8,0,1,0,23,1980.0,960.0,960.0,1020.0
23233,23233,162,8,10,1,0,23,2653.0,1334.0,1334.0,1319.0
23234,23234,162,8,20,1,0,23,2766.0,1562.0,1562.0,1204.0
23235,23235,162,8,30,1,0,23,2605.0,1466.0,1466.0,1139.0
23236,23236,162,8,40,1,0,23,2361.0,1396.0,1396.0,965.0
23237,23237,162,8,50,1,0,23,1810.0,1156.0,1156.0,654.0
23238,23238,162,9,0,1,0,23,1688.0,964.0,964.0,724.0
23239,23239,162,9,10,1,0,23,1328.0,784.0,784.0,544.0
23240,23240,162,9,20,1,0,23,1313.0,734.0,734.0,579.0
23241,23241,162,9,30,1,0,23,895.0,538.0,538.0,357.0
23242,23242,162,9,40,1,0,23,1052.0,549.0,549.0,503.0
23243,23243,162,9,50,1,0,23,836.0,405.0,405.0,431.0
23244,23244,162,10,0,1,0,23,751.0,425.0,425.0,326.0
23245,23245,162,10,10,1,0,23,719.0,438.0,438.0,281.0
23246,23246,162,10,20,1,0,23,674.0,372.0,372.0,302.0
23247,23247,162,10,30,1,0,23,621.0,320.0,320.0,301.0
23248,23248,162,10,40,1,0,23,662.0,410.0,410.0,252.0
23249,23249,162,10,50,1,0,23,545.0,253.0,253.0,292.0
23250,23250,162,11,0,1,0,23,616.0,367.0,367.0,249.0
23251,23251,162,11,10,1,0,23,574.0,291.0,291.0,283.0
23252,23252,162,11,20,1,0,23,591.0,281.0,281.0,310.0
23253,23253,162,11,30,1,0,23,646.0,357.0,357.0,289.0
23254,23254,162,11,40,1,0,23,567.0,258.0,258.0,309.0
23255,23255,162,11,50,1,0,23,682.0,360.0,360.0,322.0
23256,23256,162,12,0,1,0,23,569.0,266.0,266.0,303.0
23257,23257,162,12,10,1,0,23,652.0,363.0,363.0,289.0
23258,23258,162,12,20,1,0,23,685.0,359.0,359.0,326.0
23259,23259,162,12,30,1,0,23,669.0,316.0,316.0,353.0
23260,23260,162,12,40,1,0,23,745.0,410.0,410.0,335.0
23261,23261,162,12,50,1,0,23,630.0,308.0,308.0,322.0
23262,23262,162,13,0,1,0,23,666.0,393.0,393.0,273.0
23263,23263,162,13,10,1,0,23,577.0,300.0,300.0,277.0
23264,23264,162,13,20,1,0,23,631.0,343.0,343.0,288.0
23265,23265,162,13,30,1,0,23,626.0,360.0,360.0,266.0
23266,23266,162,13,40,1,0,23,556.0,300.0,300.0,256.0
23267,23267,162,13,50,1,0,23,725.0,373.0,373.0,352.0
23268,23268,162,14,0,1,0,23,569.0,305.0,305.0,264.0
23269,23269,162,14,10,1,0,23,555.0,324.0,324.0,231.0
23270,23270,162,14,20,1,0,23,551.0,259.0,259.0,292.0
23271,23271,162,14,30,1,0,23,593.0,327.0,327.0,266.0
23272,23272,162,14,40,1,0,23,593.0,326.0,326.0,267.0
23273,23273,162,14,50,1,0,23,645.0,301.0,301.0,344.0
23274,23274,162,15,0,1,0,23,642.0,346.0,346.0,296.0
23275,23275,162,15,10,1,0,23,581.0,284.0,284.0,297.0
23276,23276,162,15,20,1,0,23,728.0,365.0,365.0,363.0
23277,23277,162,15,30,1,0,23,610.0,259.0,259.0,351.0
23278,23278,162,15,40,1,0,23,751.0,368.0,368.0,383.0
23279,23279,162,15,50,1,0,23,790.0,401.0,401.0,389.0
23280,23280,162,16,0,1,0,23,665.0,330.0,330.0,335.0
23281,23281,162,16,10,1,0,23,754.0,377.0,377.0,377.0
23282,23282,162,16,20,1,0,23,732.0,373.0,373.0,359.0
23283,23283,162,16,30,1,0,23,808.0,400.0,400.0,408.0
23284,23284,162,16,40,1,0,23,806.0,332.0,332.0,474.0
23285,23285,162,16,50,1,0,23,1003.0,385.0,385.0,618.0
23286,23286,162,17,0,1,0,23,1113.0,526.0,526.0,587.0
23287,23287,162,17,10,1,0,23,1252.0,535.0,535.0,717.0
23288,23288,162,17,20,1,0,23,1311.0,544.0,544.0,767.0
23289,23289,162,17,30,1,0,23,1456.0,712.0,712.0,744.0
23290,23290,162,17,40,1,0,23,1646.0,721.0,721.0,925.0
23291,23291,162,17,50,1,0,23,1817.0,802.0,802.0,1015.0
23292,23292,162,18,0,1,0,23,1703.0,922.0,922.0,781.0
23293,23293,162,18,10,1,0,23,1828.0,872.0,872.0,956.0
23294,23294,162,18,20,1,0,23,1781.0,864.0,864.0,917.0
23295,23295,162,18,30,1,0,23,1703.0,863.0,863.0,840.0
23296,23296,162,18,40,1,0,23,1529.0,859.0,859.0,670.0
23297,23297,162,18,50,1,0,23,1373.0,653.0,653.0,720.0
23298,23298,162,19,0,1,0,23,1039.0,558.0,558.0,481.0
23299,23299,162,19,10,1,0,23,1115.0,518.0,518.0,597.0
23300,23300,162,19,20,1,0,23,837.0,395.0,395.0,442.0
23301,23301,162,19,30,1,0,23,769.0,368.0,368.0,401.0
23302,23302,162,19,40,1,0,23,650.0,334.0,334.0,316.0
23303,23303,162,19,50,1,0,23,666.0,300.0,300.0,366.0
23304,23304,162,20,0,1,0,23,500.0,266.0,266.0,234.0
23305,23305,162,20,10,1,0,23,519.0,270.0,270.0,249.0
23306,23306,162,20,20,1,0,23,457.0,250.0,250.0,207.0
23307,23307,162,20,30,1,0,23,495.0,247.0,247.0,248.0
23308,23308,162,20,40,1,0,23,491.0,234.0,234.0,257.0
23309,23309,162,20,50,1,0,23,504.0,244.0,244.0,260.0
23310,23310,162,21,0,1,0,23,395.0,187.0,187.0,208.0
23311,23311,162,21,10,1,0,23,508.0,290.0,290.0,218.0
23312,23312,162,21,20,1,0,23,459.0,291.0,291.0,168.0
23313,23313,162,21,30,1,0,23,370.0,224.0,224.0,146.0
23314,23314,162,21,40,1,0,23,416.0,245.0,245.0,171.0
23315,23315,162,21,50,1,0,23,451.0,240.0,240.0,211.0
23316,23316,162,22,0,1,0,23,342.0,184.0,184.0,158.0
23317,23317,162,22,10,1,0,23,342.0,203.0,203.0,139.0
23318,23318,162,22,20,1,0,23,337.0,199.0,199.0,138.0
23319,23319,162,22,30,1,0,23,244.0,142.0,142.0,102.0
23320,23320,162,22,40,1,0,23,186.0,110.0,110.0,76.0
23321,23321,162,22,50,1,0,23,73.0,34.0,34.0,39.0
23358,23358,163,5,0,1,0,23,23.0,0.0,0.0,23.0
23359,23359,163,5,10,1,0,23,19.0,0.0,0.0,19.0
23360,23360,163,5,20,1,0,23,36.0,0.0,0.0,36.0
23361,23361,163,5,30,1,0,23,37.0,0.0,0.0,37.0
23362,23362,163,5,40,1,0,23,32.0,3.0,3.0,29.0
23363,23363,163,5,50,1,0,23,126.0,13.0,13.0,113.0
23364,23364,163,6,0,1,0,23,75.0,8.0,8.0,67.0
23365,23365,163,6,10,1,0,23,85.0,13.0,13.0,72.0
23366,23366,163,6,20,1,0,23,195.0,31.0,31.0,164.0
23367,23367,163,6,30,1,0,23,281.0,136.0,136.0,145.0
23368,23368,163,6,40,1,0,23,515.0,180.0,180.0,335.0
23369,23369,163,6,50,1,0,23,411.0,87.0,87.0,324.0
23370,23370,163,7,0,1,0,23,658.0,163.0,163.0,495.0
23371,23371,163,7,10,1,0,23,706.0,196.0,196.0,510.0
23372,23372,163,7,20,1,0,23,1080.0,241.0,241.0,839.0
23373,23373,163,7,30,1,0,23,1353.0,295.0,295.0,1058.0
23374,23374,163,7,40,1,0,23,1363.0,225.0,225.0,1138.0
23375,23375,163,7,50,1,0,23,1415.0,261.0,261.0,1154.0
23376,23376,163,8,0,1,0,23,1760.0,230.0,230.0,1530.0
23377,23377,163,8,10,1,0,23,1483.0,261.0,261.0,1222.0
23378,23378,163,8,20,1,0,23,1367.0,256.0,256.0,1111.0
23379,23379,163,8,30,1,0,23,1678.0,222.0,222.0,1456.0
23380,23380,163,8,40,1,0,23,1031.0,317.0,317.0,714.0
23381,23381,163,8,50,1,0,23,757.0,225.0,225.0,532.0
23382,23382,163,9,0,1,0,23,1073.0,216.0,216.0,857.0
23383,23383,163,9,10,1,0,23,584.0,186.0,186.0,398.0
23384,23384,163,9,20,1,0,23,745.0,175.0,175.0,570.0
23385,23385,163,9,30,1,0,23,489.0,195.0,195.0,294.0
23386,23386,163,9,40,1,0,23,417.0,185.0,185.0,232.0
23387,23387,163,9,50,1,0,23,358.0,159.0,159.0,199.0
23388,23388,163,10,0,1,0,23,404.0,178.0,178.0,226.0
23389,23389,163,10,10,1,0,23,430.0,139.0,139.0,291.0
23390,23390,163,10,20,1,0,23,382.0,185.0,185.0,197.0
23391,23391,163,10,30,1,0,23,293.0,142.0,142.0,151.0
23392,23392,163,10,40,1,0,23,298.0,163.0,163.0,135.0
23393,23393,163,10,50,1,0,23,276.0,110.0,110.0,166.0
23394,23394,163,11,0,1,0,23,435.0,167.0,167.0,268.0
23395,23395,163,11,10,1,0,23,270.0,114.0,114.0,156.0
23396,23396,163,11,20,1,0,23,273.0,148.0,148.0,125.0
23397,23397,163,11,30,1,0,23,292.0,157.0,157.0,135.0
23398,23398,163,11,40,1,0,23,358.0,190.0,190.0,168.0
23399,23399,163,11,50,1,0,23,366.0,147.0,147.0,219.0
23400,23400,163,12,0,1,0,23,294.0,110.0,110.0,184.0
23401,23401,163,12,10,1,0,23,324.0,171.0,171.0,153.0
23402,23402,163,12,20,1,0,23,371.0,173.0,173.0,198.0
23403,23403,163,12,30,1,0,23,338.0,116.0,116.0,222.0
23404,23404,163,12,40,1,0,23,377.0,202.0,202.0,175.0
23405,23405,163,12,50,1,0,23,435.0,198.0,198.0,237.0
23406,23406,163,13,0,1,0,23,327.0,146.0,146.0,181.0
23407,23407,163,13,10,1,0,23,311.0,144.0,144.0,167.0
23408,23408,163,13,20,1,0,23,348.0,178.0,178.0,170.0
23409,23409,163,13,30,1,0,23,327.0,150.0,150.0,177.0
23410,23410,163,13,40,1,0,23,279.0,152.0,152.0,127.0
23411,23411,163,13,50,1,0,23,295.0,112.0,112.0,183.0
23412,23412,163,14,0,1,0,23,321.0,176.0,176.0,145.0
23413,23413,163,14,10,1,0,23,365.0,166.0,166.0,199.0
23414,23414,163,14,20,1,0,23,307.0,185.0,185.0,122.0
23415,23415,163,14,30,1,0,23,398.0,205.0,205.0,193.0
23416,23416,163,14,40,1,0,23,354.0,212.0,212.0,142.0
23417,23417,163,14,50,1,0,23,227.0,131.0,131.0,96.0
23418,23418,163,15,0,1,0,23,424.0,240.0,240.0,184.0
23419,23419,163,15,10,1,0,23,378.0,206.0,206.0,172.0
23420,23420,163,15,20,1,0,23,372.0,228.0,228.0,144.0
23421,23421,163,15,30,1,0,23,474.0,225.0,225.0,249.0
23422,23422,163,15,40,1,0,23,432.0,276.0,276.0,156.0
23423,23423,163,15,50,1,0,23,521.0,263.0,263.0,258.0
23424,23424,163,16,0,1,0,23,471.0,306.0,306.0,165.0
23425,23425,163,16,10,1,0,23,478.0,261.0,261.0,217.0
23426,23426,163,16,20,1,0,23,587.0,362.0,362.0,225.0
23427,23427,163,16,30,1,0,23,438.0,270.0,270.0,168.0
23428,23428,163,16,40,1,0,23,582.0,273.0,273.0,309.0
23429,23429,163,16,50,1,0,23,598.0,374.0,374.0,224.0
23430,23430,163,17,0,1,0,23,679.0,409.0,409.0,270.0
23431,23431,163,17,10,1,0,23,757.0,445.0,445.0,312.0
23432,23432,163,17,20,1,0,23,648.0,388.0,388.0,260.0
23433,23433,163,17,30,1,0,23,1003.0,688.0,688.0,315.0
23434,23434,163,17,40,1,0,23,815.0,596.0,596.0,219.0
23435,23435,163,17,50,1,0,23,1049.0,805.0,805.0,244.0
23436,23436,163,18,0,1,0,23,1014.0,781.0,781.0,233.0
23437,23437,163,18,10,1,0,23,940.0,699.0,699.0,241.0
23438,23438,163,18,20,1,0,23,1120.0,899.0,899.0,221.0
23439,23439,163,18,30,1,0,23,1194.0,949.0,949.0,245.0
23440,23440,163,18,40,1,0,23,1236.0,960.0,960.0,276.0
23441,23441,163,18,50,1,0,23,784.0,602.0,602.0,182.0
23442,23442,163,19,0,1,0,23,749.0,582.0,582.0,167.0
23443,23443,163,19,10,1,0,23,643.0,505.0,505.0,138.0
23444,23444,163,19,20,1,0,23,621.0,492.0,492.0,129.0
23445,23445,163,19,30,1,0,23,546.0,431.0,431.0,115.0
23446,23446,163,19,40,1,0,23,506.0,389.0,389.0,117.0
23447,23447,163,19,50,1,0,23,438.0,317.0,317.0,121.0
23448,23448,163,20,0,1,0,23,359.0,274.0,274.0,85.0
23449,23449,163,20,10,1,0,23,408.0,304.0,304.0,104.0
23450,23450,163,20,20,1,0,23,406.0,262.0,262.0,144.0
23451,23451,163,20,30,1,0,23,289.0,184.0,184.0,105.0
23452,23452,163,20,40,1,0,23,355.0,246.0,246.0,109.0
23453,23453,163,20,50,1,0,23,371.0,283.0,283.0,88.0
23454,23454,163,21,0,1,0,23,343.0,203.0,203.0,140.0
23455,23455,163,21,10,1,0,23,273.0,163.0,163.0,110.0
23456,23456,163,21,20,1,0,23,358.0,244.0,244.0,114.0
23457,23457,163,21,30,1,0,23,296.0,218.0,218.0,78.0
23458,23458,163,21,40,1,0,23,271.0,202.0,202.0,69.0
23459,23459,163,21,50,1,0,23,237.0,199.0,199.0,38.0
23460,23460,163,22,0,1,0,23,209.0,149.0,149.0,60.0
23461,23461,163,22,10,1,0,23,186.0,162.0,162.0,24.0
23462,23462,163,22,20,1,0,23,190.0,152.0,152.0,38.0
23463,23463,163,22,30,1,0,23,163.0,136.0,136.0,27.0
23464,23464,163,22,40,1,0,23,116.0,111.0,111.0,5.0
23465,23465,163,22,50,1,0,23,112.0,111.0,111.0,1.0
23502,23502,164,5,0,1,0,23,0.0,0.0,0.0,0.0
23503,23503,164,5,10,1,0,23,4.0,0.0,0.0,4.0
23504,23504,164,5,20,1,0,23,12.0,1.0,1.0,11.0
23505,23505,164,5,30,1,0,23,14.0,0.0,0.0,14.0
23506,23506,164,5,40,1,0,23,10.0,0.0,0.0,10.0
23507,23507,164,5,50,1,0,23,19.0,1.0,1.0,18.0
23508,23508,164,6,0,1,0,23,35.0,0.0,0.0,35.0
23509,23509,164,6,10,1,0,23,48.0,5.0,5.0,43.0
23510,23510,164,6,20,1,0,23,108.0,6.0,6.0,102.0
23511,23511,164,6,30,1,0,23,150.0,35.0,35.0,115.0
23512,23512,164,6,40,1,0,23,152.0,63.0,63.0,89.0
23513,23513,164,6,50,1,0,23,250.0,71.0,71.0,179.0
23514,23514,164,7,0,1,0,23,265.0,78.0,78.0,187.0
23515,23515,164,7,10,1,0,23,316.0,135.0,135.0,181.0
23516,23516,164,7,20,1,0,23,393.0,135.0,135.0,258.0
23517,23517,164,7,30,1,0,23,353.0,160.0,160.0,193.0
23518,23518,164,7,40,1,0,23,326.0,80.0,80.0,246.0
23519,23519,164,7,50,1,0,23,511.0,136.0,136.0,375.0
23520,23520,164,8,0,1,0,23,658.0,200.0,200.0,458.0
23521,23521,164,8,10,1,0,23,547.0,185.0,185.0,362.0
23522,23522,164,8,20,1,0,23,473.0,135.0,135.0,338.0
23523,23523,164,8,30,1,0,23,547.0,226.0,226.0,321.0
23524,23524,164,8,40,1,0,23,478.0,197.0,197.0,281.0
23525,23525,164,8,50,1,0,23,395.0,167.0,167.0,228.0
23526,23526,164,9,0,1,0,23,288.0,106.0,106.0,182.0
23527,23527,164,9,10,1,0,23,274.0,123.0,123.0,151.0
23528,23528,164,9,20,1,0,23,266.0,131.0,131.0,135.0
23529,23529,164,9,30,1,0,23,227.0,114.0,114.0,113.0
23530,23530,164,9,40,1,0,23,133.0,40.0,40.0,93.0
23531,23531,164,9,50,1,0,23,203.0,106.0,106.0,97.0
23532,23532,164,10,0,1,0,23,159.0,76.0,76.0,83.0
23533,23533,164,10,10,1,0,23,146.0,61.0,61.0,85.0
23534,23534,164,10,20,1,0,23,123.0,59.0,59.0,64.0
23535,23535,164,10,30,1,0,23,88.0,55.0,55.0,33.0
23536,23536,164,10,40,1,0,23,102.0,53.0,53.0,49.0
23537,23537,164,10,50,1,0,23,84.0,38.0,38.0,46.0
23538,23538,164,11,0,1,0,23,99.0,41.0,41.0,58.0
23539,23539,164,11,10,1,0,23,133.0,71.0,71.0,62.0
23540,23540,164,11,20,1,0,23,96.0,48.0,48.0,48.0
23541,23541,164,11,30,1,0,23,118.0,51.0,51.0,67.0
23542,23542,164,11,40,1,0,23,120.0,42.0,42.0,78.0
23543,23543,164,11,50,1,0,23,114.0,42.0,42.0,72.0
23544,23544,164,12,0,1,0,23,120.0,61.0,61.0,59.0
23545,23545,164,12,10,1,0,23,102.0,28.0,28.0,74.0
23546,23546,164,12,20,1,0,23,136.0,54.0,54.0,82.0
23547,23547,164,12,30,1,0,23,124.0,59.0,59.0,65.0
23548,23548,164,12,40,1,0,23,147.0,68.0,68.0,79.0
23549,23549,164,12,50,1,0,23,96.0,40.0,40.0,56.0
23550,23550,164,13,0,1,0,23,109.0,44.0,44.0,65.0
23551,23551,164,13,10,1,0,23,138.0,72.0,72.0,66.0
23552,23552,164,13,20,1,0,23,91.0,25.0,25.0,66.0
23553,23553,164,13,30,1,0,23,133.0,74.0,74.0,59.0
23554,23554,164,13,40,1,0,23,101.0,35.0,35.0,66.0
23555,23555,164,13,50,1,0,23,107.0,60.0,60.0,47.0
23556,23556,164,14,0,1,0,23,109.0,48.0,48.0,61.0
23557,23557,164,14,10,1,0,23,112.0,43.0,43.0,69.0
23558,23558,164,14,20,1,0,23,139.0,59.0,59.0,80.0
23559,23559,164,14,30,1,0,23,161.0,57.0,57.0,104.0
23560,23560,164,14,40,1,0,23,187.0,67.0,67.0,120.0
23561,23561,164,14,50,1,0,23,119.0,36.0,36.0,83.0
23562,23562,164,15,0,1,0,23,115.0,25.0,25.0,90.0
23563,23563,164,15,10,1,0,23,196.0,71.0,71.0,125.0
23564,23564,164,15,20,1,0,23,129.0,50.0,50.0,79.0
23565,23565,164,15,30,1,0,23,141.0,39.0,39.0,102.0
23566,23566,164,15,40,1,0,23,157.0,67.0,67.0,90.0
23567,23567,164,15,50,1,0,23,147.0,71.0,71.0,76.0
23568,23568,164,16,0,1,0,23,153.0,70.0,70.0,83.0
23569,23569,164,16,10,1,0,23,152.0,63.0,63.0,89.0
23570,23570,164,16,20,1,0,23,175.0,82.0,82.0,93.0
23571,23571,164,16,30,1,0,23,194.0,52.0,52.0,142.0
23572,23572,164,16,40,1,0,23,215.0,88.0,88.0,127.0
23573,23573,164,16,50,1,0,23,185.0,86.0,86.0,99.0
23574,23574,164,17,0,1,0,23,282.0,130.0,130.0,152.0
23575,23575,164,17,10,1,0,23,333.0,157.0,157.0,176.0
23576,23576,164,17,20,1,0,23,221.0,72.0,72.0,149.0
23577,23577,164,17,30,1,0,23,334.0,223.0,223.0,111.0
23578,23578,164,17,40,1,0,23,418.0,249.0,249.0,169.0
23579,23579,164,17,50,1,0,23,292.0,159.0,159.0,133.0
23580,23580,164,18,0,1,0,23,409.0,293.0,293.0,116.0
23581,23581,164,18,10,1,0,23,369.0,203.0,203.0,166.0
23582,23582,164,18,20,1,0,23,352.0,223.0,223.0,129.0
23583,23583,164,18,30,1,0,23,281.0,182.0,182.0,99.0
23584,23584,164,18,40,1,0,23,377.0,281.0,281.0,96.0
23585,23585,164,18,50,1,0,23,268.0,224.0,224.0,44.0
23586,23586,164,19,0,1,0,23,258.0,180.0,180.0,78.0
23587,23587,164,19,10,1,0,23,178.0,134.0,134.0,44.0
23588,23588,164,19,20,1,0,23,150.0,116.0,116.0,34.0
23589,23589,164,19,30,1,0,23,162.0,121.0,121.0,41.0
23590,23590,164,19,40,1,0,23,124.0,90.0,90.0,34.0
23591,23591,164,19,50,1,0,23,102.0,86.0,86.0,16.0
23592,23592,164,20,0,1,0,23,134.0,97.0,97.0,37.0
23593,23593,164,20,10,1,0,23,113.0,82.0,82.0,31.0
23594,23594,164,20,20,1,0,23,80.0,56.0,56.0,24.0
23595,23595,164,20,30,1,0,23,94.0,69.0,69.0,25.0
23596,23596,164,20,40,1,0,23,108.0,82.0,82.0,26.0
23597,23597,164,20,50,1,0,23,70.0,47.0,47.0,23.0
23598,23598,164,21,0,1,0,23,98.0,77.0,77.0,21.0
23599,23599,164,21,10,1,0,23,82.0,52.0,52.0,30.0
23600,23600,164,21,20,1,0,23,74.0,52.0,52.0,22.0
23601,23601,164,21,30,1,0,23,54.0,41.0,41.0,13.0
23602,23602,164,21,40,1,0,23,108.0,88.0,88.0,20.0
23603,23603,164,21,50,1,0,23,58.0,43.0,43.0,15.0
23604,23604,164,22,0,1,0,23,69.0,52.0,52.0,17.0
23605,23605,164,22,10,1,0,23,88.0,74.0,74.0,14.0
23606,23606,164,22,20,1,0,23,38.0,30.0,30.0,8.0
23607,23607,164,22,30,1,0,23,64.0,63.0,63.0,1.0
23608,23608,164,22,40,1,0,23,40.0,40.0,40.0,0.0
23609,23609,164,22,50,1,0,23,18.0,18.0,18.0,0.0
23646,23646,165,5,0,1,0,23,0.0,0.0,0.0,0.0
23647,23647,165,5,10,1,0,23,1.0,1.0,1.0,0.0
23648,23648,165,5,20,1,0,23,24.0,0.0,0.0,24.0
23649,23649,165,5,30,1,0,23,17.0,0.0,0.0,17.0
23650,23650,165,5,40,1,0,23,30.0,0.0,0.0,30.0
23651,23651,165,5,50,1,0,23,30.0,0.0,0.0,30.0
23652,23652,165,6,0,1,0,23,36.0,0.0,0.0,36.0
23653,23653,165,6,10,1,0,23,62.0,1.0,1.0,61.0
23654,23654,165,6,20,1,0,23,95.0,27.0,27.0,68.0
23655,23655,165,6,30,1,0,23,87.0,18.0,18.0,69.0
23656,23656,165,6,40,1,0,23,111.0,1.0,1.0,110.0
23657,23657,165,6,50,1,0,23,156.0,30.0,30.0,126.0
23658,23658,165,7,0,1,0,23,186.0,38.0,38.0,148.0
23659,23659,165,7,10,1,0,23,262.0,8.0,8.0,254.0
23660,23660,165,7,20,1,0,23,266.0,63.0,63.0,203.0
23661,23661,165,7,30,1,0,23,307.0,88.0,88.0,219.0
23662,23662,165,7,40,1,0,23,289.0,13.0,13.0,276.0
23663,23663,165,7,50,1,0,23,352.0,96.0,96.0,256.0
23664,23664,165,8,0,1,0,23,274.0,144.0,144.0,130.0
23665,23665,165,8,10,1,0,23,179.0,23.0,23.0,156.0
23666,23666,165,8,20,1,0,23,286.0,154.0,154.0,132.0
23667,23667,165,8,30,1,0,23,183.0,99.0,99.0,84.0
23668,23668,165,8,40,1,0,23,104.0,0.0,0.0,104.0
23669,23669,165,8,50,1,0,23,113.0,63.0,63.0,50.0
23670,23670,165,9,0,1,0,23,104.0,46.0,46.0,58.0
23671,23671,165,9,10,1,0,23,55.0,2.0,2.0,53.0
23672,23672,165,9,20,1,0,23,84.0,56.0,56.0,28.0
23673,23673,165,9,30,1,0,23,85.0,42.0,42.0,43.0
23674,23674,165,9,40,1,0,23,47.0,5.0,5.0,42.0
23675,23675,165,9,50,1,0,23,74.0,37.0,37.0,37.0
23676,23676,165,10,0,1,0,23,28.0,3.0,3.0,25.0
23677,23677,165,10,10,1,0,23,116.0,79.0,79.0,37.0
23678,23678,165,10,20,1,0,23,48.0,26.0,26.0,22.0
23679,23679,165,10,30,1,0,23,39.0,12.0,12.0,27.0
23680,23680,165,10,40,1,0,23,45.0,26.0,26.0,19.0
23681,23681,165,10,50,1,0,23,37.0,20.0,20.0,17.0
23682,23682,165,11,0,1,0,23,59.0,34.0,34.0,25.0
23683,23683,165,11,10,1,0,23,31.0,5.0,5.0,26.0
23684,23684,165,11,20,1,0,23,74.0,39.0,39.0,35.0
23685,23685,165,11,30,1,0,23,44.0,23.0,23.0,21.0
23686,23686,165,11,40,1,0,23,43.0,12.0,12.0,31.0
23687,23687,165,11,50,1,0,23,86.0,46.0,46.0,40.0
23688,23688,165,12,0,1,0,23,81.0,47.0,47.0,34.0
23689,23689,165,12,10,1,0,23,48.0,5.0,5.0,43.0
23690,23690,165,12,20,1,0,23,90.0,52.0,52.0,38.0
23691,23691,165,12,30,1,0,23,73.0,48.0,48.0,25.0
23692,23692,165,12,40,1,0,23,59.0,33.0,33.0,26.0
23693,23693,165,12,50,1,0,23,41.0,8.0,8.0,33.0
23694,23694,165,13,0,1,0,23,83.0,54.0,54.0,29.0
23695,23695,165,13,10,1,0,23,64.0,38.0,38.0,26.0
23696,23696,165,13,20,1,0,23,36.0,0.0,0.0,36.0
23697,23697,165,13,30,1,0,23,64.0,36.0,36.0,28.0
23698,23698,165,13,40,1,0,23,61.0,40.0,40.0,21.0
23699,23699,165,13,50,1,0,23,66.0,38.0,38.0,28.0
23700,23700,165,14,0,1,0,23,53.0,26.0,26.0,27.0
23701,23701,165,14,10,1,0,23,64.0,40.0,40.0,24.0
23702,23702,165,14,20,1,0,23,63.0,33.0,33.0,30.0
23703,23703,165,14,30,1,0,23,40.0,10.0,10.0,30.0
23704,23704,165,14,40,1,0,23,68.0,23.0,23.0,45.0
23705,23705,165,14,50,1,0,23,65.0,36.0,36.0,29.0
23706,23706,165,15,0,1,0,23,76.0,42.0,42.0,34.0
23707,23707,165,15,10,1,0,23,27.0,3.0,3.0,24.0
23708,23708,165,15,20,1,0,23,82.0,49.0,49.0,33.0
23709,23709,165,15,30,1,0,23,75.0,40.0,40.0,35.0
23710,23710,165,15,40,1,0,23,89.0,51.0,51.0,38.0
23711,23711,165,15,50,1,0,23,57.0,29.0,29.0,28.0
23712,23712,165,16,0,1,0,23,134.0,82.0,82.0,52.0
23713,23713,165,16,10,1,0,23,84.0,39.0,39.0,45.0
23714,23714,165,16,20,1,0,23,81.0,24.0,24.0,57.0
23715,23715,165,16,30,1,0,23,157.0,66.0,66.0,91.0
23716,23716,165,16,40,1,0,23,125.0,63.0,63.0,62.0
23717,23717,165,16,50,1,0,23,116.0,61.0,61.0,55.0
23718,23718,165,17,0,1,0,23,145.0,6.0,6.0,139.0
23719,23719,165,17,10,1,0,23,192.0,122.0,122.0,70.0
23720,23720,165,17,20,1,0,23,227.0,138.0,138.0,89.0
23721,23721,165,17,30,1,0,23,63.0,3.0,3.0,60.0
23722,23722,165,17,40,1,0,23,181.0,118.0,118.0,63.0
23723,23723,165,17,50,1,0,23,176.0,139.0,139.0,37.0
23724,23724,165,18,0,1,0,23,31.0,3.0,3.0,28.0
23725,23725,165,18,10,1,0,23,225.0,192.0,192.0,33.0
23726,23726,165,18,20,1,0,23,153.0,112.0,112.0,41.0
23727,23727,165,18,30,1,0,23,86.0,59.0,59.0,27.0
23728,23728,165,18,40,1,0,23,198.0,185.0,185.0,13.0
23729,23729,165,18,50,1,0,23,164.0,149.0,149.0,15.0
23730,23730,165,19,0,1,0,23,21.0,3.0,3.0,18.0
23731,23731,165,19,10,1,0,23,216.0,186.0,186.0,30.0
23732,23732,165,19,20,1,0,23,146.0,128.0,128.0,18.0
23733,23733,165,19,30,1,0,23,18.0,7.0,7.0,11.0
23734,23734,165,19,40,1,0,23,127.0,111.0,111.0,16.0
23735,23735,165,19,50,1,0,23,90.0,75.0,75.0,15.0
23736,23736,165,20,0,1,0,23,63.0,52.0,52.0,11.0
23737,23737,165,20,10,1,0,23,63.0,43.0,43.0,20.0
23738,23738,165,20,20,1,0,23,24.0,3.0,3.0,21.0
23739,23739,165,20,30,1,0,23,94.0,71.0,71.0,23.0
23740,23740,165,20,40,1,0,23,92.0,68.0,68.0,24.0
23741,23741,165,20,50,1,0,23,17.0,9.0,9.0,8.0
23742,23742,165,21,0,1,0,23,61.0,37.0,37.0,24.0
23743,23743,165,21,10,1,0,23,81.0,69.0,69.0,12.0
23744,23744,165,21,20,1,0,23,14.0,0.0,0.0,14.0
23745,23745,165,21,30,1,0,23,60.0,48.0,48.0,12.0
23746,23746,165,21,40,1,0,23,65.0,55.0,55.0,10.0
23747,23747,165,21,50,1,0,23,18.0,1.0,1.0,17.0
23748,23748,165,22,0,1,0,23,58.0,46.0,46.0,12.0
23749,23749,165,22,10,1,0,23,66.0,55.0,55.0,11.0
23750,23750,165,22,20,1,0,23,14.0,3.0,3.0,11.0
23751,23751,165,22,30,1,0,23,56.0,51.0,51.0,5.0
23752,23752,165,22,40,1,0,23,23.0,22.0,22.0,1.0
23753,23753,165,22,50,1,0,23,5.0,5.0,5.0,0.0
23790,23790,166,5,0,1,0,23,0.0,0.0,0.0,0.0
23791,23791,166,5,10,1,0,23,0.0,0.0,0.0,0.0
23792,23792,166,5,20,1,0,23,22.0,0.0,0.0,22.0
23793,23793,166,5,30,1,0,23,29.0,1.0,1.0,28.0
23794,23794,166,5,40,1,0,23,38.0,0.0,0.0,38.0
23795,23795,166,5,50,1,0,23,33.0,0.0,0.0,33.0
23796,23796,166,6,0,1,0,23,47.0,1.0,1.0,46.0
23797,23797,166,6,10,1,0,23,58.0,3.0,3.0,55.0
23798,23798,166,6,20,1,0,23,110.0,34.0,34.0,76.0
23799,23799,166,6,30,1,0,23,124.0,24.0,24.0,100.0
23800,23800,166,6,40,1,0,23,144.0,31.0,31.0,113.0
23801,23801,166,6,50,1,0,23,157.0,12.0,12.0,145.0
23802,23802,166,7,0,1,0,23,283.0,85.0,85.0,198.0
23803,23803,166,7,10,1,0,23,317.0,81.0,81.0,236.0
23804,23804,166,7,20,1,0,23,228.0,22.0,22.0,206.0
23805,23805,166,7,30,1,0,23,353.0,121.0,121.0,232.0
23806,23806,166,7,40,1,0,23,291.0,1.0,1.0,290.0
23807,23807,166,7,50,1,0,23,329.0,125.0,125.0,204.0
23808,23808,166,8,0,1,0,23,383.0,192.0,192.0,191.0
23809,23809,166,8,10,1,0,23,282.0,77.0,77.0,205.0
23810,23810,166,8,20,1,0,23,200.0,80.0,80.0,120.0
23811,23811,166,8,30,1,0,23,255.0,145.0,145.0,110.0
23812,23812,166,8,40,1,0,23,122.0,1.0,1.0,121.0
23813,23813,166,8,50,1,0,23,261.0,186.0,186.0,75.0
23814,23814,166,9,0,1,0,23,185.0,106.0,106.0,79.0
23815,23815,166,9,10,1,0,23,91.0,44.0,44.0,47.0
23816,23816,166,9,20,1,0,23,89.0,43.0,43.0,46.0
23817,23817,166,9,30,1,0,23,147.0,83.0,83.0,64.0
23818,23818,166,9,40,1,0,23,69.0,9.0,9.0,60.0
23819,23819,166,9,50,1,0,23,140.0,84.0,84.0,56.0
23820,23820,166,10,0,1,0,23,66.0,7.0,7.0,59.0
23821,23821,166,10,10,1,0,23,209.0,146.0,146.0,63.0
23822,23822,166,10,20,1,0,23,118.0,65.0,65.0,53.0
23823,23823,166,10,30,1,0,23,48.0,2.0,2.0,46.0
23824,23824,166,10,40,1,0,23,101.0,61.0,61.0,40.0
23825,23825,166,10,50,1,0,23,112.0,41.0,41.0,71.0
23826,23826,166,11,0,1,0,23,106.0,53.0,53.0,53.0
23827,23827,166,11,10,1,0,23,58.0,2.0,2.0,56.0
23828,23828,166,11,20,1,0,23,115.0,74.0,74.0,41.0
23829,23829,166,11,30,1,0,23,79.0,26.0,26.0,53.0
23830,23830,166,11,40,1,0,23,87.0,39.0,39.0,48.0
23831,23831,166,11,50,1,0,23,46.0,8.0,8.0,38.0
23832,23832,166,12,0,1,0,23,94.0,55.0,55.0,39.0
23833,23833,166,12,10,1,0,23,87.0,39.0,39.0,48.0
23834,23834,166,12,20,1,0,23,55.0,4.0,4.0,51.0
23835,23835,166,12,30,1,0,23,119.0,67.0,67.0,52.0
23836,23836,166,12,40,1,0,23,94.0,62.0,62.0,32.0
23837,23837,166,12,50,1,0,23,56.0,6.0,6.0,50.0
23838,23838,166,13,0,1,0,23,108.0,70.0,70.0,38.0
23839,23839,166,13,10,1,0,23,82.0,47.0,47.0,35.0
23840,23840,166,13,20,1,0,23,106.0,63.0,63.0,43.0
23841,23841,166,13,30,1,0,23,47.0,13.0,13.0,34.0
23842,23842,166,13,40,1,0,23,114.0,69.0,69.0,45.0
23843,23843,166,13,50,1,0,23,99.0,67.0,67.0,32.0
23844,23844,166,14,0,1,0,23,81.0,30.0,30.0,51.0
23845,23845,166,14,10,1,0,23,87.0,35.0,35.0,52.0
23846,23846,166,14,20,1,0,23,103.0,57.0,57.0,46.0
23847,23847,166,14,30,1,0,23,123.0,75.0,75.0,48.0
23848,23848,166,14,40,1,0,23,52.0,10.0,10.0,42.0
23849,23849,166,14,50,1,0,23,138.0,61.0,61.0,77.0
23850,23850,166,15,0,1,0,23,121.0,62.0,62.0,59.0
23851,23851,166,15,10,1,0,23,71.0,8.0,8.0,63.0
23852,23852,166,15,20,1,0,23,139.0,71.0,71.0,68.0
23853,23853,166,15,30,1,0,23,125.0,68.0,68.0,57.0
23854,23854,166,15,40,1,0,23,152.0,99.0,99.0,53.0
23855,23855,166,15,50,1,0,23,63.0,6.0,6.0,57.0
23856,23856,166,16,0,1,0,23,151.0,100.0,100.0,51.0
23857,23857,166,16,10,1,0,23,144.0,83.0,83.0,61.0
23858,23858,166,16,20,1,0,23,109.0,52.0,52.0,57.0
23859,23859,166,16,30,1,0,23,128.0,42.0,42.0,86.0
23860,23860,166,16,40,1,0,23,172.0,118.0,118.0,54.0
23861,23861,166,16,50,1,0,23,161.0,97.0,97.0,64.0
23862,23862,166,17,0,1,0,23,156.0,60.0,60.0,96.0
23863,23863,166,17,10,1,0,23,178.0,89.0,89.0,89.0
23864,23864,166,17,20,1,0,23,197.0,128.0,128.0,69.0
23865,23865,166,17,30,1,0,23,134.0,64.0,64.0,70.0
23866,23866,166,17,40,1,0,23,217.0,139.0,139.0,78.0
23867,23867,166,17,50,1,0,23,231.0,178.0,178.0,53.0
23868,23868,166,18,0,1,0,23,83.0,34.0,34.0,49.0
23869,23869,166,18,10,1,0,23,308.0,240.0,240.0,68.0
23870,23870,166,18,20,1,0,23,321.0,261.0,261.0,60.0
23871,23871,166,18,30,1,0,23,42.0,7.0,7.0,35.0
23872,23872,166,18,40,1,0,23,307.0,267.0,267.0,40.0
23873,23873,166,18,50,1,0,23,303.0,260.0,260.0,43.0
23874,23874,166,19,0,1,0,23,35.0,8.0,8.0,27.0
23875,23875,166,19,10,1,0,23,310.0,285.0,285.0,25.0
23876,23876,166,19,20,1,0,23,240.0,219.0,219.0,21.0
23877,23877,166,19,30,1,0,23,109.0,82.0,82.0,27.0
23878,23878,166,19,40,1,0,23,100.0,89.0,89.0,11.0
23879,23879,166,19,50,1,0,23,143.0,129.0,129.0,14.0
23880,23880,166,20,0,1,0,23,103.0,68.0,68.0,35.0
23881,23881,166,20,10,1,0,23,101.0,80.0,80.0,21.0
23882,23882,166,20,20,1,0,23,105.0,80.0,80.0,25.0
23883,23883,166,20,30,1,0,23,42.0,16.0,16.0,26.0
23884,23884,166,20,40,1,0,23,105.0,84.0,84.0,21.0
23885,23885,166,20,50,1,0,23,87.0,67.0,67.0,20.0
23886,23886,166,21,0,1,0,23,18.0,4.0,4.0,14.0
23887,23887,166,21,10,1,0,23,112.0,89.0,89.0,23.0
23888,23888,166,21,20,1,0,23,87.0,77.0,77.0,10.0
23889,23889,166,21,30,1,0,23,17.0,6.0,6.0,11.0
23890,23890,166,21,40,1,0,23,100.0,89.0,89.0,11.0
23891,23891,166,21,50,1,0,23,84.0,73.0,73.0,11.0
23892,23892,166,22,0,1,0,23,16.0,3.0,3.0,13.0
23893,23893,166,22,10,1,0,23,96.0,87.0,87.0,9.0
23894,23894,166,22,20,1,0,23,72.0,65.0,65.0,7.0
23895,23895,166,22,30,1,0,23,37.0,34.0,34.0,3.0
23896,23896,166,22,40,1,0,23,54.0,51.0,51.0,3.0
23897,23897,166,22,50,1,0,23,51.0,49.0,49.0,2.0
23934,23934,167,5,0,1,0,23,0.0,0.0,0.0,0.0
23935,23935,167,5,10,1,0,23,0.0,0.0,0.0,0.0
23936,23936,167,5,20,1,0,23,5.0,0.0,0.0,5.0
23937,23937,167,5,30,1,0,23,17.0,0.0,0.0,17.0
23938,23938,167,5,40,1,0,23,16.0,0.0,0.0,16.0
23939,23939,167,5,50,1,0,23,22.0,3.0,3.0,19.0
23940,23940,167,6,0,1,0,23,43.0,1.0,1.0,42.0
23941,23941,167,6,10,1,0,23,46.0,5.0,5.0,41.0
23942,23942,167,6,20,1,0,23,103.0,6.0,6.0,97.0
23943,23943,167,6,30,1,0,23,87.0,11.0,11.0,76.0
23944,23944,167,6,40,1,0,23,95.0,24.0,24.0,71.0
23945,23945,167,6,50,1,0,23,143.0,1.0,1.0,142.0
23946,23946,167,7,0,1,0,23,231.0,59.0,59.0,172.0
23947,23947,167,7,10,1,0,23,217.0,96.0,96.0,121.0
23948,23948,167,7,20,1,0,23,231.0,50.0,50.0,181.0
23949,23949,167,7,30,1,0,23,214.0,5.0,5.0,209.0
23950,23950,167,7,40,1,0,23,195.0,38.0,38.0,157.0
23951,23951,167,7,50,1,0,23,185.0,31.0,31.0,154.0
23952,23952,167,8,0,1,0,23,160.0,2.0,2.0,158.0
23953,23953,167,8,10,1,0,23,154.0,63.0,63.0,91.0
23954,23954,167,8,20,1,0,23,181.0,65.0,65.0,116.0
23955,23955,167,8,30,1,0,23,92.0,2.0,2.0,90.0
23956,23956,167,8,40,1,0,23,131.0,70.0,70.0,61.0
23957,23957,167,8,50,1,0,23,75.0,3.0,3.0,72.0
23958,23958,167,9,0,1,0,23,106.0,46.0,46.0,60.0
23959,23959,167,9,10,1,0,23,63.0,32.0,32.0,31.0
23960,23960,167,9,20,1,0,23,43.0,1.0,1.0,42.0
23961,23961,167,9,30,1,0,23,58.0,25.0,25.0,33.0
23962,23962,167,9,40,1,0,23,53.0,23.0,23.0,30.0
23963,23963,167,9,50,1,0,23,27.0,3.0,3.0,24.0
23964,23964,167,10,0,1,0,23,59.0,29.0,29.0,30.0
23965,23965,167,10,10,1,0,23,42.0,20.0,20.0,22.0
23966,23966,167,10,20,1,0,23,32.0,16.0,16.0,16.0
23967,23967,167,10,30,1,0,23,37.0,18.0,18.0,19.0
23968,23968,167,10,40,1,0,23,31.0,12.0,12.0,19.0
23969,23969,167,10,50,1,0,23,21.0,2.0,2.0,19.0
23970,23970,167,11,0,1,0,23,34.0,14.0,14.0,20.0
23971,23971,167,11,10,1,0,23,38.0,22.0,22.0,16.0
23972,23972,167,11,20,1,0,23,38.0,21.0,21.0,17.0
23973,23973,167,11,30,1,0,23,28.0,11.0,11.0,17.0
23974,23974,167,11,40,1,0,23,37.0,17.0,17.0,20.0
23975,23975,167,11,50,1,0,23,27.0,14.0,14.0,13.0
23976,23976,167,12,0,1,0,23,34.0,7.0,7.0,27.0
23977,23977,167,12,10,1,0,23,41.0,21.0,21.0,20.0
23978,23978,167,12,20,1,0,23,33.0,17.0,17.0,16.0
23979,23979,167,12,30,1,0,23,27.0,4.0,4.0,23.0
23980,23980,167,12,40,1,0,23,41.0,21.0,21.0,20.0
23981,23981,167,12,50,1,0,23,44.0,25.0,25.0,19.0
23982,23982,167,13,0,1,0,23,26.0,9.0,9.0,17.0
23983,23983,167,13,10,1,0,23,31.0,6.0,6.0,25.0
23984,23984,167,13,20,1,0,23,37.0,23.0,23.0,14.0
23985,23985,167,13,30,1,0,23,36.0,18.0,18.0,18.0
23986,23986,167,13,40,1,0,23,7.0,1.0,1.0,6.0
23987,23987,167,13,50,1,0,23,40.0,19.0,19.0,21.0
23988,23988,167,14,0,1,0,23,36.0,22.0,22.0,14.0
23989,23989,167,14,10,1,0,23,30.0,12.0,12.0,18.0
23990,23990,167,14,20,1,0,23,20.0,8.0,8.0,12.0
23991,23991,167,14,30,1,0,23,34.0,25.0,25.0,9.0
23992,23992,167,14,40,1,0,23,38.0,22.0,22.0,16.0
23993,23993,167,14,50,1,0,23,16.0,7.0,7.0,9.0
23994,23994,167,15,0,1,0,23,67.0,41.0,41.0,26.0
23995,23995,167,15,10,1,0,23,52.0,37.0,37.0,15.0
23996,23996,167,15,20,1,0,23,32.0,14.0,14.0,18.0
23997,23997,167,15,30,1,0,23,131.0,21.0,21.0,110.0
23998,23998,167,15,40,1,0,23,103.0,39.0,39.0,64.0
23999,23999,167,15,50,1,0,23,89.0,22.0,22.0,67.0
24000,24000,167,16,0,1,0,23,29.0,2.0,2.0,27.0
24001,24001,167,16,10,1,0,23,47.0,28.0,28.0,19.0
24002,24002,167,16,20,1,0,23,76.0,51.0,51.0,25.0
24003,24003,167,16,30,1,0,23,66.0,38.0,38.0,28.0
24004,24004,167,16,40,1,0,23,53.0,16.0,16.0,37.0
24005,24005,167,16,50,1,0,23,81.0,54.0,54.0,27.0
24006,24006,167,17,0,1,0,23,100.0,75.0,75.0,25.0
24007,24007,167,17,10,1,0,23,48.0,7.0,7.0,41.0
24008,24008,167,17,20,1,0,23,108.0,82.0,82.0,26.0
24009,24009,167,17,30,1,0,23,130.0,113.0,113.0,17.0
24010,24010,167,17,40,1,0,23,49.0,8.0,8.0,41.0
24011,24011,167,17,50,1,0,23,153.0,124.0,124.0,29.0
24012,24012,167,18,0,1,0,23,137.0,123.0,123.0,14.0
24013,24013,167,18,10,1,0,23,36.0,3.0,3.0,33.0
24014,24014,167,18,20,1,0,23,211.0,152.0,152.0,59.0
24015,24015,167,18,30,1,0,23,154.0,135.0,135.0,19.0
24016,24016,167,18,40,1,0,23,25.0,7.0,7.0,18.0
24017,24017,167,18,50,1,0,23,146.0,123.0,123.0,23.0
24018,24018,167,19,0,1,0,23,167.0,153.0,153.0,14.0
24019,24019,167,19,10,1,0,23,9.0,2.0,2.0,7.0
24020,24020,167,19,20,1,0,23,143.0,127.0,127.0,16.0
24021,24021,167,19,30,1,0,23,98.0,84.0,84.0,14.0
24022,24022,167,19,40,1,0,23,12.0,4.0,4.0,8.0
24023,24023,167,19,50,1,0,23,83.0,74.0,74.0,9.0
24024,24024,167,20,0,1,0,23,51.0,40.0,40.0,11.0
24025,24025,167,20,10,1,0,23,53.0,38.0,38.0,15.0
24026,24026,167,20,20,1,0,23,53.0,42.0,42.0,11.0
24027,24027,167,20,30,1,0,23,7.0,1.0,1.0,6.0
24028,24028,167,20,40,1,0,23,87.0,83.0,83.0,4.0
24029,24029,167,20,50,1,0,23,51.0,45.0,45.0,6.0
24030,24030,167,21,0,1,0,23,74.0,69.0,69.0,5.0
24031,24031,167,21,10,1,0,23,13.0,4.0,4.0,9.0
24032,24032,167,21,20,1,0,23,60.0,52.0,52.0,8.0
24033,24033,167,21,30,1,0,23,59.0,54.0,54.0,5.0
24034,24034,167,21,40,1,0,23,14.0,4.0,4.0,10.0
24035,24035,167,21,50,1,0,23,65.0,61.0,61.0,4.0
24036,24036,167,22,0,1,0,23,36.0,33.0,33.0,3.0
24037,24037,167,22,10,1,0,23,9.0,7.0,7.0,2.0
24038,24038,167,22,20,1,0,23,55.0,50.0,50.0,5.0
24039,24039,167,22,30,1,0,23,28.0,24.0,24.0,4.0
24040,24040,167,22,40,1,0,23,30.0,30.0,30.0,0.0
24041,24041,167,22,50,1,0,23,38.0,38.0,38.0,0.0
24078,24078,168,5,0,1,0,23,0.0,0.0,0.0,0.0
24079,24079,168,5,10,1,0,23,0.0,0.0,0.0,0.0
24080,24080,168,5,20,1,0,23,1.0,0.0,0.0,1.0
24081,24081,168,5,30,1,0,23,3.0,0.0,0.0,3.0
24082,24082,168,5,40,1,0,23,6.0,1.0,1.0,5.0
24083,24083,168,5,50,1,0,23,5.0,0.0,0.0,5.0
24084,24084,168,6,0,1,0,23,14.0,1.0,1.0,13.0
24085,24085,168,6,10,1,0,23,18.0,0.0,0.0,18.0
24086,24086,168,6,20,1,0,23,26.0,0.0,0.0,26.0
24087,24087,168,6,30,1,0,23,67.0,35.0,35.0,32.0
24088,24088,168,6,40,1,0,23,83.0,46.0,46.0,37.0
24089,24089,168,6,50,1,0,23,129.0,94.0,94.0,35.0
24090,24090,168,7,0,1,0,23,48.0,0.0,0.0,48.0
24091,24091,168,7,10,1,0,23,123.0,94.0,94.0,29.0
24092,24092,168,7,20,1,0,23,246.0,177.0,177.0,69.0
24093,24093,168,7,30,1,0,23,55.0,7.0,7.0,48.0
24094,24094,168,7,40,1,0,23,277.0,243.0,243.0,34.0
24095,24095,168,7,50,1,0,23,42.0,1.0,1.0,41.0
24096,24096,168,8,0,1,0,23,317.0,264.0,264.0,53.0
24097,24097,168,8,10,1,0,23,297.0,274.0,274.0,23.0
24098,24098,168,8,20,1,0,23,150.0,105.0,105.0,45.0
24099,24099,168,8,30,1,0,23,50.0,17.0,17.0,33.0
24100,24100,168,8,40,1,0,23,100.0,65.0,65.0,35.0
24101,24101,168,8,50,1,0,23,35.0,1.0,1.0,34.0
24102,24102,168,9,0,1,0,23,71.0,53.0,53.0,18.0
24103,24103,168,9,10,1,0,23,54.0,38.0,38.0,16.0
24104,24104,168,9,20,1,0,23,44.0,20.0,20.0,24.0
24105,24105,168,9,30,1,0,23,17.0,2.0,2.0,15.0
24106,24106,168,9,40,1,0,23,34.0,20.0,20.0,14.0
24107,24107,168,9,50,1,0,23,16.0,2.0,2.0,14.0
24108,24108,168,10,0,1,0,23,28.0,20.0,20.0,8.0
24109,24109,168,10,10,1,0,23,18.0,1.0,1.0,17.0
24110,24110,168,10,20,1,0,23,41.0,29.0,29.0,12.0
24111,24111,168,10,30,1,0,23,15.0,11.0,11.0,4.0
24112,24112,168,10,40,1,0,23,13.0,0.0,0.0,13.0
24113,24113,168,10,50,1,0,23,23.0,14.0,14.0,9.0
24114,24114,168,11,0,1,0,23,26.0,12.0,12.0,14.0
24115,24115,168,11,10,1,0,23,18.0,8.0,8.0,10.0
24116,24116,168,11,20,1,0,23,22.0,2.0,2.0,20.0
24117,24117,168,11,30,1,0,23,37.0,24.0,24.0,13.0
24118,24118,168,11,40,1,0,23,39.0,16.0,16.0,23.0
24119,24119,168,11,50,1,0,23,44.0,17.0,17.0,27.0
24120,24120,168,12,0,1,0,23,27.0,2.0,2.0,25.0
24121,24121,168,12,10,1,0,23,28.0,20.0,20.0,8.0
24122,24122,168,12,20,1,0,23,31.0,14.0,14.0,17.0
24123,24123,168,12,30,1,0,23,9.0,1.0,1.0,8.0
24124,24124,168,12,40,1,0,23,28.0,12.0,12.0,16.0
24125,24125,168,12,50,1,0,23,42.0,19.0,19.0,23.0
24126,24126,168,13,0,1,0,23,12.0,0.0,0.0,12.0
24127,24127,168,13,10,1,0,23,23.0,11.0,11.0,12.0
24128,24128,168,13,20,1,0,23,37.0,11.0,11.0,26.0
24129,24129,168,13,30,1,0,23,22.0,8.0,8.0,14.0
24130,24130,168,13,40,1,0,23,13.0,0.0,0.0,13.0
24131,24131,168,13,50,1,0,23,29.0,15.0,15.0,14.0
24132,24132,168,14,0,1,0,23,30.0,15.0,15.0,15.0
24133,24133,168,14,10,1,0,23,27.0,14.0,14.0,13.0
24134,24134,168,14,20,1,0,23,27.0,3.0,3.0,24.0
24135,24135,168,14,30,1,0,23,30.0,14.0,14.0,16.0
24136,24136,168,14,40,1,0,23,46.0,7.0,7.0,39.0
24137,24137,168,14,50,1,0,23,25.0,0.0,0.0,25.0
24138,24138,168,15,0,1,0,23,44.0,19.0,19.0,25.0
24139,24139,168,15,10,1,0,23,31.0,12.0,12.0,19.0
24140,24140,168,15,20,1,0,23,40.0,12.0,12.0,28.0
24141,24141,168,15,30,1,0,23,30.0,3.0,3.0,27.0
24142,24142,168,15,40,1,0,23,52.0,19.0,19.0,33.0
24143,24143,168,15,50,1,0,23,63.0,16.0,16.0,47.0
24144,24144,168,16,0,1,0,23,49.0,0.0,0.0,49.0
24145,24145,168,16,10,1,0,23,88.0,16.0,16.0,72.0
24146,24146,168,16,20,1,0,23,92.0,15.0,15.0,77.0
24147,24147,168,16,30,1,0,23,83.0,12.0,12.0,71.0
24148,24148,168,16,40,1,0,23,140.0,1.0,1.0,139.0
24149,24149,168,16,50,1,0,23,214.0,24.0,24.0,190.0
24150,24150,168,17,0,1,0,23,310.0,17.0,17.0,293.0
24151,24151,168,17,10,1,0,23,244.0,18.0,18.0,226.0
24152,24152,168,17,20,1,0,23,95.0,2.0,2.0,93.0
24153,24153,168,17,30,1,0,23,92.0,15.0,15.0,77.0
24154,24154,168,17,40,1,0,23,74.0,28.0,28.0,46.0
24155,24155,168,17,50,1,0,23,35.0,1.0,1.0,34.0
24156,24156,168,18,0,1,0,23,65.0,32.0,32.0,33.0
24157,24157,168,18,10,1,0,23,61.0,32.0,32.0,29.0
24158,24158,168,18,20,1,0,23,38.0,10.0,10.0,28.0
24159,24159,168,18,30,1,0,23,59.0,39.0,39.0,20.0
24160,24160,168,18,40,1,0,23,24.0,0.0,0.0,24.0
24161,24161,168,18,50,1,0,23,71.0,50.0,50.0,21.0
24162,24162,168,19,0,1,0,23,85.0,74.0,74.0,11.0
24163,24163,168,19,10,1,0,23,17.0,8.0,8.0,9.0
24164,24164,168,19,20,1,0,23,56.0,46.0,46.0,10.0
24165,24165,168,19,30,1,0,23,37.0,30.0,30.0,7.0
24166,24166,168,19,40,1,0,23,22.0,14.0,14.0,8.0
24167,24167,168,19,50,1,0,23,13.0,5.0,5.0,8.0
24168,24168,168,20,0,1,0,23,51.0,22.0,22.0,29.0
24169,24169,168,20,10,1,0,23,53.0,19.0,19.0,34.0
24170,24170,168,20,20,1,0,23,60.0,13.0,13.0,47.0
24171,24171,168,20,30,1,0,23,36.0,18.0,18.0,18.0
24172,24172,168,20,40,1,0,23,20.0,0.0,0.0,20.0
24173,24173,168,20,50,1,0,23,27.0,19.0,19.0,8.0
24174,24174,168,21,0,1,0,23,14.0,11.0,11.0,3.0
24175,24175,168,21,10,1,0,23,4.0,0.0,0.0,4.0
24176,24176,168,21,20,1,0,23,18.0,16.0,16.0,2.0
24177,24177,168,21,30,1,0,23,16.0,12.0,12.0,4.0
24178,24178,168,21,40,1,0,23,2.0,0.0,0.0,2.0
24179,24179,168,21,50,1,0,23,13.0,12.0,12.0,1.0
24180,24180,168,22,0,1,0,23,26.0,23.0,23.0,3.0
24181,24181,168,22,10,1,0,23,0.0,0.0,0.0,0.0
24182,24182,168,22,20,1,0,23,24.0,24.0,24.0,0.0
24183,24183,168,22,30,1,0,23,9.0,9.0,9.0,0.0
24184,24184,168,22,40,1,0,23,13.0,12.0,12.0,1.0
24185,24185,168,22,50,1,0,23,3.0,3.0,3.0,0.0
24222,24222,169,5,0,1,0,23,2.0,1.0,1.0,1.0
24223,24223,169,5,10,1,0,23,2.0,0.0,0.0,2.0
24224,24224,169,5,20,1,0,23,3.0,0.0,0.0,3.0
24225,24225,169,5,30,1,0,23,15.0,1.0,1.0,14.0
24226,24226,169,5,40,1,0,23,11.0,1.0,1.0,10.0
24227,24227,169,5,50,1,0,23,10.0,0.0,0.0,10.0
24228,24228,169,6,0,1,0,23,39.0,10.0,10.0,29.0
24229,24229,169,6,10,1,0,23,52.0,10.0,10.0,42.0
24230,24230,169,6,20,1,0,23,117.0,50.0,50.0,67.0
24231,24231,169,6,30,1,0,23,191.0,103.0,103.0,88.0
24232,24232,169,6,40,1,0,23,198.0,95.0,95.0,103.0
24233,24233,169,6,50,1,0,23,241.0,111.0,111.0,130.0
24234,24234,169,7,0,1,0,23,328.0,155.0,155.0,173.0
24235,24235,169,7,10,1,0,23,405.0,218.0,218.0,187.0
24236,24236,169,7,20,1,0,23,524.0,278.0,278.0,246.0
24237,24237,169,7,30,1,0,23,440.0,235.0,235.0,205.0
24238,24238,169,7,40,1,0,23,862.0,567.0,567.0,295.0
24239,24239,169,7,50,1,0,23,900.0,556.0,556.0,344.0
24240,24240,169,8,0,1,0,23,1040.0,603.0,603.0,437.0
24241,24241,169,8,10,1,0,23,1718.0,1249.0,1249.0,469.0
24242,24242,169,8,20,1,0,23,1595.0,1172.0,1172.0,423.0
24243,24243,169,8,30,1,0,23,2025.0,1584.0,1584.0,441.0
24244,24244,169,8,40,1,0,23,1918.0,1557.0,1557.0,361.0
24245,24245,169,8,50,1,0,23,1835.0,1546.0,1546.0,289.0
24246,24246,169,9,0,1,0,23,1315.0,1056.0,1056.0,259.0
24247,24247,169,9,10,1,0,23,1182.0,919.0,919.0,263.0
24248,24248,169,9,20,1,0,23,918.0,667.0,667.0,251.0
24249,24249,169,9,30,1,0,23,826.0,615.0,615.0,211.0
24250,24250,169,9,40,1,0,23,750.0,564.0,564.0,186.0
24251,24251,169,9,50,1,0,23,501.0,346.0,346.0,155.0
24252,24252,169,10,0,1,0,23,486.0,330.0,330.0,156.0
24253,24253,169,10,10,1,0,23,439.0,271.0,271.0,168.0
24254,24254,169,10,20,1,0,23,379.0,217.0,217.0,162.0
24255,24255,169,10,30,1,0,23,312.0,159.0,159.0,153.0
24256,24256,169,10,40,1,0,23,367.0,236.0,236.0,131.0
24257,24257,169,10,50,1,0,23,245.0,117.0,117.0,128.0
24258,24258,169,11,0,1,0,23,269.0,160.0,160.0,109.0
24259,24259,169,11,10,1,0,23,286.0,146.0,146.0,140.0
24260,24260,169,11,20,1,0,23,276.0,137.0,137.0,139.0
24261,24261,169,11,30,1,0,23,260.0,134.0,134.0,126.0
24262,24262,169,11,40,1,0,23,268.0,133.0,133.0,135.0
24263,24263,169,11,50,1,0,23,263.0,124.0,124.0,139.0
24264,24264,169,12,0,1,0,23,254.0,110.0,110.0,144.0
24265,24265,169,12,10,1,0,23,341.0,178.0,178.0,163.0
24266,24266,169,12,20,1,0,23,307.0,129.0,129.0,178.0
24267,24267,169,12,30,1,0,23,317.0,148.0,148.0,169.0
24268,24268,169,12,40,1,0,23,334.0,181.0,181.0,153.0
24269,24269,169,12,50,1,0,23,355.0,197.0,197.0,158.0
24270,24270,169,13,0,1,0,23,298.0,136.0,136.0,162.0
24271,24271,169,13,10,1,0,23,293.0,140.0,140.0,153.0
24272,24272,169,13,20,1,0,23,347.0,203.0,203.0,144.0
24273,24273,169,13,30,1,0,23,334.0,185.0,185.0,149.0
24274,24274,169,13,40,1,0,23,298.0,157.0,157.0,141.0
24275,24275,169,13,50,1,0,23,302.0,148.0,148.0,154.0
24276,24276,169,14,0,1,0,23,331.0,162.0,162.0,169.0
24277,24277,169,14,10,1,0,23,327.0,179.0,179.0,148.0
24278,24278,169,14,20,1,0,23,308.0,156.0,156.0,152.0
24279,24279,169,14,30,1,0,23,376.0,180.0,180.0,196.0
24280,24280,169,14,40,1,0,23,328.0,141.0,141.0,187.0
24281,24281,169,14,50,1,0,23,298.0,130.0,130.0,168.0
24282,24282,169,15,0,1,0,23,305.0,143.0,143.0,162.0
24283,24283,169,15,10,1,0,23,365.0,143.0,143.0,222.0
24284,24284,169,15,20,1,0,23,374.0,136.0,136.0,238.0
24285,24285,169,15,30,1,0,23,369.0,165.0,165.0,204.0
24286,24286,169,15,40,1,0,23,405.0,166.0,166.0,239.0
24287,24287,169,15,50,1,0,23,358.0,123.0,123.0,235.0
24288,24288,169,16,0,1,0,23,443.0,190.0,190.0,253.0
24289,24289,169,16,10,1,0,23,394.0,131.0,131.0,263.0
24290,24290,169,16,20,1,0,23,420.0,154.0,154.0,266.0
24291,24291,169,16,30,1,0,23,364.0,115.0,115.0,249.0
24292,24292,169,16,40,1,0,23,491.0,155.0,155.0,336.0
24293,24293,169,16,50,1,0,23,504.0,199.0,199.0,305.0
24294,24294,169,17,0,1,0,23,660.0,190.0,190.0,470.0
24295,24295,169,17,10,1,0,23,950.0,208.0,208.0,742.0
24296,24296,169,17,20,1,0,23,860.0,242.0,242.0,618.0
24297,24297,169,17,30,1,0,23,927.0,325.0,325.0,602.0
24298,24298,169,17,40,1,0,23,1351.0,295.0,295.0,1056.0
24299,24299,169,17,50,1,0,23,1306.0,364.0,364.0,942.0
24300,24300,169,18,0,1,0,23,1269.0,331.0,331.0,938.0
24301,24301,169,18,10,1,0,23,1573.0,346.0,346.0,1227.0
24302,24302,169,18,20,1,0,23,1409.0,372.0,372.0,1037.0
24303,24303,169,18,30,1,0,23,1067.0,368.0,368.0,699.0
24304,24304,169,18,40,1,0,23,985.0,371.0,371.0,614.0
24305,24305,169,18,50,1,0,23,828.0,311.0,311.0,517.0
24306,24306,169,19,0,1,0,23,683.0,247.0,247.0,436.0
24307,24307,169,19,10,1,0,23,562.0,194.0,194.0,368.0
24308,24308,169,19,20,1,0,23,496.0,171.0,171.0,325.0
24309,24309,169,19,30,1,0,23,404.0,147.0,147.0,257.0
24310,24310,169,19,40,1,0,23,363.0,114.0,114.0,249.0
24311,24311,169,19,50,1,0,23,392.0,139.0,139.0,253.0
24312,24312,169,20,0,1,0,23,329.0,112.0,112.0,217.0
24313,24313,169,20,10,1,0,23,346.0,89.0,89.0,257.0
24314,24314,169,20,20,1,0,23,385.0,95.0,95.0,290.0
24315,24315,169,20,30,1,0,23,337.0,90.0,90.0,247.0
24316,24316,169,20,40,1,0,23,265.0,69.0,69.0,196.0
24317,24317,169,20,50,1,0,23,364.0,139.0,139.0,225.0
24318,24318,169,21,0,1,0,23,252.0,72.0,72.0,180.0
24319,24319,169,21,10,1,0,23,295.0,81.0,81.0,214.0
24320,24320,169,21,20,1,0,23,413.0,124.0,124.0,289.0
24321,24321,169,21,30,1,0,23,285.0,105.0,105.0,180.0
24322,24322,169,21,40,1,0,23,218.0,77.0,77.0,141.0
24323,24323,169,21,50,1,0,23,232.0,90.0,90.0,142.0
24324,24324,169,22,0,1,0,23,193.0,98.0,98.0,95.0
24325,24325,169,22,10,1,0,23,194.0,89.0,89.0,105.0
24326,24326,169,22,20,1,0,23,162.0,71.0,71.0,91.0
24327,24327,169,22,30,1,0,23,109.0,62.0,62.0,47.0
24328,24328,169,22,40,1,0,23,56.0,33.0,33.0,23.0
24329,24329,169,22,50,1,0,23,22.0,15.0,15.0,7.0
24366,24366,170,5,0,1,0,23,0.0,0.0,0.0,0.0
24367,24367,170,5,10,1,0,23,0.0,0.0,0.0,0.0
24368,24368,170,5,20,1,0,23,4.0,0.0,0.0,4.0
24369,24369,170,5,30,1,0,23,6.0,1.0,1.0,5.0
24370,24370,170,5,40,1,0,23,10.0,1.0,1.0,9.0
24371,24371,170,5,50,1,0,23,7.0,0.0,0.0,7.0
24372,24372,170,6,0,1,0,23,8.0,3.0,3.0,5.0
24373,24373,170,6,10,1,0,23,18.0,3.0,3.0,15.0
24374,24374,170,6,20,1,0,23,53.0,33.0,33.0,20.0
24375,24375,170,6,30,1,0,23,58.0,29.0,29.0,29.0
24376,24376,170,6,40,1,0,23,67.0,24.0,24.0,43.0
24377,24377,170,6,50,1,0,23,92.0,50.0,50.0,42.0
24378,24378,170,7,0,1,0,23,145.0,94.0,94.0,51.0
24379,24379,170,7,10,1,0,23,165.0,97.0,97.0,68.0
24380,24380,170,7,20,1,0,23,185.0,119.0,119.0,66.0
24381,24381,170,7,30,1,0,23,233.0,156.0,156.0,77.0
24382,24382,170,7,40,1,0,23,257.0,185.0,185.0,72.0
24383,24383,170,7,50,1,0,23,376.0,284.0,284.0,92.0
24384,24384,170,8,0,1,0,23,349.0,249.0,249.0,100.0
24385,24385,170,8,10,1,0,23,542.0,440.0,440.0,102.0
24386,24386,170,8,20,1,0,23,447.0,367.0,367.0,80.0
24387,24387,170,8,30,1,0,23,634.0,521.0,521.0,113.0
24388,24388,170,8,40,1,0,23,768.0,699.0,699.0,69.0
24389,24389,170,8,50,1,0,23,571.0,496.0,496.0,75.0
24390,24390,170,9,0,1,0,23,377.0,297.0,297.0,80.0
24391,24391,170,9,10,1,0,23,294.0,232.0,232.0,62.0
24392,24392,170,9,20,1,0,23,394.0,337.0,337.0,57.0
24393,24393,170,9,30,1,0,23,265.0,204.0,204.0,61.0
24394,24394,170,9,40,1,0,23,244.0,186.0,186.0,58.0
24395,24395,170,9,50,1,0,23,202.0,153.0,153.0,49.0
24396,24396,170,10,0,1,0,23,161.0,104.0,104.0,57.0
24397,24397,170,10,10,1,0,23,145.0,91.0,91.0,54.0
24398,24398,170,10,20,1,0,23,130.0,76.0,76.0,54.0
24399,24399,170,10,30,1,0,23,108.0,66.0,66.0,42.0
24400,24400,170,10,40,1,0,23,95.0,45.0,45.0,50.0
24401,24401,170,10,50,1,0,23,128.0,89.0,89.0,39.0
24402,24402,170,11,0,1,0,23,106.0,48.0,48.0,58.0
24403,24403,170,11,10,1,0,23,124.0,69.0,69.0,55.0
24404,24404,170,11,20,1,0,23,123.0,73.0,73.0,50.0
24405,24405,170,11,30,1,0,23,106.0,56.0,56.0,50.0
24406,24406,170,11,40,1,0,23,88.0,37.0,37.0,51.0
24407,24407,170,11,50,1,0,23,118.0,64.0,64.0,54.0
24408,24408,170,12,0,1,0,23,116.0,69.0,69.0,47.0
24409,24409,170,12,10,1,0,23,141.0,79.0,79.0,62.0
24410,24410,170,12,20,1,0,23,123.0,52.0,52.0,71.0
24411,24411,170,12,30,1,0,23,154.0,82.0,82.0,72.0
24412,24412,170,12,40,1,0,23,142.0,61.0,61.0,81.0
24413,24413,170,12,50,1,0,23,146.0,95.0,95.0,51.0
24414,24414,170,13,0,1,0,23,118.0,47.0,47.0,71.0
24415,24415,170,13,10,1,0,23,146.0,98.0,98.0,48.0
24416,24416,170,13,20,1,0,23,150.0,83.0,83.0,67.0
24417,24417,170,13,30,1,0,23,118.0,60.0,60.0,58.0
24418,24418,170,13,40,1,0,23,145.0,90.0,90.0,55.0
24419,24419,170,13,50,1,0,23,125.0,48.0,48.0,77.0
24420,24420,170,14,0,1,0,23,166.0,85.0,85.0,81.0
24421,24421,170,14,10,1,0,23,125.0,56.0,56.0,69.0
24422,24422,170,14,20,1,0,23,144.0,68.0,68.0,76.0
24423,24423,170,14,30,1,0,23,102.0,51.0,51.0,51.0
24424,24424,170,14,40,1,0,23,144.0,63.0,63.0,81.0
24425,24425,170,14,50,1,0,23,144.0,52.0,52.0,92.0
24426,24426,170,15,0,1,0,23,153.0,64.0,64.0,89.0
24427,24427,170,15,10,1,0,23,143.0,69.0,69.0,74.0
24428,24428,170,15,20,1,0,23,158.0,70.0,70.0,88.0
24429,24429,170,15,30,1,0,23,148.0,77.0,77.0,71.0
24430,24430,170,15,40,1,0,23,150.0,60.0,60.0,90.0
24431,24431,170,15,50,1,0,23,132.0,55.0,55.0,77.0
24432,24432,170,16,0,1,0,23,170.0,79.0,79.0,91.0
24433,24433,170,16,10,1,0,23,129.0,47.0,47.0,82.0
24434,24434,170,16,20,1,0,23,162.0,72.0,72.0,90.0
24435,24435,170,16,30,1,0,23,148.0,69.0,69.0,79.0
24436,24436,170,16,40,1,0,23,160.0,44.0,44.0,116.0
24437,24437,170,16,50,1,0,23,219.0,78.0,78.0,141.0
24438,24438,170,17,0,1,0,23,217.0,64.0,64.0,153.0
24439,24439,170,17,10,1,0,23,340.0,109.0,109.0,231.0
24440,24440,170,17,20,1,0,23,255.0,97.0,97.0,158.0
24441,24441,170,17,30,1,0,23,334.0,105.0,105.0,229.0
24442,24442,170,17,40,1,0,23,479.0,75.0,75.0,404.0
24443,24443,170,17,50,1,0,23,420.0,177.0,177.0,243.0
24444,24444,170,18,0,1,0,23,357.0,108.0,108.0,249.0
24445,24445,170,18,10,1,0,23,517.0,105.0,105.0,412.0
24446,24446,170,18,20,1,0,23,397.0,136.0,136.0,261.0
24447,24447,170,18,30,1,0,23,331.0,85.0,85.0,246.0
24448,24448,170,18,40,1,0,23,294.0,111.0,111.0,183.0
24449,24449,170,18,50,1,0,23,210.0,79.0,79.0,131.0
24450,24450,170,19,0,1,0,23,217.0,79.0,79.0,138.0
24451,24451,170,19,10,1,0,23,151.0,49.0,49.0,102.0
24452,24452,170,19,20,1,0,23,106.0,40.0,40.0,66.0
24453,24453,170,19,30,1,0,23,119.0,36.0,36.0,83.0
24454,24454,170,19,40,1,0,23,128.0,43.0,43.0,85.0
24455,24455,170,19,50,1,0,23,111.0,33.0,33.0,78.0
24456,24456,170,20,0,1,0,23,87.0,22.0,22.0,65.0
24457,24457,170,20,10,1,0,23,92.0,23.0,23.0,69.0
24458,24458,170,20,20,1,0,23,73.0,28.0,28.0,45.0
24459,24459,170,20,30,1,0,23,114.0,47.0,47.0,67.0
24460,24460,170,20,40,1,0,23,79.0,27.0,27.0,52.0
24461,24461,170,20,50,1,0,23,75.0,21.0,21.0,54.0
24462,24462,170,21,0,1,0,23,65.0,19.0,19.0,46.0
24463,24463,170,21,10,1,0,23,110.0,34.0,34.0,76.0
24464,24464,170,21,20,1,0,23,85.0,31.0,31.0,54.0
24465,24465,170,21,30,1,0,23,93.0,38.0,38.0,55.0
24466,24466,170,21,40,1,0,23,84.0,34.0,34.0,50.0
24467,24467,170,21,50,1,0,23,61.0,20.0,20.0,41.0
24468,24468,170,22,0,1,0,23,60.0,20.0,20.0,40.0
24469,24469,170,22,10,1,0,23,65.0,31.0,31.0,34.0
24470,24470,170,22,20,1,0,23,37.0,15.0,15.0,22.0
24471,24471,170,22,30,1,0,23,24.0,16.0,16.0,8.0
24472,24472,170,22,40,1,0,23,52.0,48.0,48.0,4.0
24473,24473,170,22,50,1,0,23,25.0,22.0,22.0,3.0
24510,24510,171,5,0,1,0,23,0.0,0.0,0.0,0.0
24511,24511,171,5,10,1,0,23,0.0,0.0,0.0,0.0
24512,24512,171,5,20,1,0,23,0.0,0.0,0.0,0.0
24513,24513,171,5,30,1,0,23,46.0,0.0,0.0,46.0
24514,24514,171,5,40,1,0,23,53.0,2.0,2.0,51.0
24515,24515,171,5,50,1,0,23,78.0,0.0,0.0,78.0
24516,24516,171,6,0,1,0,23,68.0,1.0,1.0,67.0
24517,24517,171,6,10,1,0,23,120.0,19.0,19.0,101.0
24518,24518,171,6,20,1,0,23,202.0,6.0,6.0,196.0
24519,24519,171,6,30,1,0,23,287.0,38.0,38.0,249.0
24520,24520,171,6,40,1,0,23,386.0,41.0,41.0,345.0
24521,24521,171,6,50,1,0,23,493.0,75.0,75.0,418.0
24522,24522,171,7,0,1,0,23,662.0,123.0,123.0,539.0
24523,24523,171,7,10,1,0,23,698.0,82.0,82.0,616.0
24524,24524,171,7,20,1,0,23,736.0,61.0,61.0,675.0
24525,24525,171,7,30,1,0,23,727.0,49.0,49.0,678.0
24526,24526,171,7,40,1,0,23,837.0,121.0,121.0,716.0
24527,24527,171,7,50,1,0,23,765.0,68.0,68.0,697.0
24528,24528,171,8,0,1,0,23,792.0,90.0,90.0,702.0
24529,24529,171,8,10,1,0,23,784.0,108.0,108.0,676.0
24530,24530,171,8,20,1,0,23,773.0,97.0,97.0,676.0
24531,24531,171,8,30,1,0,23,690.0,106.0,106.0,584.0
24532,24532,171,8,40,1,0,23,521.0,112.0,112.0,409.0
24533,24533,171,8,50,1,0,23,549.0,158.0,158.0,391.0
24534,24534,171,9,0,1,0,23,389.0,88.0,88.0,301.0
24535,24535,171,9,10,1,0,23,329.0,74.0,74.0,255.0
24536,24536,171,9,20,1,0,23,296.0,63.0,63.0,233.0
24537,24537,171,9,30,1,0,23,243.0,69.0,69.0,174.0
24538,24538,171,9,40,1,0,23,223.0,86.0,86.0,137.0
24539,24539,171,9,50,1,0,23,168.0,59.0,59.0,109.0
24540,24540,171,10,0,1,0,23,201.0,96.0,96.0,105.0
24541,24541,171,10,10,1,0,23,162.0,64.0,64.0,98.0
24542,24542,171,10,20,1,0,23,140.0,69.0,69.0,71.0
24543,24543,171,10,30,1,0,23,170.0,67.0,67.0,103.0
24544,24544,171,10,40,1,0,23,148.0,57.0,57.0,91.0
24545,24545,171,10,50,1,0,23,148.0,58.0,58.0,90.0
24546,24546,171,11,0,1,0,23,94.0,49.0,49.0,45.0
24547,24547,171,11,10,1,0,23,185.0,71.0,71.0,114.0
24548,24548,171,11,20,1,0,23,150.0,50.0,50.0,100.0
24549,24549,171,11,30,1,0,23,156.0,70.0,70.0,86.0
24550,24550,171,11,40,1,0,23,159.0,37.0,37.0,122.0
24551,24551,171,11,50,1,0,23,147.0,49.0,49.0,98.0
24552,24552,171,12,0,1,0,23,169.0,73.0,73.0,96.0
24553,24553,171,12,10,1,0,23,141.0,51.0,51.0,90.0
24554,24554,171,12,20,1,0,23,198.0,83.0,83.0,115.0
24555,24555,171,12,30,1,0,23,132.0,52.0,52.0,80.0
24556,24556,171,12,40,1,0,23,125.0,46.0,46.0,79.0
24557,24557,171,12,50,1,0,23,196.0,112.0,112.0,84.0
24558,24558,171,13,0,1,0,23,128.0,47.0,47.0,81.0
24559,24559,171,13,10,1,0,23,168.0,102.0,102.0,66.0
24560,24560,171,13,20,1,0,23,131.0,46.0,46.0,85.0
24561,24561,171,13,30,1,0,23,177.0,103.0,103.0,74.0
24562,24562,171,13,40,1,0,23,146.0,59.0,59.0,87.0
24563,24563,171,13,50,1,0,23,132.0,62.0,62.0,70.0
24564,24564,171,14,0,1,0,23,121.0,66.0,66.0,55.0
24565,24565,171,14,10,1,0,23,124.0,65.0,65.0,59.0
24566,24566,171,14,20,1,0,23,171.0,89.0,89.0,82.0
24567,24567,171,14,30,1,0,23,118.0,55.0,55.0,63.0
24568,24568,171,14,40,1,0,23,160.0,95.0,95.0,65.0
24569,24569,171,14,50,1,0,23,135.0,67.0,67.0,68.0
24570,24570,171,15,0,1,0,23,172.0,102.0,102.0,70.0
24571,24571,171,15,10,1,0,23,181.0,94.0,94.0,87.0
24572,24572,171,15,20,1,0,23,173.0,90.0,90.0,83.0
24573,24573,171,15,30,1,0,23,191.0,135.0,135.0,56.0
24574,24574,171,15,40,1,0,23,135.0,79.0,79.0,56.0
24575,24575,171,15,50,1,0,23,243.0,152.0,152.0,91.0
24576,24576,171,16,0,1,0,23,229.0,120.0,120.0,109.0
24577,24577,171,16,10,1,0,23,255.0,153.0,153.0,102.0
24578,24578,171,16,20,1,0,23,202.0,87.0,87.0,115.0
24579,24579,171,16,30,1,0,23,257.0,172.0,172.0,85.0
24580,24580,171,16,40,1,0,23,244.0,140.0,140.0,104.0
24581,24581,171,16,50,1,0,23,306.0,213.0,213.0,93.0
24582,24582,171,17,0,1,0,23,220.0,113.0,113.0,107.0
24583,24583,171,17,10,1,0,23,545.0,387.0,387.0,158.0
24584,24584,171,17,20,1,0,23,380.0,261.0,261.0,119.0
24585,24585,171,17,30,1,0,23,430.0,314.0,314.0,116.0
24586,24586,171,17,40,1,0,23,502.0,362.0,362.0,140.0
24587,24587,171,17,50,1,0,23,543.0,446.0,446.0,97.0
24588,24588,171,18,0,1,0,23,464.0,358.0,358.0,106.0
24589,24589,171,18,10,1,0,23,572.0,466.0,466.0,106.0
24590,24590,171,18,20,1,0,23,439.0,358.0,358.0,81.0
24591,24591,171,18,30,1,0,23,687.0,613.0,613.0,74.0
24592,24592,171,18,40,1,0,23,411.0,348.0,348.0,63.0
24593,24593,171,18,50,1,0,23,635.0,573.0,573.0,62.0
24594,24594,171,19,0,1,0,23,473.0,418.0,418.0,55.0
24595,24595,171,19,10,1,0,23,400.0,348.0,348.0,52.0
24596,24596,171,19,20,1,0,23,399.0,369.0,369.0,30.0
24597,24597,171,19,30,1,0,23,319.0,271.0,271.0,48.0
24598,24598,171,19,40,1,0,23,289.0,254.0,254.0,35.0
24599,24599,171,19,50,1,0,23,210.0,176.0,176.0,34.0
24600,24600,171,20,0,1,0,23,231.0,205.0,205.0,26.0
24601,24601,171,20,10,1,0,23,211.0,179.0,179.0,32.0
24602,24602,171,20,20,1,0,23,161.0,126.0,126.0,35.0
24603,24603,171,20,30,1,0,23,147.0,121.0,121.0,26.0
24604,24604,171,20,40,1,0,23,205.0,173.0,173.0,32.0
24605,24605,171,20,50,1,0,23,144.0,118.0,118.0,26.0
24606,24606,171,21,0,1,0,23,164.0,127.0,127.0,37.0
24607,24607,171,21,10,1,0,23,266.0,232.0,232.0,34.0
24608,24608,171,21,20,1,0,23,182.0,149.0,149.0,33.0
24609,24609,171,21,30,1,0,23,117.0,90.0,90.0,27.0
24610,24610,171,21,40,1,0,23,250.0,223.0,223.0,27.0
24611,24611,171,21,50,1,0,23,132.0,111.0,111.0,21.0
24612,24612,171,22,0,1,0,23,135.0,113.0,113.0,22.0
24613,24613,171,22,10,1,0,23,174.0,165.0,165.0,9.0
24614,24614,171,22,20,1,0,23,115.0,103.0,103.0,12.0
24615,24615,171,22,30,1,0,23,124.0,115.0,115.0,9.0
24616,24616,171,22,40,1,0,23,123.0,115.0,115.0,8.0
24617,24617,171,22,50,1,0,23,80.0,74.0,74.0,6.0
24654,24654,172,5,0,1,0,23,0.0,0.0,0.0,0.0
24655,24655,172,5,10,1,0,23,11.0,0.0,0.0,11.0
24656,24656,172,5,20,1,0,23,19.0,0.0,0.0,19.0
24657,24657,172,5,30,1,0,23,16.0,0.0,0.0,16.0
24658,24658,172,5,40,1,0,23,19.0,0.0,0.0,19.0
24659,24659,172,5,50,1,0,23,28.0,1.0,1.0,27.0
24660,24660,172,6,0,1,0,23,56.0,0.0,0.0,56.0
24661,24661,172,6,10,1,0,23,78.0,0.0,0.0,78.0
24662,24662,172,6,20,1,0,23,145.0,13.0,13.0,132.0
24663,24663,172,6,30,1,0,23,79.0,3.0,3.0,76.0
24664,24664,172,6,40,1,0,23,145.0,19.0,19.0,126.0
24665,24665,172,6,50,1,0,23,226.0,40.0,40.0,186.0
24666,24666,172,7,0,1,0,23,145.0,6.0,6.0,139.0
24667,24667,172,7,10,1,0,23,283.0,67.0,67.0,216.0
24668,24668,172,7,20,1,0,23,404.0,137.0,137.0,267.0
24669,24669,172,7,30,1,0,23,320.0,56.0,56.0,264.0
24670,24670,172,7,40,1,0,23,321.0,138.0,138.0,183.0
24671,24671,172,7,50,1,0,23,432.0,205.0,205.0,227.0
24672,24672,172,8,0,1,0,23,267.0,101.0,101.0,166.0
24673,24673,172,8,10,1,0,23,284.0,146.0,146.0,138.0
24674,24674,172,8,20,1,0,23,357.0,219.0,219.0,138.0
24675,24675,172,8,30,1,0,23,109.0,5.0,5.0,104.0
24676,24676,172,8,40,1,0,23,267.0,152.0,152.0,115.0
24677,24677,172,8,50,1,0,23,197.0,139.0,139.0,58.0
24678,24678,172,9,0,1,0,23,68.0,16.0,16.0,52.0
24679,24679,172,9,10,1,0,23,167.0,98.0,98.0,69.0
24680,24680,172,9,20,1,0,23,127.0,73.0,73.0,54.0
24681,24681,172,9,30,1,0,23,51.0,7.0,7.0,44.0
24682,24682,172,9,40,1,0,23,127.0,82.0,82.0,45.0
24683,24683,172,9,50,1,0,23,117.0,75.0,75.0,42.0
24684,24684,172,10,0,1,0,23,42.0,11.0,11.0,31.0
24685,24685,172,10,10,1,0,23,41.0,7.0,7.0,34.0
24686,24686,172,10,20,1,0,23,155.0,111.0,111.0,44.0
24687,24687,172,10,30,1,0,23,89.0,55.0,55.0,34.0
24688,24688,172,10,40,1,0,23,45.0,6.0,6.0,39.0
24689,24689,172,10,50,1,0,23,87.0,58.0,58.0,29.0
24690,24690,172,11,0,1,0,23,50.0,5.0,5.0,45.0
24691,24691,172,11,10,1,0,23,99.0,42.0,42.0,57.0
24692,24692,172,11,20,1,0,23,82.0,36.0,36.0,46.0
24693,24693,172,11,30,1,0,23,86.0,31.0,31.0,55.0
24694,24694,172,11,40,1,0,23,69.0,21.0,21.0,48.0
24695,24695,172,11,50,1,0,23,80.0,41.0,41.0,39.0
24696,24696,172,12,0,1,0,23,47.0,8.0,8.0,39.0
24697,24697,172,12,10,1,0,23,65.0,38.0,38.0,27.0
24698,24698,172,12,20,1,0,23,67.0,40.0,40.0,27.0
24699,24699,172,12,30,1,0,23,92.0,43.0,43.0,49.0
24700,24700,172,12,40,1,0,23,38.0,10.0,10.0,28.0
24701,24701,172,12,50,1,0,23,106.0,67.0,67.0,39.0
24702,24702,172,13,0,1,0,23,65.0,36.0,36.0,29.0
24703,24703,172,13,10,1,0,23,35.0,8.0,8.0,27.0
24704,24704,172,13,20,1,0,23,112.0,61.0,61.0,51.0
24705,24705,172,13,30,1,0,23,77.0,46.0,46.0,31.0
24706,24706,172,13,40,1,0,23,77.0,50.0,50.0,27.0
24707,24707,172,13,50,1,0,23,40.0,9.0,9.0,31.0
24708,24708,172,14,0,1,0,23,94.0,59.0,59.0,35.0
24709,24709,172,14,10,1,0,23,92.0,48.0,48.0,44.0
24710,24710,172,14,20,1,0,23,61.0,8.0,8.0,53.0
24711,24711,172,14,30,1,0,23,79.0,50.0,50.0,29.0
24712,24712,172,14,40,1,0,23,88.0,47.0,47.0,41.0
24713,24713,172,14,50,1,0,23,101.0,54.0,54.0,47.0
24714,24714,172,15,0,1,0,23,48.0,11.0,11.0,37.0
24715,24715,172,15,10,1,0,23,97.0,57.0,57.0,40.0
24716,24716,172,15,20,1,0,23,113.0,65.0,65.0,48.0
24717,24717,172,15,30,1,0,23,62.0,3.0,3.0,59.0
24718,24718,172,15,40,1,0,23,114.0,72.0,72.0,42.0
24719,24719,172,15,50,1,0,23,135.0,86.0,86.0,49.0
24720,24720,172,16,0,1,0,23,101.0,39.0,39.0,62.0
24721,24721,172,16,10,1,0,23,104.0,40.0,40.0,64.0
24722,24722,172,16,20,1,0,23,141.0,77.0,77.0,64.0
24723,24723,172,16,30,1,0,23,173.0,70.0,70.0,103.0
24724,24724,172,16,40,1,0,23,97.0,19.0,19.0,78.0
24725,24725,172,16,50,1,0,23,196.0,76.0,76.0,120.0
24726,24726,172,17,0,1,0,23,219.0,91.0,91.0,128.0
24727,24727,172,17,10,1,0,23,273.0,113.0,113.0,160.0
24728,24728,172,17,20,1,0,23,106.0,14.0,14.0,92.0
24729,24729,172,17,30,1,0,23,187.0,110.0,110.0,77.0
24730,24730,172,17,40,1,0,23,224.0,164.0,164.0,60.0
24731,24731,172,17,50,1,0,23,62.0,6.0,6.0,56.0
24732,24732,172,18,0,1,0,23,204.0,159.0,159.0,45.0
24733,24733,172,18,10,1,0,23,278.0,235.0,235.0,43.0
24734,24734,172,18,20,1,0,23,34.0,13.0,13.0,21.0
24735,24735,172,18,30,1,0,23,282.0,252.0,252.0,30.0
24736,24736,172,18,40,1,0,23,96.0,76.0,76.0,20.0
24737,24737,172,18,50,1,0,23,189.0,160.0,160.0,29.0
24738,24738,172,19,0,1,0,23,228.0,205.0,205.0,23.0
24739,24739,172,19,10,1,0,23,225.0,199.0,199.0,26.0
24740,24740,172,19,20,1,0,23,56.0,30.0,30.0,26.0
24741,24741,172,19,30,1,0,23,177.0,154.0,154.0,23.0
24742,24742,172,19,40,1,0,23,140.0,116.0,116.0,24.0
24743,24743,172,19,50,1,0,23,18.0,4.0,4.0,14.0
24744,24744,172,20,0,1,0,23,108.0,92.0,92.0,16.0
24745,24745,172,20,10,1,0,23,87.0,62.0,62.0,25.0
24746,24746,172,20,20,1,0,23,93.0,58.0,58.0,35.0
24747,24747,172,20,30,1,0,23,88.0,61.0,61.0,27.0
24748,24748,172,20,40,1,0,23,16.0,1.0,1.0,15.0
24749,24749,172,20,50,1,0,23,90.0,70.0,70.0,20.0
24750,24750,172,21,0,1,0,23,69.0,47.0,47.0,22.0
24751,24751,172,21,10,1,0,23,23.0,8.0,8.0,15.0
24752,24752,172,21,20,1,0,23,81.0,69.0,69.0,12.0
24753,24753,172,21,30,1,0,23,69.0,60.0,60.0,9.0
24754,24754,172,21,40,1,0,23,8.0,0.0,0.0,8.0
24755,24755,172,21,50,1,0,23,79.0,69.0,69.0,10.0
24756,24756,172,22,0,1,0,23,71.0,60.0,60.0,11.0
24757,24757,172,22,10,1,0,23,11.0,1.0,1.0,10.0
24758,24758,172,22,20,1,0,23,54.0,51.0,51.0,3.0
24759,24759,172,22,30,1,0,23,50.0,47.0,47.0,3.0
24760,24760,172,22,40,1,0,23,24.0,24.0,24.0,0.0
24761,24761,172,22,50,1,0,23,34.0,34.0,34.0,0.0
24798,24798,173,5,0,1,0,23,0.0,0.0,0.0,0.0
24799,24799,173,5,10,1,0,23,0.0,0.0,0.0,0.0
24800,24800,173,5,20,1,0,23,0.0,0.0,0.0,0.0
24801,24801,173,5,30,1,0,23,5.0,0.0,0.0,5.0
24802,24802,173,5,40,1,0,23,6.0,1.0,1.0,5.0
24803,24803,173,5,50,1,0,23,6.0,1.0,1.0,5.0
24804,24804,173,6,0,1,0,23,8.0,0.0,0.0,8.0
24805,24805,173,6,10,1,0,23,14.0,2.0,2.0,12.0
24806,24806,173,6,20,1,0,23,29.0,9.0,9.0,20.0
24807,24807,173,6,30,1,0,23,10.0,6.0,6.0,4.0
24808,24808,173,6,40,1,0,23,33.0,15.0,15.0,18.0
24809,24809,173,6,50,1,0,23,23.0,2.0,2.0,21.0
24810,24810,173,7,0,1,0,23,48.0,22.0,22.0,26.0
24811,24811,173,7,10,1,0,23,75.0,36.0,36.0,39.0
24812,24812,173,7,20,1,0,23,52.0,10.0,10.0,42.0
24813,24813,173,7,30,1,0,23,99.0,47.0,47.0,52.0
24814,24814,173,7,40,1,0,23,94.0,43.0,43.0,51.0
24815,24815,173,7,50,1,0,23,57.0,8.0,8.0,49.0
24816,24816,173,8,0,1,0,23,101.0,46.0,46.0,55.0
24817,24817,173,8,10,1,0,23,78.0,36.0,36.0,42.0
24818,24818,173,8,20,1,0,23,38.0,13.0,13.0,25.0
24819,24819,173,8,30,1,0,23,51.0,20.0,20.0,31.0
24820,24820,173,8,40,1,0,23,30.0,17.0,17.0,13.0
24821,24821,173,8,50,1,0,23,43.0,24.0,24.0,19.0
24822,24822,173,9,0,1,0,23,43.0,20.0,20.0,23.0
24823,24823,173,9,10,1,0,23,29.0,15.0,15.0,14.0
24824,24824,173,9,20,1,0,23,17.0,5.0,5.0,12.0
24825,24825,173,9,30,1,0,23,25.0,7.0,7.0,18.0
24826,24826,173,9,40,1,0,23,15.0,8.0,8.0,7.0
24827,24827,173,9,50,1,0,23,12.0,3.0,3.0,9.0
24828,24828,173,10,0,1,0,23,13.0,1.0,1.0,12.0
24829,24829,173,10,10,1,0,23,12.0,10.0,10.0,2.0
24830,24830,173,10,20,1,0,23,19.0,10.0,10.0,9.0
24831,24831,173,10,30,1,0,23,5.0,0.0,0.0,5.0
24832,24832,173,10,40,1,0,23,26.0,11.0,11.0,15.0
24833,24833,173,10,50,1,0,23,11.0,5.0,5.0,6.0
24834,24834,173,11,0,1,0,23,27.0,19.0,19.0,8.0
24835,24835,173,11,10,1,0,23,13.0,7.0,7.0,6.0
24836,24836,173,11,20,1,0,23,4.0,2.0,2.0,2.0
24837,24837,173,11,30,1,0,23,24.0,9.0,9.0,15.0
24838,24838,173,11,40,1,0,23,12.0,2.0,2.0,10.0
24839,24839,173,11,50,1,0,23,5.0,0.0,0.0,5.0
24840,24840,173,12,0,1,0,23,17.0,9.0,9.0,8.0
24841,24841,173,12,10,1,0,23,22.0,10.0,10.0,12.0
24842,24842,173,12,20,1,0,23,14.0,6.0,6.0,8.0
24843,24843,173,12,30,1,0,23,9.0,1.0,1.0,8.0
24844,24844,173,12,40,1,0,23,13.0,3.0,3.0,10.0
24845,24845,173,12,50,1,0,23,10.0,5.0,5.0,5.0
24846,24846,173,13,0,1,0,23,8.0,0.0,0.0,8.0
24847,24847,173,13,10,1,0,23,24.0,10.0,10.0,14.0
24848,24848,173,13,20,1,0,23,26.0,9.0,9.0,17.0
24849,24849,173,13,30,1,0,23,10.0,4.0,4.0,6.0
24850,24850,173,13,40,1,0,23,12.0,1.0,1.0,11.0
24851,24851,173,13,50,1,0,23,12.0,5.0,5.0,7.0
24852,24852,173,14,0,1,0,23,6.0,4.0,4.0,2.0
24853,24853,173,14,10,1,0,23,8.0,0.0,0.0,8.0
24854,24854,173,14,20,1,0,23,12.0,4.0,4.0,8.0
24855,24855,173,14,30,1,0,23,15.0,8.0,8.0,7.0
24856,24856,173,14,40,1,0,23,5.0,3.0,3.0,2.0
24857,24857,173,14,50,1,0,23,15.0,4.0,4.0,11.0
24858,24858,173,15,0,1,0,23,22.0,11.0,11.0,11.0
24859,24859,173,15,10,1,0,23,20.0,9.0,9.0,11.0
24860,24860,173,15,20,1,0,23,11.0,3.0,3.0,8.0
24861,24861,173,15,30,1,0,23,21.0,6.0,6.0,15.0
24862,24862,173,15,40,1,0,23,17.0,6.0,6.0,11.0
24863,24863,173,15,50,1,0,23,9.0,2.0,2.0,7.0
24864,24864,173,16,0,1,0,23,22.0,12.0,12.0,10.0
24865,24865,173,16,10,1,0,23,16.0,7.0,7.0,9.0
24866,24866,173,16,20,1,0,23,35.0,14.0,14.0,21.0
24867,24867,173,16,30,1,0,23,49.0,7.0,7.0,42.0
24868,24868,173,16,40,1,0,23,42.0,19.0,19.0,23.0
24869,24869,173,16,50,1,0,23,31.0,3.0,3.0,28.0
24870,24870,173,17,0,1,0,23,61.0,28.0,28.0,33.0
24871,24871,173,17,10,1,0,23,40.0,11.0,11.0,29.0
24872,24872,173,17,20,1,0,23,45.0,23.0,23.0,22.0
24873,24873,173,17,30,1,0,23,56.0,39.0,39.0,17.0
24874,24874,173,17,40,1,0,23,22.0,13.0,13.0,9.0
24875,24875,173,17,50,1,0,23,28.0,13.0,13.0,15.0
24876,24876,173,18,0,1,0,23,60.0,42.0,42.0,18.0
24877,24877,173,18,10,1,0,23,18.0,4.0,4.0,14.0
24878,24878,173,18,20,1,0,23,37.0,28.0,28.0,9.0
24879,24879,173,18,30,1,0,23,16.0,12.0,12.0,4.0
24880,24880,173,18,40,1,0,23,27.0,20.0,20.0,7.0
24881,24881,173,18,50,1,0,23,43.0,34.0,34.0,9.0
24882,24882,173,19,0,1,0,23,44.0,32.0,32.0,12.0
24883,24883,173,19,10,1,0,23,11.0,3.0,3.0,8.0
24884,24884,173,19,20,1,0,23,39.0,31.0,31.0,8.0
24885,24885,173,19,30,1,0,23,47.0,38.0,38.0,9.0
24886,24886,173,19,40,1,0,23,3.0,0.0,0.0,3.0
24887,24887,173,19,50,1,0,23,24.0,20.0,20.0,4.0
24888,24888,173,20,0,1,0,23,19.0,14.0,14.0,5.0
24889,24889,173,20,10,1,0,23,22.0,18.0,18.0,4.0
24890,24890,173,20,20,1,0,23,24.0,18.0,18.0,6.0
24891,24891,173,20,30,1,0,23,4.0,0.0,0.0,4.0
24892,24892,173,20,40,1,0,23,22.0,19.0,19.0,3.0
24893,24893,173,20,50,1,0,23,10.0,8.0,8.0,2.0
24894,24894,173,21,0,1,0,23,3.0,2.0,2.0,1.0
24895,24895,173,21,10,1,0,23,18.0,14.0,14.0,4.0
24896,24896,173,21,20,1,0,23,15.0,12.0,12.0,3.0
24897,24897,173,21,30,1,0,23,5.0,3.0,3.0,2.0
24898,24898,173,21,40,1,0,23,15.0,14.0,14.0,1.0
24899,24899,173,21,50,1,0,23,14.0,14.0,14.0,0.0
24900,24900,173,22,0,1,0,23,1.0,0.0,0.0,1.0
24901,24901,173,22,10,1,0,23,14.0,13.0,13.0,1.0
24902,24902,173,22,20,1,0,23,14.0,14.0,14.0,0.0
24903,24903,173,22,30,1,0,23,8.0,7.0,7.0,1.0
24904,24904,173,22,40,1,0,23,8.0,7.0,7.0,1.0
24905,24905,173,22,50,1,0,23,12.0,12.0,12.0,0.0
24942,24942,174,5,0,1,0,23,0.0,0.0,0.0,0.0
24943,24943,174,5,10,1,0,23,0.0,0.0,0.0,0.0
24944,24944,174,5,20,1,0,23,0.0,0.0,0.0,0.0
24945,24945,174,5,30,1,0,23,61.0,0.0,0.0,61.0
24946,24946,174,5,40,1,0,23,38.0,1.0,1.0,37.0
24947,24947,174,5,50,1,0,23,85.0,0.0,0.0,85.0
24948,24948,174,6,0,1,0,23,86.0,1.0,1.0,85.0
24949,24949,174,6,10,1,0,23,127.0,8.0,8.0,119.0
24950,24950,174,6,20,1,0,23,184.0,13.0,13.0,171.0
24951,24951,174,6,30,1,0,23,252.0,27.0,27.0,225.0
24952,24952,174,6,40,1,0,23,400.0,33.0,33.0,367.0
24953,24953,174,6,50,1,0,23,553.0,20.0,20.0,533.0
24954,24954,174,7,0,1,0,23,703.0,62.0,62.0,641.0
24955,24955,174,7,10,1,0,23,724.0,44.0,44.0,680.0
24956,24956,174,7,20,1,0,23,742.0,66.0,66.0,676.0
24957,24957,174,7,30,1,0,23,730.0,57.0,57.0,673.0
24958,24958,174,7,40,1,0,23,748.0,92.0,92.0,656.0
24959,24959,174,7,50,1,0,23,786.0,117.0,117.0,669.0
24960,24960,174,8,0,1,0,23,691.0,65.0,65.0,626.0
24961,24961,174,8,10,1,0,23,740.0,122.0,122.0,618.0
24962,24962,174,8,20,1,0,23,625.0,137.0,137.0,488.0
24963,24963,174,8,30,1,0,23,723.0,287.0,287.0,436.0
24964,24964,174,8,40,1,0,23,601.0,229.0,229.0,372.0
24965,24965,174,8,50,1,0,23,638.0,289.0,289.0,349.0
24966,24966,174,9,0,1,0,23,448.0,178.0,178.0,270.0
24967,24967,174,9,10,1,0,23,348.0,134.0,134.0,214.0
24968,24968,174,9,20,1,0,23,239.0,89.0,89.0,150.0
24969,24969,174,9,30,1,0,23,229.0,87.0,87.0,142.0
24970,24970,174,9,40,1,0,23,189.0,90.0,90.0,99.0
24971,24971,174,9,50,1,0,23,139.0,45.0,45.0,94.0
24972,24972,174,10,0,1,0,23,175.0,77.0,77.0,98.0
24973,24973,174,10,10,1,0,23,135.0,58.0,58.0,77.0
24974,24974,174,10,20,1,0,23,136.0,50.0,50.0,86.0
24975,24975,174,10,30,1,0,23,129.0,47.0,47.0,82.0
24976,24976,174,10,40,1,0,23,115.0,44.0,44.0,71.0
24977,24977,174,10,50,1,0,23,118.0,59.0,59.0,59.0
24978,24978,174,11,0,1,0,23,127.0,63.0,63.0,64.0
24979,24979,174,11,10,1,0,23,96.0,31.0,31.0,65.0
24980,24980,174,11,20,1,0,23,141.0,59.0,59.0,82.0
24981,24981,174,11,30,1,0,23,116.0,51.0,51.0,65.0
24982,24982,174,11,40,1,0,23,117.0,36.0,36.0,81.0
24983,24983,174,11,50,1,0,23,146.0,51.0,51.0,95.0
24984,24984,174,12,0,1,0,23,119.0,37.0,37.0,82.0
24985,24985,174,12,10,1,0,23,143.0,67.0,67.0,76.0
24986,24986,174,12,20,1,0,23,110.0,31.0,31.0,79.0
24987,24987,174,12,30,1,0,23,154.0,75.0,75.0,79.0
24988,24988,174,12,40,1,0,23,112.0,44.0,44.0,68.0
24989,24989,174,12,50,1,0,23,116.0,35.0,35.0,81.0
24990,24990,174,13,0,1,0,23,130.0,66.0,66.0,64.0
24991,24991,174,13,10,1,0,23,115.0,56.0,56.0,59.0
24992,24992,174,13,20,1,0,23,127.0,70.0,70.0,57.0
24993,24993,174,13,30,1,0,23,117.0,34.0,34.0,83.0
24994,24994,174,13,40,1,0,23,85.0,38.0,38.0,47.0
24995,24995,174,13,50,1,0,23,126.0,70.0,70.0,56.0
24996,24996,174,14,0,1,0,23,98.0,54.0,54.0,44.0
24997,24997,174,14,10,1,0,23,121.0,70.0,70.0,51.0
24998,24998,174,14,20,1,0,23,100.0,54.0,54.0,46.0
24999,24999,174,14,30,1,0,23,157.0,99.0,99.0,58.0
25000,25000,174,14,40,1,0,23,88.0,37.0,37.0,51.0
25001,25001,174,14,50,1,0,23,132.0,84.0,84.0,48.0
25002,25002,174,15,0,1,0,23,120.0,73.0,73.0,47.0
25003,25003,174,15,10,1,0,23,125.0,73.0,73.0,52.0
25004,25004,174,15,20,1,0,23,156.0,104.0,104.0,52.0
25005,25005,174,15,30,1,0,23,125.0,69.0,69.0,56.0
25006,25006,174,15,40,1,0,23,166.0,112.0,112.0,54.0
25007,25007,174,15,50,1,0,23,116.0,49.0,49.0,67.0
25008,25008,174,16,0,1,0,23,225.0,85.0,85.0,140.0
25009,25009,174,16,10,1,0,23,209.0,118.0,118.0,91.0
25010,25010,174,16,20,1,0,23,232.0,162.0,162.0,70.0
25011,25011,174,16,30,1,0,23,196.0,126.0,126.0,70.0
25012,25012,174,16,40,1,0,23,229.0,133.0,133.0,96.0
25013,25013,174,16,50,1,0,23,229.0,131.0,131.0,98.0
25014,25014,174,17,0,1,0,23,220.0,119.0,119.0,101.0
25015,25015,174,17,10,1,0,23,427.0,282.0,282.0,145.0
25016,25016,174,17,20,1,0,23,361.0,237.0,237.0,124.0
25017,25017,174,17,30,1,0,23,437.0,316.0,316.0,121.0
25018,25018,174,17,40,1,0,23,444.0,278.0,278.0,166.0
25019,25019,174,17,50,1,0,23,511.0,388.0,388.0,123.0
25020,25020,174,18,0,1,0,23,468.0,375.0,375.0,93.0
25021,25021,174,18,10,1,0,23,596.0,385.0,385.0,211.0
25022,25022,174,18,20,1,0,23,597.0,432.0,432.0,165.0
25023,25023,174,18,30,1,0,23,619.0,480.0,480.0,139.0
25024,25024,174,18,40,1,0,23,509.0,395.0,395.0,114.0
25025,25025,174,18,50,1,0,23,574.0,450.0,450.0,124.0
25026,25026,174,19,0,1,0,23,536.0,457.0,457.0,79.0
25027,25027,174,19,10,1,0,23,409.0,348.0,348.0,61.0
25028,25028,174,19,20,1,0,23,329.0,284.0,284.0,45.0
25029,25029,174,19,30,1,0,23,307.0,255.0,255.0,52.0
25030,25030,174,19,40,1,0,23,217.0,185.0,185.0,32.0
25031,25031,174,19,50,1,0,23,225.0,186.0,186.0,39.0
25032,25032,174,20,0,1,0,23,204.0,166.0,166.0,38.0
25033,25033,174,20,10,1,0,23,167.0,127.0,127.0,40.0
25034,25034,174,20,20,1,0,23,162.0,128.0,128.0,34.0
25035,25035,174,20,30,1,0,23,253.0,213.0,213.0,40.0
25036,25036,174,20,40,1,0,23,115.0,82.0,82.0,33.0
25037,25037,174,20,50,1,0,23,197.0,178.0,178.0,19.0
25038,25038,174,21,0,1,0,23,123.0,88.0,88.0,35.0
25039,25039,174,21,10,1,0,23,145.0,105.0,105.0,40.0
25040,25040,174,21,20,1,0,23,142.0,100.0,100.0,42.0
25041,25041,174,21,30,1,0,23,214.0,186.0,186.0,28.0
25042,25042,174,21,40,1,0,23,123.0,100.0,100.0,23.0
25043,25043,174,21,50,1,0,23,196.0,173.0,173.0,23.0
25044,25044,174,22,0,1,0,23,111.0,93.0,93.0,18.0
25045,25045,174,22,10,1,0,23,93.0,85.0,85.0,8.0
25046,25046,174,22,20,1,0,23,92.0,74.0,74.0,18.0
25047,25047,174,22,30,1,0,23,87.0,77.0,77.0,10.0
25048,25048,174,22,40,1,0,23,98.0,96.0,96.0,2.0
25049,25049,174,22,50,1,0,23,104.0,99.0,99.0,5.0
25086,25086,175,5,0,1,0,23,0.0,0.0,0.0,0.0
25087,25087,175,5,10,1,0,23,0.0,0.0,0.0,0.0
25088,25088,175,5,20,1,0,23,0.0,0.0,0.0,0.0
25089,25089,175,5,30,1,0,23,20.0,0.0,0.0,20.0
25090,25090,175,5,40,1,0,23,43.0,4.0,4.0,39.0
25091,25091,175,5,50,1,0,23,41.0,0.0,0.0,41.0
25092,25092,175,6,0,1,0,23,64.0,2.0,2.0,62.0
25093,25093,175,6,10,1,0,23,101.0,14.0,14.0,87.0
25094,25094,175,6,20,1,0,23,129.0,25.0,25.0,104.0
25095,25095,175,6,30,1,0,23,179.0,30.0,30.0,149.0
25096,25096,175,6,40,1,0,23,235.0,31.0,31.0,204.0
25097,25097,175,6,50,1,0,23,324.0,65.0,65.0,259.0
25098,25098,175,7,0,1,0,23,322.0,48.0,48.0,274.0
25099,25099,175,7,10,1,0,23,381.0,66.0,66.0,315.0
25100,25100,175,7,20,1,0,23,528.0,63.0,63.0,465.0
25101,25101,175,7,30,1,0,23,640.0,113.0,113.0,527.0
25102,25102,175,7,40,1,0,23,705.0,138.0,138.0,567.0
25103,25103,175,7,50,1,0,23,860.0,161.0,161.0,699.0
25104,25104,175,8,0,1,0,23,1078.0,248.0,248.0,830.0
25105,25105,175,8,10,1,0,23,1214.0,344.0,344.0,870.0
25106,25106,175,8,20,1,0,23,1301.0,467.0,467.0,834.0
25107,25107,175,8,30,1,0,23,1196.0,482.0,482.0,714.0
25108,25108,175,8,40,1,0,23,1071.0,476.0,476.0,595.0
25109,25109,175,8,50,1,0,23,813.0,314.0,314.0,499.0
25110,25110,175,9,0,1,0,23,689.0,287.0,287.0,402.0
25111,25111,175,9,10,1,0,23,579.0,224.0,224.0,355.0
25112,25112,175,9,20,1,0,23,477.0,168.0,168.0,309.0
25113,25113,175,9,30,1,0,23,334.0,112.0,112.0,222.0
25114,25114,175,9,40,1,0,23,340.0,131.0,131.0,209.0
25115,25115,175,9,50,1,0,23,301.0,122.0,122.0,179.0
25116,25116,175,10,0,1,0,23,254.0,104.0,104.0,150.0
25117,25117,175,10,10,1,0,23,233.0,81.0,81.0,152.0
25118,25118,175,10,20,1,0,23,239.0,111.0,111.0,128.0
25119,25119,175,10,30,1,0,23,214.0,89.0,89.0,125.0
25120,25120,175,10,40,1,0,23,243.0,110.0,110.0,133.0
25121,25121,175,10,50,1,0,23,211.0,92.0,92.0,119.0
25122,25122,175,11,0,1,0,23,176.0,79.0,79.0,97.0
25123,25123,175,11,10,1,0,23,198.0,91.0,91.0,107.0
25124,25124,175,11,20,1,0,23,198.0,97.0,97.0,101.0
25125,25125,175,11,30,1,0,23,206.0,100.0,100.0,106.0
25126,25126,175,11,40,1,0,23,231.0,101.0,101.0,130.0
25127,25127,175,11,50,1,0,23,232.0,111.0,111.0,121.0
25128,25128,175,12,0,1,0,23,231.0,95.0,95.0,136.0
25129,25129,175,12,10,1,0,23,240.0,89.0,89.0,151.0
25130,25130,175,12,20,1,0,23,271.0,110.0,110.0,161.0
25131,25131,175,12,30,1,0,23,182.0,76.0,76.0,106.0
25132,25132,175,12,40,1,0,23,242.0,107.0,107.0,135.0
25133,25133,175,12,50,1,0,23,253.0,109.0,109.0,144.0
25134,25134,175,13,0,1,0,23,270.0,113.0,113.0,157.0
25135,25135,175,13,10,1,0,23,215.0,86.0,86.0,129.0
25136,25136,175,13,20,1,0,23,218.0,98.0,98.0,120.0
25137,25137,175,13,30,1,0,23,216.0,105.0,105.0,111.0
25138,25138,175,13,40,1,0,23,231.0,100.0,100.0,131.0
25139,25139,175,13,50,1,0,23,206.0,90.0,90.0,116.0
25140,25140,175,14,0,1,0,23,203.0,120.0,120.0,83.0
25141,25141,175,14,10,1,0,23,209.0,89.0,89.0,120.0
25142,25142,175,14,20,1,0,23,229.0,107.0,107.0,122.0
25143,25143,175,14,30,1,0,23,199.0,110.0,110.0,89.0
25144,25144,175,14,40,1,0,23,202.0,112.0,112.0,90.0
25145,25145,175,14,50,1,0,23,227.0,131.0,131.0,96.0
25146,25146,175,15,0,1,0,23,205.0,109.0,109.0,96.0
25147,25147,175,15,10,1,0,23,247.0,122.0,122.0,125.0
25148,25148,175,15,20,1,0,23,270.0,141.0,141.0,129.0
25149,25149,175,15,30,1,0,23,259.0,146.0,146.0,113.0
25150,25150,175,15,40,1,0,23,276.0,144.0,144.0,132.0
25151,25151,175,15,50,1,0,23,240.0,122.0,122.0,118.0
25152,25152,175,16,0,1,0,23,248.0,139.0,139.0,109.0
25153,25153,175,16,10,1,0,23,286.0,164.0,164.0,122.0
25154,25154,175,16,20,1,0,23,309.0,176.0,176.0,133.0
25155,25155,175,16,30,1,0,23,369.0,196.0,196.0,173.0
25156,25156,175,16,40,1,0,23,393.0,215.0,215.0,178.0
25157,25157,175,16,50,1,0,23,395.0,205.0,205.0,190.0
25158,25158,175,17,0,1,0,23,460.0,236.0,236.0,224.0
25159,25159,175,17,10,1,0,23,607.0,257.0,257.0,350.0
25160,25160,175,17,20,1,0,23,578.0,347.0,347.0,231.0
25161,25161,175,17,30,1,0,23,680.0,428.0,428.0,252.0
25162,25162,175,17,40,1,0,23,854.0,421.0,421.0,433.0
25163,25163,175,17,50,1,0,23,771.0,416.0,416.0,355.0
25164,25164,175,18,0,1,0,23,767.0,512.0,512.0,255.0
25165,25165,175,18,10,1,0,23,857.0,506.0,506.0,351.0
25166,25166,175,18,20,1,0,23,741.0,518.0,518.0,223.0
25167,25167,175,18,30,1,0,23,766.0,551.0,551.0,215.0
25168,25168,175,18,40,1,0,23,708.0,500.0,500.0,208.0
25169,25169,175,18,50,1,0,23,581.0,400.0,400.0,181.0
25170,25170,175,19,0,1,0,23,517.0,376.0,376.0,141.0
25171,25171,175,19,10,1,0,23,534.0,366.0,366.0,168.0
25172,25172,175,19,20,1,0,23,413.0,282.0,282.0,131.0
25173,25173,175,19,30,1,0,23,381.0,236.0,236.0,145.0
25174,25174,175,19,40,1,0,23,335.0,194.0,194.0,141.0
25175,25175,175,19,50,1,0,23,295.0,178.0,178.0,117.0
25176,25176,175,20,0,1,0,23,313.0,196.0,196.0,117.0
25177,25177,175,20,10,1,0,23,249.0,152.0,152.0,97.0
25178,25178,175,20,20,1,0,23,249.0,149.0,149.0,100.0
25179,25179,175,20,30,1,0,23,207.0,127.0,127.0,80.0
25180,25180,175,20,40,1,0,23,289.0,198.0,198.0,91.0
25181,25181,175,20,50,1,0,23,269.0,170.0,170.0,99.0
25182,25182,175,21,0,1,0,23,201.0,119.0,119.0,82.0
25183,25183,175,21,10,1,0,23,325.0,195.0,195.0,130.0
25184,25184,175,21,20,1,0,23,242.0,158.0,158.0,84.0
25185,25185,175,21,30,1,0,23,208.0,115.0,115.0,93.0
25186,25186,175,21,40,1,0,23,222.0,155.0,155.0,67.0
25187,25187,175,21,50,1,0,23,213.0,161.0,161.0,52.0
25188,25188,175,22,0,1,0,23,178.0,128.0,128.0,50.0
25189,25189,175,22,10,1,0,23,198.0,168.0,168.0,30.0
25190,25190,175,22,20,1,0,23,160.0,124.0,124.0,36.0
25191,25191,175,22,30,1,0,23,115.0,93.0,93.0,22.0
25192,25192,175,22,40,1,0,23,96.0,80.0,80.0,16.0
25193,25193,175,22,50,1,0,23,91.0,79.0,79.0,12.0
25230,25230,176,5,0,1,0,23,1.0,0.0,0.0,1.0
25231,25231,176,5,10,1,0,23,0.0,0.0,0.0,0.0
25232,25232,176,5,20,1,0,23,4.0,0.0,0.0,4.0
25233,25233,176,5,30,1,0,23,15.0,1.0,1.0,14.0
25234,25234,176,5,40,1,0,23,11.0,2.0,2.0,9.0
25235,25235,176,5,50,1,0,23,21.0,5.0,5.0,16.0
25236,25236,176,6,0,1,0,23,42.0,4.0,4.0,38.0
25237,25237,176,6,10,1,0,23,84.0,27.0,27.0,57.0
25238,25238,176,6,20,1,0,23,80.0,25.0,25.0,55.0
25239,25239,176,6,30,1,0,23,177.0,104.0,104.0,73.0
25240,25240,176,6,40,1,0,23,203.0,96.0,96.0,107.0
25241,25241,176,6,50,1,0,23,303.0,144.0,144.0,159.0
25242,25242,176,7,0,1,0,23,298.0,125.0,125.0,173.0
25243,25243,176,7,10,1,0,23,495.0,265.0,265.0,230.0
25244,25244,176,7,20,1,0,23,526.0,279.0,279.0,247.0
25245,25245,176,7,30,1,0,23,547.0,264.0,264.0,283.0
25246,25246,176,7,40,1,0,23,681.0,323.0,323.0,358.0
25247,25247,176,7,50,1,0,23,786.0,421.0,421.0,365.0
25248,25248,176,8,0,1,0,23,969.0,510.0,510.0,459.0
25249,25249,176,8,10,1,0,23,1155.0,697.0,697.0,458.0
25250,25250,176,8,20,1,0,23,1270.0,799.0,799.0,471.0
25251,25251,176,8,30,1,0,23,1275.0,864.0,864.0,411.0
25252,25252,176,8,40,1,0,23,1336.0,979.0,979.0,357.0
25253,25253,176,8,50,1,0,23,1452.0,1097.0,1097.0,355.0
25254,25254,176,9,0,1,0,23,1038.0,760.0,760.0,278.0
25255,25255,176,9,10,1,0,23,956.0,729.0,729.0,227.0
25256,25256,176,9,20,1,0,23,794.0,574.0,574.0,220.0
25257,25257,176,9,30,1,0,23,819.0,649.0,649.0,170.0
25258,25258,176,9,40,1,0,23,695.0,551.0,551.0,144.0
25259,25259,176,9,50,1,0,23,537.0,409.0,409.0,128.0
25260,25260,176,10,0,1,0,23,449.0,306.0,306.0,143.0
25261,25261,176,10,10,1,0,23,369.0,244.0,244.0,125.0
25262,25262,176,10,20,1,0,23,350.0,228.0,228.0,122.0
25263,25263,176,10,30,1,0,23,408.0,287.0,287.0,121.0
25264,25264,176,10,40,1,0,23,343.0,221.0,221.0,122.0
25265,25265,176,10,50,1,0,23,348.0,247.0,247.0,101.0
25266,25266,176,11,0,1,0,23,302.0,168.0,168.0,134.0
25267,25267,176,11,10,1,0,23,318.0,190.0,190.0,128.0
25268,25268,176,11,20,1,0,23,299.0,166.0,166.0,133.0
25269,25269,176,11,30,1,0,23,294.0,172.0,172.0,122.0
25270,25270,176,11,40,1,0,23,397.0,248.0,248.0,149.0
25271,25271,176,11,50,1,0,23,312.0,175.0,175.0,137.0
25272,25272,176,12,0,1,0,23,290.0,150.0,150.0,140.0
25273,25273,176,12,10,1,0,23,357.0,225.0,225.0,132.0
25274,25274,176,12,20,1,0,23,393.0,225.0,225.0,168.0
25275,25275,176,12,30,1,0,23,353.0,191.0,191.0,162.0
25276,25276,176,12,40,1,0,23,351.0,182.0,182.0,169.0
25277,25277,176,12,50,1,0,23,408.0,225.0,225.0,183.0
25278,25278,176,13,0,1,0,23,328.0,172.0,172.0,156.0
25279,25279,176,13,10,1,0,23,339.0,164.0,164.0,175.0
25280,25280,176,13,20,1,0,23,402.0,224.0,224.0,178.0
25281,25281,176,13,30,1,0,23,364.0,202.0,202.0,162.0
25282,25282,176,13,40,1,0,23,398.0,227.0,227.0,171.0
25283,25283,176,13,50,1,0,23,371.0,168.0,168.0,203.0
25284,25284,176,14,0,1,0,23,347.0,188.0,188.0,159.0
25285,25285,176,14,10,1,0,23,355.0,162.0,162.0,193.0
25286,25286,176,14,20,1,0,23,339.0,162.0,162.0,177.0
25287,25287,176,14,30,1,0,23,341.0,129.0,129.0,212.0
25288,25288,176,14,40,1,0,23,374.0,192.0,192.0,182.0
25289,25289,176,14,50,1,0,23,411.0,186.0,186.0,225.0
25290,25290,176,15,0,1,0,23,369.0,146.0,146.0,223.0
25291,25291,176,15,10,1,0,23,443.0,210.0,210.0,233.0
25292,25292,176,15,20,1,0,23,378.0,162.0,162.0,216.0
25293,25293,176,15,30,1,0,23,418.0,209.0,209.0,209.0
25294,25294,176,15,40,1,0,23,424.0,186.0,186.0,238.0
25295,25295,176,15,50,1,0,23,380.0,182.0,182.0,198.0
25296,25296,176,16,0,1,0,23,492.0,255.0,255.0,237.0
25297,25297,176,16,10,1,0,23,444.0,174.0,174.0,270.0
25298,25298,176,16,20,1,0,23,531.0,249.0,249.0,282.0
25299,25299,176,16,30,1,0,23,430.0,152.0,152.0,278.0
25300,25300,176,16,40,1,0,23,576.0,289.0,289.0,287.0
25301,25301,176,16,50,1,0,23,582.0,262.0,262.0,320.0
25302,25302,176,17,0,1,0,23,670.0,249.0,249.0,421.0
25303,25303,176,17,10,1,0,23,847.0,272.0,272.0,575.0
25304,25304,176,17,20,1,0,23,849.0,348.0,348.0,501.0
25305,25305,176,17,30,1,0,23,1023.0,411.0,411.0,612.0
25306,25306,176,17,40,1,0,23,1278.0,453.0,453.0,825.0
25307,25307,176,17,50,1,0,23,1118.0,477.0,477.0,641.0
25308,25308,176,18,0,1,0,23,1157.0,545.0,545.0,612.0
25309,25309,176,18,10,1,0,23,1417.0,490.0,490.0,927.0
25310,25310,176,18,20,1,0,23,1297.0,609.0,609.0,688.0
25311,25311,176,18,30,1,0,23,1125.0,510.0,510.0,615.0
25312,25312,176,18,40,1,0,23,1108.0,542.0,542.0,566.0
25313,25313,176,18,50,1,0,23,929.0,470.0,470.0,459.0
25314,25314,176,19,0,1,0,23,695.0,294.0,294.0,401.0
25315,25315,176,19,10,1,0,23,626.0,241.0,241.0,385.0
25316,25316,176,19,20,1,0,23,583.0,253.0,253.0,330.0
25317,25317,176,19,30,1,0,23,534.0,177.0,177.0,357.0
25318,25318,176,19,40,1,0,23,511.0,165.0,165.0,346.0
25319,25319,176,19,50,1,0,23,463.0,132.0,132.0,331.0
25320,25320,176,20,0,1,0,23,454.0,115.0,115.0,339.0
25321,25321,176,20,10,1,0,23,493.0,130.0,130.0,363.0
25322,25322,176,20,20,1,0,23,428.0,103.0,103.0,325.0
25323,25323,176,20,30,1,0,23,489.0,103.0,103.0,386.0
25324,25324,176,20,40,1,0,23,442.0,79.0,79.0,363.0
25325,25325,176,20,50,1,0,23,473.0,114.0,114.0,359.0
25326,25326,176,21,0,1,0,23,480.0,131.0,131.0,349.0
25327,25327,176,21,10,1,0,23,473.0,80.0,80.0,393.0
25328,25328,176,21,20,1,0,23,449.0,92.0,92.0,357.0
25329,25329,176,21,30,1,0,23,477.0,92.0,92.0,385.0
25330,25330,176,21,40,1,0,23,462.0,98.0,98.0,364.0
25331,25331,176,21,50,1,0,23,350.0,85.0,85.0,265.0
25332,25332,176,22,0,1,0,23,474.0,70.0,70.0,404.0
25333,25333,176,22,10,1,0,23,297.0,81.0,81.0,216.0
25334,25334,176,22,20,1,0,23,129.0,35.0,35.0,94.0
25335,25335,176,22,30,1,0,23,137.0,64.0,64.0,73.0
25336,25336,176,22,40,1,0,23,60.0,33.0,33.0,27.0
25337,25337,176,22,50,1,0,23,58.0,39.0,39.0,19.0
25374,25374,177,5,0,1,0,23,0.0,0.0,0.0,0.0
25375,25375,177,5,10,1,0,23,1.0,0.0,0.0,1.0
25376,25376,177,5,20,1,0,23,3.0,0.0,0.0,3.0
25377,25377,177,5,30,1,0,23,18.0,0.0,0.0,18.0
25378,25378,177,5,40,1,0,23,29.0,3.0,3.0,26.0
25379,25379,177,5,50,1,0,23,41.0,3.0,3.0,38.0
25380,25380,177,6,0,1,0,23,53.0,12.0,12.0,41.0
25381,25381,177,6,10,1,0,23,77.0,13.0,13.0,64.0
25382,25382,177,6,20,1,0,23,145.0,23.0,23.0,122.0
25383,25383,177,6,30,1,0,23,158.0,29.0,29.0,129.0
25384,25384,177,6,40,1,0,23,267.0,35.0,35.0,232.0
25385,25385,177,6,50,1,0,23,291.0,53.0,53.0,238.0
25386,25386,177,7,0,1,0,23,378.0,84.0,84.0,294.0
25387,25387,177,7,10,1,0,23,466.0,84.0,84.0,382.0
25388,25388,177,7,20,1,0,23,590.0,129.0,129.0,461.0
25389,25389,177,7,30,1,0,23,702.0,136.0,136.0,566.0
25390,25390,177,7,40,1,0,23,806.0,110.0,110.0,696.0
25391,25391,177,7,50,1,0,23,1004.0,149.0,149.0,855.0
25392,25392,177,8,0,1,0,23,1081.0,186.0,186.0,895.0
25393,25393,177,8,10,1,0,23,1171.0,163.0,163.0,1008.0
25394,25394,177,8,20,1,0,23,1172.0,250.0,250.0,922.0
25395,25395,177,8,30,1,0,23,1094.0,304.0,304.0,790.0
25396,25396,177,8,40,1,0,23,985.0,341.0,341.0,644.0
25397,25397,177,8,50,1,0,23,784.0,269.0,269.0,515.0
25398,25398,177,9,0,1,0,23,695.0,201.0,201.0,494.0
25399,25399,177,9,10,1,0,23,540.0,189.0,189.0,351.0
25400,25400,177,9,20,1,0,23,479.0,158.0,158.0,321.0
25401,25401,177,9,30,1,0,23,367.0,118.0,118.0,249.0
25402,25402,177,9,40,1,0,23,371.0,164.0,164.0,207.0
25403,25403,177,9,50,1,0,23,261.0,94.0,94.0,167.0
25404,25404,177,10,0,1,0,23,238.0,92.0,92.0,146.0
25405,25405,177,10,10,1,0,23,211.0,94.0,94.0,117.0
25406,25406,177,10,20,1,0,23,258.0,136.0,136.0,122.0
25407,25407,177,10,30,1,0,23,198.0,68.0,68.0,130.0
25408,25408,177,10,40,1,0,23,135.0,59.0,59.0,76.0
25409,25409,177,10,50,1,0,23,195.0,81.0,81.0,114.0
25410,25410,177,11,0,1,0,23,138.0,60.0,60.0,78.0
25411,25411,177,11,10,1,0,23,145.0,70.0,70.0,75.0
25412,25412,177,11,20,1,0,23,153.0,75.0,75.0,78.0
25413,25413,177,11,30,1,0,23,191.0,74.0,74.0,117.0
25414,25414,177,11,40,1,0,23,156.0,82.0,82.0,74.0
25415,25415,177,11,50,1,0,23,165.0,70.0,70.0,95.0
25416,25416,177,12,0,1,0,23,231.0,104.0,104.0,127.0
25417,25417,177,12,10,1,0,23,164.0,72.0,72.0,92.0
25418,25418,177,12,20,1,0,23,212.0,97.0,97.0,115.0
25419,25419,177,12,30,1,0,23,218.0,92.0,92.0,126.0
25420,25420,177,12,40,1,0,23,174.0,75.0,75.0,99.0
25421,25421,177,12,50,1,0,23,206.0,113.0,113.0,93.0
25422,25422,177,13,0,1,0,23,171.0,77.0,77.0,94.0
25423,25423,177,13,10,1,0,23,201.0,85.0,85.0,116.0
25424,25424,177,13,20,1,0,23,188.0,90.0,90.0,98.0
25425,25425,177,13,30,1,0,23,182.0,97.0,97.0,85.0
25426,25426,177,13,40,1,0,23,216.0,99.0,99.0,117.0
25427,25427,177,13,50,1,0,23,157.0,89.0,89.0,68.0
25428,25428,177,14,0,1,0,23,146.0,71.0,71.0,75.0
25429,25429,177,14,10,1,0,23,187.0,99.0,99.0,88.0
25430,25430,177,14,20,1,0,23,195.0,105.0,105.0,90.0
25431,25431,177,14,30,1,0,23,178.0,99.0,99.0,79.0
25432,25432,177,14,40,1,0,23,189.0,94.0,94.0,95.0
25433,25433,177,14,50,1,0,23,231.0,122.0,122.0,109.0
25434,25434,177,15,0,1,0,23,194.0,92.0,92.0,102.0
25435,25435,177,15,10,1,0,23,214.0,127.0,127.0,87.0
25436,25436,177,15,20,1,0,23,206.0,115.0,115.0,91.0
25437,25437,177,15,30,1,0,23,259.0,132.0,132.0,127.0
25438,25438,177,15,40,1,0,23,217.0,133.0,133.0,84.0
25439,25439,177,15,50,1,0,23,254.0,154.0,154.0,100.0
25440,25440,177,16,0,1,0,23,206.0,96.0,96.0,110.0
25441,25441,177,16,10,1,0,23,294.0,168.0,168.0,126.0
25442,25442,177,16,20,1,0,23,282.0,145.0,145.0,137.0
25443,25443,177,16,30,1,0,23,322.0,223.0,223.0,99.0
25444,25444,177,16,40,1,0,23,349.0,227.0,227.0,122.0
25445,25445,177,16,50,1,0,23,314.0,186.0,186.0,128.0
25446,25446,177,17,0,1,0,23,402.0,227.0,227.0,175.0
25447,25447,177,17,10,1,0,23,600.0,304.0,304.0,296.0
25448,25448,177,17,20,1,0,23,588.0,336.0,336.0,252.0
25449,25449,177,17,30,1,0,23,677.0,482.0,482.0,195.0
25450,25450,177,17,40,1,0,23,767.0,478.0,478.0,289.0
25451,25451,177,17,50,1,0,23,710.0,451.0,451.0,259.0
25452,25452,177,18,0,1,0,23,708.0,511.0,511.0,197.0
25453,25453,177,18,10,1,0,23,791.0,541.0,541.0,250.0
25454,25454,177,18,20,1,0,23,676.0,482.0,482.0,194.0
25455,25455,177,18,30,1,0,23,809.0,643.0,643.0,166.0
25456,25456,177,18,40,1,0,23,770.0,583.0,583.0,187.0
25457,25457,177,18,50,1,0,23,551.0,421.0,421.0,130.0
25458,25458,177,19,0,1,0,23,558.0,417.0,417.0,141.0
25459,25459,177,19,10,1,0,23,442.0,338.0,338.0,104.0
25460,25460,177,19,20,1,0,23,379.0,297.0,297.0,82.0
25461,25461,177,19,30,1,0,23,331.0,242.0,242.0,89.0
25462,25462,177,19,40,1,0,23,280.0,225.0,225.0,55.0
25463,25463,177,19,50,1,0,23,271.0,197.0,197.0,74.0
25464,25464,177,20,0,1,0,23,254.0,180.0,180.0,74.0
25465,25465,177,20,10,1,0,23,274.0,185.0,185.0,89.0
25466,25466,177,20,20,1,0,23,260.0,186.0,186.0,74.0
25467,25467,177,20,30,1,0,23,263.0,193.0,193.0,70.0
25468,25468,177,20,40,1,0,23,243.0,159.0,159.0,84.0
25469,25469,177,20,50,1,0,23,285.0,211.0,211.0,74.0
25470,25470,177,21,0,1,0,23,223.0,158.0,158.0,65.0
25471,25471,177,21,10,1,0,23,206.0,136.0,136.0,70.0
25472,25472,177,21,20,1,0,23,233.0,162.0,162.0,71.0
25473,25473,177,21,30,1,0,23,252.0,188.0,188.0,64.0
25474,25474,177,21,40,1,0,23,184.0,118.0,118.0,66.0
25475,25475,177,21,50,1,0,23,240.0,185.0,185.0,55.0
25476,25476,177,22,0,1,0,23,190.0,145.0,145.0,45.0
25477,25477,177,22,10,1,0,23,171.0,131.0,131.0,40.0
25478,25478,177,22,20,1,0,23,177.0,150.0,150.0,27.0
25479,25479,177,22,30,1,0,23,121.0,98.0,98.0,23.0
25480,25480,177,22,40,1,0,23,104.0,81.0,81.0,23.0
25481,25481,177,22,50,1,0,23,37.0,32.0,32.0,5.0
25518,25518,178,5,0,1,0,23,0.0,0.0,0.0,0.0
25519,25519,178,5,10,1,0,23,0.0,0.0,0.0,0.0
25520,25520,178,5,20,1,0,23,0.0,0.0,0.0,0.0
25521,25521,178,5,30,1,0,23,10.0,0.0,0.0,10.0
25522,25522,178,5,40,1,0,23,26.0,0.0,0.0,26.0
25523,25523,178,5,50,1,0,23,69.0,0.0,0.0,69.0
25524,25524,178,6,0,1,0,23,82.0,17.0,17.0,65.0
25525,25525,178,6,10,1,0,23,100.0,21.0,21.0,79.0
25526,25526,178,6,20,1,0,23,96.0,18.0,18.0,78.0
25527,25527,178,6,30,1,0,23,128.0,34.0,34.0,94.0
25528,25528,178,6,40,1,0,23,187.0,47.0,47.0,140.0
25529,25529,178,6,50,1,0,23,286.0,93.0,93.0,193.0
25530,25530,178,7,0,1,0,23,336.0,129.0,129.0,207.0
25531,25531,178,7,10,1,0,23,413.0,169.0,169.0,244.0
25532,25532,178,7,20,1,0,23,482.0,194.0,194.0,288.0
25533,25533,178,7,30,1,0,23,593.0,237.0,237.0,356.0
25534,25534,178,7,40,1,0,23,774.0,339.0,339.0,435.0
25535,25535,178,7,50,1,0,23,820.0,360.0,360.0,460.0
25536,25536,178,8,0,1,0,23,983.0,484.0,484.0,499.0
25537,25537,178,8,10,1,0,23,1029.0,532.0,532.0,497.0
25538,25538,178,8,20,1,0,23,1228.0,748.0,748.0,480.0
25539,25539,178,8,30,1,0,23,1148.0,745.0,745.0,403.0
25540,25540,178,8,40,1,0,23,1619.0,1243.0,1243.0,376.0
25541,25541,178,8,50,1,0,23,1306.0,943.0,943.0,363.0
25542,25542,178,9,0,1,0,23,1048.0,749.0,749.0,299.0
25543,25543,178,9,10,1,0,23,961.0,701.0,701.0,260.0
25544,25544,178,9,20,1,0,23,869.0,629.0,629.0,240.0
25545,25545,178,9,30,1,0,23,593.0,396.0,396.0,197.0
25546,25546,178,9,40,1,0,23,598.0,427.0,427.0,171.0
25547,25547,178,9,50,1,0,23,463.0,309.0,309.0,154.0
25548,25548,178,10,0,1,0,23,338.0,174.0,174.0,164.0
25549,25549,178,10,10,1,0,23,298.0,166.0,166.0,132.0
25550,25550,178,10,20,1,0,23,300.0,144.0,144.0,156.0
25551,25551,178,10,30,1,0,23,306.0,165.0,165.0,141.0
25552,25552,178,10,40,1,0,23,213.0,113.0,113.0,100.0
25553,25553,178,10,50,1,0,23,226.0,111.0,111.0,115.0
25554,25554,178,11,0,1,0,23,216.0,101.0,101.0,115.0
25555,25555,178,11,10,1,0,23,213.0,87.0,87.0,126.0
25556,25556,178,11,20,1,0,23,260.0,122.0,122.0,138.0
25557,25557,178,11,30,1,0,23,224.0,92.0,92.0,132.0
25558,25558,178,11,40,1,0,23,286.0,107.0,107.0,179.0
25559,25559,178,11,50,1,0,23,256.0,102.0,102.0,154.0
25560,25560,178,12,0,1,0,23,319.0,139.0,139.0,180.0
25561,25561,178,12,10,1,0,23,272.0,140.0,140.0,132.0
25562,25562,178,12,20,1,0,23,231.0,90.0,90.0,141.0
25563,25563,178,12,30,1,0,23,302.0,135.0,135.0,167.0
25564,25564,178,12,40,1,0,23,274.0,133.0,133.0,141.0
25565,25565,178,12,50,1,0,23,279.0,138.0,138.0,141.0
25566,25566,178,13,0,1,0,23,288.0,147.0,147.0,141.0
25567,25567,178,13,10,1,0,23,265.0,118.0,118.0,147.0
25568,25568,178,13,20,1,0,23,264.0,143.0,143.0,121.0
25569,25569,178,13,30,1,0,23,230.0,98.0,98.0,132.0
25570,25570,178,13,40,1,0,23,287.0,130.0,130.0,157.0
25571,25571,178,13,50,1,0,23,249.0,106.0,106.0,143.0
25572,25572,178,14,0,1,0,23,233.0,115.0,115.0,118.0
25573,25573,178,14,10,1,0,23,279.0,139.0,139.0,140.0
25574,25574,178,14,20,1,0,23,270.0,136.0,136.0,134.0
25575,25575,178,14,30,1,0,23,263.0,123.0,123.0,140.0
25576,25576,178,14,40,1,0,23,229.0,109.0,109.0,120.0
25577,25577,178,14,50,1,0,23,255.0,117.0,117.0,138.0
25578,25578,178,15,0,1,0,23,255.0,105.0,105.0,150.0
25579,25579,178,15,10,1,0,23,289.0,137.0,137.0,152.0
25580,25580,178,15,20,1,0,23,270.0,134.0,134.0,136.0
25581,25581,178,15,30,1,0,23,302.0,154.0,154.0,148.0
25582,25582,178,15,40,1,0,23,281.0,149.0,149.0,132.0
25583,25583,178,15,50,1,0,23,289.0,137.0,137.0,152.0
25584,25584,178,16,0,1,0,23,316.0,113.0,113.0,203.0
25585,25585,178,16,10,1,0,23,348.0,155.0,155.0,193.0
25586,25586,178,16,20,1,0,23,306.0,138.0,138.0,168.0
25587,25587,178,16,30,1,0,23,409.0,143.0,143.0,266.0
25588,25588,178,16,40,1,0,23,382.0,129.0,129.0,253.0
25589,25589,178,16,50,1,0,23,476.0,193.0,193.0,283.0
25590,25590,178,17,0,1,0,23,687.0,211.0,211.0,476.0
25591,25591,178,17,10,1,0,23,734.0,214.0,214.0,520.0
25592,25592,178,17,20,1,0,23,750.0,283.0,283.0,467.0
25593,25593,178,17,30,1,0,23,939.0,279.0,279.0,660.0
25594,25594,178,17,40,1,0,23,1133.0,333.0,333.0,800.0
25595,25595,178,17,50,1,0,23,919.0,361.0,361.0,558.0
25596,25596,178,18,0,1,0,23,860.0,357.0,357.0,503.0
25597,25597,178,18,10,1,0,23,1035.0,340.0,340.0,695.0
25598,25598,178,18,20,1,0,23,969.0,404.0,404.0,565.0
25599,25599,178,18,30,1,0,23,694.0,324.0,324.0,370.0
25600,25600,178,18,40,1,0,23,774.0,343.0,343.0,431.0
25601,25601,178,18,50,1,0,23,634.0,329.0,329.0,305.0
25602,25602,178,19,0,1,0,23,510.0,240.0,240.0,270.0
25603,25603,178,19,10,1,0,23,435.0,204.0,204.0,231.0
25604,25604,178,19,20,1,0,23,414.0,179.0,179.0,235.0
25605,25605,178,19,30,1,0,23,328.0,152.0,152.0,176.0
25606,25606,178,19,40,1,0,23,294.0,131.0,131.0,163.0
25607,25607,178,19,50,1,0,23,285.0,134.0,134.0,151.0
25608,25608,178,20,0,1,0,23,277.0,128.0,128.0,149.0
25609,25609,178,20,10,1,0,23,260.0,94.0,94.0,166.0
25610,25610,178,20,20,1,0,23,223.0,84.0,84.0,139.0
25611,25611,178,20,30,1,0,23,258.0,138.0,138.0,120.0
25612,25612,178,20,40,1,0,23,210.0,89.0,89.0,121.0
25613,25613,178,20,50,1,0,23,241.0,93.0,93.0,148.0
25614,25614,178,21,0,1,0,23,237.0,109.0,109.0,128.0
25615,25615,178,21,10,1,0,23,275.0,117.0,117.0,158.0
25616,25616,178,21,20,1,0,23,261.0,134.0,134.0,127.0
25617,25617,178,21,30,1,0,23,230.0,134.0,134.0,96.0
25618,25618,178,21,40,1,0,23,174.0,83.0,83.0,91.0
25619,25619,178,21,50,1,0,23,155.0,91.0,91.0,64.0
25620,25620,178,22,0,1,0,23,198.0,100.0,100.0,98.0
25621,25621,178,22,10,1,0,23,154.0,67.0,67.0,87.0
25622,25622,178,22,20,1,0,23,163.0,103.0,103.0,60.0
25623,25623,178,22,30,1,0,23,176.0,139.0,139.0,37.0
25624,25624,178,22,40,1,0,23,109.0,85.0,85.0,24.0
25625,25625,178,22,50,1,0,23,61.0,52.0,52.0,9.0
25662,25662,179,5,0,1,0,23,0.0,0.0,0.0,0.0
25663,25663,179,5,10,1,0,23,2.0,0.0,0.0,2.0
25664,25664,179,5,20,1,0,23,2.0,0.0,0.0,2.0
25665,25665,179,5,30,1,0,23,13.0,0.0,0.0,13.0
25666,25666,179,5,40,1,0,23,5.0,0.0,0.0,5.0
25667,25667,179,5,50,1,0,23,12.0,0.0,0.0,12.0
25668,25668,179,6,0,1,0,23,29.0,4.0,4.0,25.0
25669,25669,179,6,10,1,0,23,65.0,2.0,2.0,63.0
25670,25670,179,6,20,1,0,23,92.0,22.0,22.0,70.0
25671,25671,179,6,30,1,0,23,131.0,39.0,39.0,92.0
25672,25672,179,6,40,1,0,23,163.0,45.0,45.0,118.0
25673,25673,179,6,50,1,0,23,280.0,124.0,124.0,156.0
25674,25674,179,7,0,1,0,23,285.0,131.0,131.0,154.0
25675,25675,179,7,10,1,0,23,319.0,133.0,133.0,186.0
25676,25676,179,7,20,1,0,23,356.0,124.0,124.0,232.0
25677,25677,179,7,30,1,0,23,409.0,156.0,156.0,253.0
25678,25678,179,7,40,1,0,23,465.0,179.0,179.0,286.0
25679,25679,179,7,50,1,0,23,601.0,254.0,254.0,347.0
25680,25680,179,8,0,1,0,23,718.0,366.0,366.0,352.0
25681,25681,179,8,10,1,0,23,762.0,403.0,403.0,359.0
25682,25682,179,8,20,1,0,23,779.0,419.0,419.0,360.0
25683,25683,179,8,30,1,0,23,662.0,354.0,354.0,308.0
25684,25684,179,8,40,1,0,23,765.0,506.0,506.0,259.0
25685,25685,179,8,50,1,0,23,583.0,338.0,338.0,245.0
25686,25686,179,9,0,1,0,23,440.0,244.0,244.0,196.0
25687,25687,179,9,10,1,0,23,379.0,182.0,182.0,197.0
25688,25688,179,9,20,1,0,23,369.0,211.0,211.0,158.0
25689,25689,179,9,30,1,0,23,251.0,122.0,122.0,129.0
25690,25690,179,9,40,1,0,23,242.0,116.0,116.0,126.0
25691,25691,179,9,50,1,0,23,238.0,127.0,127.0,111.0
25692,25692,179,10,0,1,0,23,196.0,75.0,75.0,121.0
25693,25693,179,10,10,1,0,23,176.0,91.0,91.0,85.0
25694,25694,179,10,20,1,0,23,189.0,89.0,89.0,100.0
25695,25695,179,10,30,1,0,23,146.0,54.0,54.0,92.0
25696,25696,179,10,40,1,0,23,176.0,94.0,94.0,82.0
25697,25697,179,10,50,1,0,23,147.0,58.0,58.0,89.0
25698,25698,179,11,0,1,0,23,133.0,52.0,52.0,81.0
25699,25699,179,11,10,1,0,23,167.0,80.0,80.0,87.0
25700,25700,179,11,20,1,0,23,139.0,49.0,49.0,90.0
25701,25701,179,11,30,1,0,23,173.0,79.0,79.0,94.0
25702,25702,179,11,40,1,0,23,157.0,57.0,57.0,100.0
25703,25703,179,11,50,1,0,23,164.0,88.0,88.0,76.0
25704,25704,179,12,0,1,0,23,198.0,104.0,104.0,94.0
25705,25705,179,12,10,1,0,23,186.0,68.0,68.0,118.0
25706,25706,179,12,20,1,0,23,229.0,126.0,126.0,103.0
25707,25707,179,12,30,1,0,23,167.0,74.0,74.0,93.0
25708,25708,179,12,40,1,0,23,246.0,151.0,151.0,95.0
25709,25709,179,12,50,1,0,23,157.0,68.0,68.0,89.0
25710,25710,179,13,0,1,0,23,165.0,97.0,97.0,68.0
25711,25711,179,13,10,1,0,23,184.0,91.0,91.0,93.0
25712,25712,179,13,20,1,0,23,151.0,63.0,63.0,88.0
25713,25713,179,13,30,1,0,23,192.0,118.0,118.0,74.0
25714,25714,179,13,40,1,0,23,140.0,56.0,56.0,84.0
25715,25715,179,13,50,1,0,23,199.0,106.0,106.0,93.0
25716,25716,179,14,0,1,0,23,153.0,56.0,56.0,97.0
25717,25717,179,14,10,1,0,23,168.0,75.0,75.0,93.0
25718,25718,179,14,20,1,0,23,197.0,116.0,116.0,81.0
25719,25719,179,14,30,1,0,23,146.0,54.0,54.0,92.0
25720,25720,179,14,40,1,0,23,217.0,112.0,112.0,105.0
25721,25721,179,14,50,1,0,23,141.0,51.0,51.0,90.0
25722,25722,179,15,0,1,0,23,188.0,98.0,98.0,90.0
25723,25723,179,15,10,1,0,23,172.0,67.0,67.0,105.0
25724,25724,179,15,20,1,0,23,200.0,86.0,86.0,114.0
25725,25725,179,15,30,1,0,23,230.0,80.0,80.0,150.0
25726,25726,179,15,40,1,0,23,173.0,61.0,61.0,112.0
25727,25727,179,15,50,1,0,23,256.0,134.0,134.0,122.0
25728,25728,179,16,0,1,0,23,209.0,66.0,66.0,143.0
25729,25729,179,16,10,1,0,23,272.0,120.0,120.0,152.0
25730,25730,179,16,20,1,0,23,221.0,74.0,74.0,147.0
25731,25731,179,16,30,1,0,23,342.0,105.0,105.0,237.0
25732,25732,179,16,40,1,0,23,453.0,133.0,133.0,320.0
25733,25733,179,16,50,1,0,23,343.0,102.0,102.0,241.0
25734,25734,179,17,0,1,0,23,435.0,164.0,164.0,271.0
25735,25735,179,17,10,1,0,23,452.0,136.0,136.0,316.0
25736,25736,179,17,20,1,0,23,413.0,208.0,208.0,205.0
25737,25737,179,17,30,1,0,23,404.0,192.0,192.0,212.0
25738,25738,179,17,40,1,0,23,599.0,233.0,233.0,366.0
25739,25739,179,17,50,1,0,23,413.0,173.0,173.0,240.0
25740,25740,179,18,0,1,0,23,506.0,320.0,320.0,186.0
25741,25741,179,18,10,1,0,23,461.0,226.0,226.0,235.0
25742,25742,179,18,20,1,0,23,452.0,219.0,219.0,233.0
25743,25743,179,18,30,1,0,23,363.0,230.0,230.0,133.0
25744,25744,179,18,40,1,0,23,434.0,311.0,311.0,123.0
25745,25745,179,18,50,1,0,23,301.0,177.0,177.0,124.0
25746,25746,179,19,0,1,0,23,259.0,174.0,174.0,85.0
25747,25747,179,19,10,1,0,23,268.0,153.0,153.0,115.0
25748,25748,179,19,20,1,0,23,197.0,116.0,116.0,81.0
25749,25749,179,19,30,1,0,23,222.0,141.0,141.0,81.0
25750,25750,179,19,40,1,0,23,148.0,70.0,70.0,78.0
25751,25751,179,19,50,1,0,23,152.0,73.0,73.0,79.0
25752,25752,179,20,0,1,0,23,190.0,110.0,110.0,80.0
25753,25753,179,20,10,1,0,23,154.0,70.0,70.0,84.0
25754,25754,179,20,20,1,0,23,147.0,80.0,80.0,67.0
25755,25755,179,20,30,1,0,23,182.0,101.0,101.0,81.0
25756,25756,179,20,40,1,0,23,129.0,67.0,67.0,62.0
25757,25757,179,20,50,1,0,23,149.0,77.0,77.0,72.0
25758,25758,179,21,0,1,0,23,136.0,79.0,79.0,57.0
25759,25759,179,21,10,1,0,23,126.0,59.0,59.0,67.0
25760,25760,179,21,20,1,0,23,175.0,99.0,99.0,76.0
25761,25761,179,21,30,1,0,23,122.0,83.0,83.0,39.0
25762,25762,179,21,40,1,0,23,150.0,109.0,109.0,41.0
25763,25763,179,21,50,1,0,23,79.0,50.0,50.0,29.0
25764,25764,179,22,0,1,0,23,111.0,74.0,74.0,37.0
25765,25765,179,22,10,1,0,23,122.0,101.0,101.0,21.0
25766,25766,179,22,20,1,0,23,63.0,51.0,51.0,12.0
25767,25767,179,22,30,1,0,23,105.0,93.0,93.0,12.0
25768,25768,179,22,40,1,0,23,7.0,3.0,3.0,4.0
25769,25769,179,22,50,1,0,23,8.0,8.0,8.0,0.0
25806,25806,180,5,0,1,0,23,0.0,0.0,0.0,0.0
25807,25807,180,5,10,1,0,23,0.0,0.0,0.0,0.0
25808,25808,180,5,20,1,0,23,5.0,0.0,0.0,5.0
25809,25809,180,5,30,1,0,23,4.0,0.0,0.0,4.0
25810,25810,180,5,40,1,0,23,10.0,1.0,1.0,9.0
25811,25811,180,5,50,1,0,23,15.0,4.0,4.0,11.0
25812,25812,180,6,0,1,0,23,38.0,17.0,17.0,21.0
25813,25813,180,6,10,1,0,23,62.0,15.0,15.0,47.0
25814,25814,180,6,20,1,0,23,90.0,49.0,49.0,41.0
25815,25815,180,6,30,1,0,23,110.0,49.0,49.0,61.0
25816,25816,180,6,40,1,0,23,195.0,118.0,118.0,77.0
25817,25817,180,6,50,1,0,23,300.0,210.0,210.0,90.0
25818,25818,180,7,0,1,0,23,450.0,329.0,329.0,121.0
25819,25819,180,7,10,1,0,23,537.0,408.0,408.0,129.0
25820,25820,180,7,20,1,0,23,484.0,352.0,352.0,132.0
25821,25821,180,7,30,1,0,23,540.0,365.0,365.0,175.0
25822,25822,180,7,40,1,0,23,650.0,442.0,442.0,208.0
25823,25823,180,7,50,1,0,23,568.0,299.0,299.0,269.0
25824,25824,180,8,0,1,0,23,634.0,357.0,357.0,277.0
25825,25825,180,8,10,1,0,23,641.0,298.0,298.0,343.0
25826,25826,180,8,20,1,0,23,623.0,328.0,328.0,295.0
25827,25827,180,8,30,1,0,23,589.0,287.0,287.0,302.0
25828,25828,180,8,40,1,0,23,674.0,407.0,407.0,267.0
25829,25829,180,8,50,1,0,23,503.0,260.0,260.0,243.0
25830,25830,180,9,0,1,0,23,496.0,275.0,275.0,221.0
25831,25831,180,9,10,1,0,23,412.0,200.0,200.0,212.0
25832,25832,180,9,20,1,0,23,436.0,256.0,256.0,180.0
25833,25833,180,9,30,1,0,23,364.0,170.0,170.0,194.0
25834,25834,180,9,40,1,0,23,351.0,190.0,190.0,161.0
25835,25835,180,9,50,1,0,23,386.0,220.0,220.0,166.0
25836,25836,180,10,0,1,0,23,267.0,130.0,130.0,137.0
25837,25837,180,10,10,1,0,23,293.0,128.0,128.0,165.0
25838,25838,180,10,20,1,0,23,250.0,114.0,114.0,136.0
25839,25839,180,10,30,1,0,23,234.0,117.0,117.0,117.0
25840,25840,180,10,40,1,0,23,249.0,116.0,116.0,133.0
25841,25841,180,10,50,1,0,23,203.0,65.0,65.0,138.0
25842,25842,180,11,0,1,0,23,185.0,78.0,78.0,107.0
25843,25843,180,11,10,1,0,23,193.0,75.0,75.0,118.0
25844,25844,180,11,20,1,0,23,201.0,70.0,70.0,131.0
25845,25845,180,11,30,1,0,23,196.0,67.0,67.0,129.0
25846,25846,180,11,40,1,0,23,200.0,75.0,75.0,125.0
25847,25847,180,11,50,1,0,23,235.0,94.0,94.0,141.0
25848,25848,180,12,0,1,0,23,189.0,75.0,75.0,114.0
25849,25849,180,12,10,1,0,23,200.0,108.0,108.0,92.0
25850,25850,180,12,20,1,0,23,202.0,95.0,95.0,107.0
25851,25851,180,12,30,1,0,23,198.0,107.0,107.0,91.0
25852,25852,180,12,40,1,0,23,262.0,147.0,147.0,115.0
25853,25853,180,12,50,1,0,23,216.0,131.0,131.0,85.0
25854,25854,180,13,0,1,0,23,198.0,110.0,110.0,88.0
25855,25855,180,13,10,1,0,23,207.0,126.0,126.0,81.0
25856,25856,180,13,20,1,0,23,246.0,122.0,122.0,124.0
25857,25857,180,13,30,1,0,23,215.0,105.0,105.0,110.0
25858,25858,180,13,40,1,0,23,242.0,130.0,130.0,112.0
25859,25859,180,13,50,1,0,23,215.0,94.0,94.0,121.0
25860,25860,180,14,0,1,0,23,222.0,105.0,105.0,117.0
25861,25861,180,14,10,1,0,23,266.0,118.0,118.0,148.0
25862,25862,180,14,20,1,0,23,247.0,108.0,108.0,139.0
25863,25863,180,14,30,1,0,23,280.0,125.0,125.0,155.0
25864,25864,180,14,40,1,0,23,215.0,97.0,97.0,118.0
25865,25865,180,14,50,1,0,23,244.0,117.0,117.0,127.0
25866,25866,180,15,0,1,0,23,194.0,72.0,72.0,122.0
25867,25867,180,15,10,1,0,23,266.0,108.0,108.0,158.0
25868,25868,180,15,20,1,0,23,246.0,112.0,112.0,134.0
25869,25869,180,15,30,1,0,23,233.0,117.0,117.0,116.0
25870,25870,180,15,40,1,0,23,218.0,75.0,75.0,143.0
25871,25871,180,15,50,1,0,23,239.0,105.0,105.0,134.0
25872,25872,180,16,0,1,0,23,278.0,114.0,114.0,164.0
25873,25873,180,16,10,1,0,23,262.0,85.0,85.0,177.0
25874,25874,180,16,20,1,0,23,329.0,106.0,106.0,223.0
25875,25875,180,16,30,1,0,23,340.0,92.0,92.0,248.0
25876,25876,180,16,40,1,0,23,468.0,87.0,87.0,381.0
25877,25877,180,16,50,1,0,23,448.0,137.0,137.0,311.0
25878,25878,180,17,0,1,0,23,440.0,86.0,86.0,354.0
25879,25879,180,17,10,1,0,23,496.0,123.0,123.0,373.0
25880,25880,180,17,20,1,0,23,493.0,185.0,185.0,308.0
25881,25881,180,17,30,1,0,23,435.0,140.0,140.0,295.0
25882,25882,180,17,40,1,0,23,385.0,162.0,162.0,223.0
25883,25883,180,17,50,1,0,23,383.0,183.0,183.0,200.0
25884,25884,180,18,0,1,0,23,361.0,192.0,192.0,169.0
25885,25885,180,18,10,1,0,23,419.0,212.0,212.0,207.0
25886,25886,180,18,20,1,0,23,366.0,203.0,203.0,163.0
25887,25887,180,18,30,1,0,23,305.0,173.0,173.0,132.0
25888,25888,180,18,40,1,0,23,278.0,161.0,161.0,117.0
25889,25889,180,18,50,1,0,23,302.0,198.0,198.0,104.0
25890,25890,180,19,0,1,0,23,207.0,115.0,115.0,92.0
25891,25891,180,19,10,1,0,23,237.0,122.0,122.0,115.0
25892,25892,180,19,20,1,0,23,145.0,83.0,83.0,62.0
25893,25893,180,19,30,1,0,23,169.0,93.0,93.0,76.0
25894,25894,180,19,40,1,0,23,146.0,79.0,79.0,67.0
25895,25895,180,19,50,1,0,23,176.0,88.0,88.0,88.0
25896,25896,180,20,0,1,0,23,157.0,76.0,76.0,81.0
25897,25897,180,20,10,1,0,23,140.0,63.0,63.0,77.0
25898,25898,180,20,20,1,0,23,146.0,58.0,58.0,88.0
25899,25899,180,20,30,1,0,23,144.0,69.0,69.0,75.0
25900,25900,180,20,40,1,0,23,122.0,57.0,57.0,65.0
25901,25901,180,20,50,1,0,23,96.0,50.0,50.0,46.0
25902,25902,180,21,0,1,0,23,138.0,80.0,80.0,58.0
25903,25903,180,21,10,1,0,23,133.0,67.0,67.0,66.0
25904,25904,180,21,20,1,0,23,102.0,56.0,56.0,46.0
25905,25905,180,21,30,1,0,23,139.0,94.0,94.0,45.0
25906,25906,180,21,40,1,0,23,114.0,75.0,75.0,39.0
25907,25907,180,21,50,1,0,23,82.0,49.0,49.0,33.0
25908,25908,180,22,0,1,0,23,96.0,63.0,63.0,33.0
25909,25909,180,22,10,1,0,23,98.0,62.0,62.0,36.0
25910,25910,180,22,20,1,0,23,59.0,42.0,42.0,17.0
25911,25911,180,22,30,1,0,23,66.0,48.0,48.0,18.0
25912,25912,180,22,40,1,0,23,37.0,27.0,27.0,10.0
25913,25913,180,22,50,1,0,23,26.0,21.0,21.0,5.0
25950,25950,181,5,0,1,0,23,0.0,0.0,0.0,0.0
25951,25951,181,5,10,1,0,23,0.0,0.0,0.0,0.0
25952,25952,181,5,20,1,0,23,0.0,0.0,0.0,0.0
25953,25953,181,5,30,1,0,23,2.0,0.0,0.0,2.0
25954,25954,181,5,40,1,0,23,11.0,0.0,0.0,11.0
25955,25955,181,5,50,1,0,23,36.0,2.0,2.0,34.0
25956,25956,181,6,0,1,0,23,21.0,0.0,0.0,21.0
25957,25957,181,6,10,1,0,23,27.0,4.0,4.0,23.0
25958,25958,181,6,20,1,0,23,60.0,12.0,12.0,48.0
25959,25959,181,6,30,1,0,23,106.0,21.0,21.0,85.0
25960,25960,181,6,40,1,0,23,89.0,16.0,16.0,73.0
25961,25961,181,6,50,1,0,23,114.0,27.0,27.0,87.0
25962,25962,181,7,0,1,0,23,137.0,52.0,52.0,85.0
25963,25963,181,7,10,1,0,23,174.0,42.0,42.0,132.0
25964,25964,181,7,20,1,0,23,177.0,41.0,41.0,136.0
25965,25965,181,7,30,1,0,23,241.0,75.0,75.0,166.0
25966,25966,181,7,40,1,0,23,305.0,122.0,122.0,183.0
25967,25967,181,7,50,1,0,23,352.0,101.0,101.0,251.0
25968,25968,181,8,0,1,0,23,360.0,118.0,118.0,242.0
25969,25969,181,8,10,1,0,23,393.0,175.0,175.0,218.0
25970,25970,181,8,20,1,0,23,448.0,176.0,176.0,272.0
25971,25971,181,8,30,1,0,23,523.0,306.0,306.0,217.0
25972,25972,181,8,40,1,0,23,559.0,364.0,364.0,195.0
25973,25973,181,8,50,1,0,23,406.0,221.0,221.0,185.0
25974,25974,181,9,0,1,0,23,276.0,134.0,134.0,142.0
25975,25975,181,9,10,1,0,23,365.0,236.0,236.0,129.0
25976,25976,181,9,20,1,0,23,236.0,139.0,139.0,97.0
25977,25977,181,9,30,1,0,23,217.0,137.0,137.0,80.0
25978,25978,181,9,40,1,0,23,152.0,83.0,83.0,69.0
25979,25979,181,9,50,1,0,23,211.0,136.0,136.0,75.0
25980,25980,181,10,0,1,0,23,172.0,99.0,99.0,73.0
25981,25981,181,10,10,1,0,23,120.0,60.0,60.0,60.0
25982,25982,181,10,20,1,0,23,126.0,80.0,80.0,46.0
25983,25983,181,10,30,1,0,23,111.0,66.0,66.0,45.0
25984,25984,181,10,40,1,0,23,91.0,63.0,63.0,28.0
25985,25985,181,10,50,1,0,23,73.0,30.0,30.0,43.0
25986,25986,181,11,0,1,0,23,89.0,48.0,48.0,41.0
25987,25987,181,11,10,1,0,23,100.0,57.0,57.0,43.0
25988,25988,181,11,20,1,0,23,94.0,40.0,40.0,54.0
25989,25989,181,11,30,1,0,23,110.0,55.0,55.0,55.0
25990,25990,181,11,40,1,0,23,89.0,46.0,46.0,43.0
25991,25991,181,11,50,1,0,23,92.0,51.0,51.0,41.0
25992,25992,181,12,0,1,0,23,99.0,54.0,54.0,45.0
25993,25993,181,12,10,1,0,23,109.0,55.0,55.0,54.0
25994,25994,181,12,20,1,0,23,150.0,82.0,82.0,68.0
25995,25995,181,12,30,1,0,23,116.0,56.0,56.0,60.0
25996,25996,181,12,40,1,0,23,152.0,87.0,87.0,65.0
25997,25997,181,12,50,1,0,23,98.0,51.0,51.0,47.0
25998,25998,181,13,0,1,0,23,87.0,43.0,43.0,44.0
25999,25999,181,13,10,1,0,23,112.0,65.0,65.0,47.0
26000,26000,181,13,20,1,0,23,94.0,47.0,47.0,47.0
26001,26001,181,13,30,1,0,23,105.0,65.0,65.0,40.0
26002,26002,181,13,40,1,0,23,91.0,41.0,41.0,50.0
26003,26003,181,13,50,1,0,23,111.0,66.0,66.0,45.0
26004,26004,181,14,0,1,0,23,98.0,41.0,41.0,57.0
26005,26005,181,14,10,1,0,23,102.0,42.0,42.0,60.0
26006,26006,181,14,20,1,0,23,125.0,70.0,70.0,55.0
26007,26007,181,14,30,1,0,23,111.0,50.0,50.0,61.0
26008,26008,181,14,40,1,0,23,122.0,65.0,65.0,57.0
26009,26009,181,14,50,1,0,23,106.0,53.0,53.0,53.0
26010,26010,181,15,0,1,0,23,126.0,63.0,63.0,63.0
26011,26011,181,15,10,1,0,23,104.0,50.0,50.0,54.0
26012,26012,181,15,20,1,0,23,85.0,44.0,44.0,41.0
26013,26013,181,15,30,1,0,23,129.0,68.0,68.0,61.0
26014,26014,181,15,40,1,0,23,110.0,44.0,44.0,66.0
26015,26015,181,15,50,1,0,23,154.0,71.0,71.0,83.0
26016,26016,181,16,0,1,0,23,183.0,47.0,47.0,136.0
26017,26017,181,16,10,1,0,23,139.0,67.0,67.0,72.0
26018,26018,181,16,20,1,0,23,146.0,97.0,97.0,49.0
26019,26019,181,16,30,1,0,23,158.0,73.0,73.0,85.0
26020,26020,181,16,40,1,0,23,156.0,76.0,76.0,80.0
26021,26021,181,16,50,1,0,23,141.0,59.0,59.0,82.0
26022,26022,181,17,0,1,0,23,257.0,91.0,91.0,166.0
26023,26023,181,17,10,1,0,23,294.0,100.0,100.0,194.0
26024,26024,181,17,20,1,0,23,247.0,109.0,109.0,138.0
26025,26025,181,17,30,1,0,23,260.0,131.0,131.0,129.0
26026,26026,181,17,40,1,0,23,380.0,151.0,151.0,229.0
26027,26027,181,17,50,1,0,23,350.0,191.0,191.0,159.0
26028,26028,181,18,0,1,0,23,343.0,167.0,167.0,176.0
26029,26029,181,18,10,1,0,23,392.0,184.0,184.0,208.0
26030,26030,181,18,20,1,0,23,355.0,184.0,184.0,171.0
26031,26031,181,18,30,1,0,23,301.0,159.0,159.0,142.0
26032,26032,181,18,40,1,0,23,297.0,176.0,176.0,121.0
26033,26033,181,18,50,1,0,23,237.0,129.0,129.0,108.0
26034,26034,181,19,0,1,0,23,243.0,154.0,154.0,89.0
26035,26035,181,19,10,1,0,23,172.0,97.0,97.0,75.0
26036,26036,181,19,20,1,0,23,149.0,91.0,91.0,58.0
26037,26037,181,19,30,1,0,23,109.0,54.0,54.0,55.0
26038,26038,181,19,40,1,0,23,151.0,89.0,89.0,62.0
26039,26039,181,19,50,1,0,23,100.0,53.0,53.0,47.0
26040,26040,181,20,0,1,0,23,93.0,50.0,50.0,43.0
26041,26041,181,20,10,1,0,23,119.0,71.0,71.0,48.0
26042,26042,181,20,20,1,0,23,102.0,54.0,54.0,48.0
26043,26043,181,20,30,1,0,23,90.0,52.0,52.0,38.0
26044,26044,181,20,40,1,0,23,101.0,68.0,68.0,33.0
26045,26045,181,20,50,1,0,23,103.0,61.0,61.0,42.0
26046,26046,181,21,0,1,0,23,79.0,48.0,48.0,31.0
26047,26047,181,21,10,1,0,23,116.0,58.0,58.0,58.0
26048,26048,181,21,20,1,0,23,118.0,76.0,76.0,42.0
26049,26049,181,21,30,1,0,23,130.0,65.0,65.0,65.0
26050,26050,181,21,40,1,0,23,190.0,66.0,66.0,124.0
26051,26051,181,21,50,1,0,23,118.0,49.0,49.0,69.0
26052,26052,181,22,0,1,0,23,110.0,37.0,37.0,73.0
26053,26053,181,22,10,1,0,23,78.0,46.0,46.0,32.0
26054,26054,181,22,20,1,0,23,61.0,43.0,43.0,18.0
26055,26055,181,22,30,1,0,23,48.0,43.0,43.0,5.0
26056,26056,181,22,40,1,0,23,53.0,40.0,40.0,13.0
26057,26057,181,22,50,1,0,23,53.0,48.0,48.0,5.0
26094,26094,182,5,0,1,0,23,0.0,0.0,0.0,0.0
26095,26095,182,5,10,1,0,23,0.0,0.0,0.0,0.0
26096,26096,182,5,20,1,0,23,0.0,0.0,0.0,0.0
26097,26097,182,5,30,1,0,23,6.0,0.0,0.0,6.0
26098,26098,182,5,40,1,0,23,20.0,0.0,0.0,20.0
26099,26099,182,5,50,1,0,23,39.0,4.0,4.0,35.0
26100,26100,182,6,0,1,0,23,34.0,2.0,2.0,32.0
26101,26101,182,6,10,1,0,23,67.0,27.0,27.0,40.0
26102,26102,182,6,20,1,0,23,95.0,25.0,25.0,70.0
26103,26103,182,6,30,1,0,23,111.0,24.0,24.0,87.0
26104,26104,182,6,40,1,0,23,168.0,48.0,48.0,120.0
26105,26105,182,6,50,1,0,23,180.0,44.0,44.0,136.0
26106,26106,182,7,0,1,0,23,227.0,92.0,92.0,135.0
26107,26107,182,7,10,1,0,23,343.0,127.0,127.0,216.0
26108,26108,182,7,20,1,0,23,393.0,174.0,174.0,219.0
26109,26109,182,7,30,1,0,23,497.0,212.0,212.0,285.0
26110,26110,182,7,40,1,0,23,507.0,192.0,192.0,315.0
26111,26111,182,7,50,1,0,23,705.0,269.0,269.0,436.0
26112,26112,182,8,0,1,0,23,634.0,258.0,258.0,376.0
26113,26113,182,8,10,1,0,23,982.0,494.0,494.0,488.0
26114,26114,182,8,20,1,0,23,878.0,445.0,445.0,433.0
26115,26115,182,8,30,1,0,23,1144.0,775.0,775.0,369.0
26116,26116,182,8,40,1,0,23,1236.0,907.0,907.0,329.0
26117,26117,182,8,50,1,0,23,1111.0,806.0,806.0,305.0
26118,26118,182,9,0,1,0,23,697.0,461.0,461.0,236.0
26119,26119,182,9,10,1,0,23,596.0,394.0,394.0,202.0
26120,26120,182,9,20,1,0,23,541.0,353.0,353.0,188.0
26121,26121,182,9,30,1,0,23,430.0,263.0,263.0,167.0
26122,26122,182,9,40,1,0,23,305.0,201.0,201.0,104.0
26123,26123,182,9,50,1,0,23,297.0,185.0,185.0,112.0
26124,26124,182,10,0,1,0,23,220.0,105.0,105.0,115.0
26125,26125,182,10,10,1,0,23,213.0,109.0,109.0,104.0
26126,26126,182,10,20,1,0,23,149.0,72.0,72.0,77.0
26127,26127,182,10,30,1,0,23,203.0,119.0,119.0,84.0
26128,26128,182,10,40,1,0,23,155.0,80.0,80.0,75.0
26129,26129,182,10,50,1,0,23,154.0,78.0,78.0,76.0
26130,26130,182,11,0,1,0,23,153.0,70.0,70.0,83.0
26131,26131,182,11,10,1,0,23,174.0,87.0,87.0,87.0
26132,26132,182,11,20,1,0,23,147.0,64.0,64.0,83.0
26133,26133,182,11,30,1,0,23,178.0,78.0,78.0,100.0
26134,26134,182,11,40,1,0,23,154.0,80.0,80.0,74.0
26135,26135,182,11,50,1,0,23,141.0,60.0,60.0,81.0
26136,26136,182,12,0,1,0,23,158.0,74.0,74.0,84.0
26137,26137,182,12,10,1,0,23,154.0,59.0,59.0,95.0
26138,26138,182,12,20,1,0,23,170.0,71.0,71.0,99.0
26139,26139,182,12,30,1,0,23,183.0,99.0,99.0,84.0
26140,26140,182,12,40,1,0,23,184.0,103.0,103.0,81.0
26141,26141,182,12,50,1,0,23,190.0,112.0,112.0,78.0
26142,26142,182,13,0,1,0,23,183.0,94.0,94.0,89.0
26143,26143,182,13,10,1,0,23,209.0,100.0,100.0,109.0
26144,26144,182,13,20,1,0,23,162.0,83.0,83.0,79.0
26145,26145,182,13,30,1,0,23,164.0,93.0,93.0,71.0
26146,26146,182,13,40,1,0,23,188.0,95.0,95.0,93.0
26147,26147,182,13,50,1,0,23,143.0,82.0,82.0,61.0
26148,26148,182,14,0,1,0,23,171.0,93.0,93.0,78.0
26149,26149,182,14,10,1,0,23,164.0,71.0,71.0,93.0
26150,26150,182,14,20,1,0,23,195.0,98.0,98.0,97.0
26151,26151,182,14,30,1,0,23,156.0,75.0,75.0,81.0
26152,26152,182,14,40,1,0,23,181.0,89.0,89.0,92.0
26153,26153,182,14,50,1,0,23,163.0,92.0,92.0,71.0
26154,26154,182,15,0,1,0,23,175.0,77.0,77.0,98.0
26155,26155,182,15,10,1,0,23,191.0,87.0,87.0,104.0
26156,26156,182,15,20,1,0,23,186.0,91.0,91.0,95.0
26157,26157,182,15,30,1,0,23,187.0,87.0,87.0,100.0
26158,26158,182,15,40,1,0,23,206.0,82.0,82.0,124.0
26159,26159,182,15,50,1,0,23,182.0,91.0,91.0,91.0
26160,26160,182,16,0,1,0,23,227.0,100.0,100.0,127.0
26161,26161,182,16,10,1,0,23,231.0,83.0,83.0,148.0
26162,26162,182,16,20,1,0,23,260.0,114.0,114.0,146.0
26163,26163,182,16,30,1,0,23,270.0,132.0,132.0,138.0
26164,26164,182,16,40,1,0,23,273.0,127.0,127.0,146.0
26165,26165,182,16,50,1,0,23,280.0,138.0,138.0,142.0
26166,26166,182,17,0,1,0,23,400.0,140.0,140.0,260.0
26167,26167,182,17,10,1,0,23,461.0,149.0,149.0,312.0
26168,26168,182,17,20,1,0,23,422.0,178.0,178.0,244.0
26169,26169,182,17,30,1,0,23,480.0,202.0,202.0,278.0
26170,26170,182,17,40,1,0,23,783.0,226.0,226.0,557.0
26171,26171,182,17,50,1,0,23,638.0,215.0,215.0,423.0
26172,26172,182,18,0,1,0,23,645.0,245.0,245.0,400.0
26173,26173,182,18,10,1,0,23,846.0,254.0,254.0,592.0
26174,26174,182,18,20,1,0,23,875.0,247.0,247.0,628.0
26175,26175,182,18,30,1,0,23,644.0,250.0,250.0,394.0
26176,26176,182,18,40,1,0,23,580.0,246.0,246.0,334.0
26177,26177,182,18,50,1,0,23,514.0,242.0,242.0,272.0
26178,26178,182,19,0,1,0,23,394.0,188.0,188.0,206.0
26179,26179,182,19,10,1,0,23,342.0,144.0,144.0,198.0
26180,26180,182,19,20,1,0,23,258.0,113.0,113.0,145.0
26181,26181,182,19,30,1,0,23,231.0,117.0,117.0,114.0
26182,26182,182,19,40,1,0,23,247.0,101.0,101.0,146.0
26183,26183,182,19,50,1,0,23,216.0,71.0,71.0,145.0
26184,26184,182,20,0,1,0,23,189.0,87.0,87.0,102.0
26185,26185,182,20,10,1,0,23,192.0,81.0,81.0,111.0
26186,26186,182,20,20,1,0,23,171.0,71.0,71.0,100.0
26187,26187,182,20,30,1,0,23,121.0,50.0,50.0,71.0
26188,26188,182,20,40,1,0,23,216.0,110.0,110.0,106.0
26189,26189,182,20,50,1,0,23,172.0,67.0,67.0,105.0
26190,26190,182,21,0,1,0,23,178.0,60.0,60.0,118.0
26191,26191,182,21,10,1,0,23,207.0,82.0,82.0,125.0
26192,26192,182,21,20,1,0,23,178.0,78.0,78.0,100.0
26193,26193,182,21,30,1,0,23,128.0,65.0,65.0,63.0
26194,26194,182,21,40,1,0,23,144.0,77.0,77.0,67.0
26195,26195,182,21,50,1,0,23,98.0,55.0,55.0,43.0
26196,26196,182,22,0,1,0,23,94.0,65.0,65.0,29.0
26197,26197,182,22,10,1,0,23,117.0,74.0,74.0,43.0
26198,26198,182,22,20,1,0,23,81.0,48.0,48.0,33.0
26199,26199,182,22,30,1,0,23,72.0,51.0,51.0,21.0
26200,26200,182,22,40,1,0,23,36.0,21.0,21.0,15.0
26201,26201,182,22,50,1,0,23,44.0,40.0,40.0,4.0
26238,26238,183,5,0,1,0,23,0.0,0.0,0.0,0.0
26239,26239,183,5,10,1,0,23,1.0,1.0,1.0,0.0
26240,26240,183,5,20,1,0,23,0.0,0.0,0.0,0.0
26241,26241,183,5,30,1,0,23,4.0,0.0,0.0,4.0
26242,26242,183,5,40,1,0,23,28.0,0.0,0.0,28.0
26243,26243,183,5,50,1,0,23,66.0,4.0,4.0,62.0
26244,26244,183,6,0,1,0,23,71.0,4.0,4.0,67.0
26245,26245,183,6,10,1,0,23,75.0,12.0,12.0,63.0
26246,26246,183,6,20,1,0,23,118.0,18.0,18.0,100.0
26247,26247,183,6,30,1,0,23,151.0,25.0,25.0,126.0
26248,26248,183,6,40,1,0,23,139.0,20.0,20.0,119.0
26249,26249,183,6,50,1,0,23,267.0,50.0,50.0,217.0
26250,26250,183,7,0,1,0,23,283.0,56.0,56.0,227.0
26251,26251,183,7,10,1,0,23,399.0,104.0,104.0,295.0
26252,26252,183,7,20,1,0,23,434.0,104.0,104.0,330.0
26253,26253,183,7,30,1,0,23,544.0,142.0,142.0,402.0
26254,26254,183,7,40,1,0,23,652.0,175.0,175.0,477.0
26255,26255,183,7,50,1,0,23,711.0,168.0,168.0,543.0
26256,26256,183,8,0,1,0,23,777.0,199.0,199.0,578.0
26257,26257,183,8,10,1,0,23,911.0,309.0,309.0,602.0
26258,26258,183,8,20,1,0,23,853.0,248.0,248.0,605.0
26259,26259,183,8,30,1,0,23,807.0,351.0,351.0,456.0
26260,26260,183,8,40,1,0,23,914.0,445.0,445.0,469.0
26261,26261,183,8,50,1,0,23,708.0,334.0,334.0,374.0
26262,26262,183,9,0,1,0,23,521.0,247.0,247.0,274.0
26263,26263,183,9,10,1,0,23,518.0,258.0,258.0,260.0
26264,26264,183,9,20,1,0,23,329.0,146.0,146.0,183.0
26265,26265,183,9,30,1,0,23,289.0,126.0,126.0,163.0
26266,26266,183,9,40,1,0,23,295.0,136.0,136.0,159.0
26267,26267,183,9,50,1,0,23,284.0,145.0,145.0,139.0
26268,26268,183,10,0,1,0,23,209.0,94.0,94.0,115.0
26269,26269,183,10,10,1,0,23,174.0,56.0,56.0,118.0
26270,26270,183,10,20,1,0,23,189.0,95.0,95.0,94.0
26271,26271,183,10,30,1,0,23,181.0,92.0,92.0,89.0
26272,26272,183,10,40,1,0,23,160.0,67.0,67.0,93.0
26273,26273,183,10,50,1,0,23,177.0,78.0,78.0,99.0
26274,26274,183,11,0,1,0,23,169.0,92.0,92.0,77.0
26275,26275,183,11,10,1,0,23,168.0,68.0,68.0,100.0
26276,26276,183,11,20,1,0,23,232.0,104.0,104.0,128.0
26277,26277,183,11,30,1,0,23,169.0,60.0,60.0,109.0
26278,26278,183,11,40,1,0,23,251.0,81.0,81.0,170.0
26279,26279,183,11,50,1,0,23,262.0,94.0,94.0,168.0
26280,26280,183,12,0,1,0,23,184.0,82.0,82.0,102.0
26281,26281,183,12,10,1,0,23,236.0,107.0,107.0,129.0
26282,26282,183,12,20,1,0,23,162.0,57.0,57.0,105.0
26283,26283,183,12,30,1,0,23,244.0,119.0,119.0,125.0
26284,26284,183,12,40,1,0,23,163.0,64.0,64.0,99.0
26285,26285,183,12,50,1,0,23,197.0,92.0,92.0,105.0
26286,26286,183,13,0,1,0,23,205.0,95.0,95.0,110.0
26287,26287,183,13,10,1,0,23,194.0,83.0,83.0,111.0
26288,26288,183,13,20,1,0,23,216.0,106.0,106.0,110.0
26289,26289,183,13,30,1,0,23,173.0,64.0,64.0,109.0
26290,26290,183,13,40,1,0,23,216.0,100.0,100.0,116.0
26291,26291,183,13,50,1,0,23,175.0,68.0,68.0,107.0
26292,26292,183,14,0,1,0,23,153.0,75.0,75.0,78.0
26293,26293,183,14,10,1,0,23,189.0,113.0,113.0,76.0
26294,26294,183,14,20,1,0,23,205.0,105.0,105.0,100.0
26295,26295,183,14,30,1,0,23,227.0,120.0,120.0,107.0
26296,26296,183,14,40,1,0,23,142.0,59.0,59.0,83.0
26297,26297,183,14,50,1,0,23,230.0,134.0,134.0,96.0
26298,26298,183,15,0,1,0,23,190.0,78.0,78.0,112.0
26299,26299,183,15,10,1,0,23,261.0,158.0,158.0,103.0
26300,26300,183,15,20,1,0,23,217.0,95.0,95.0,122.0
26301,26301,183,15,30,1,0,23,229.0,113.0,113.0,116.0
26302,26302,183,15,40,1,0,23,253.0,146.0,146.0,107.0
26303,26303,183,15,50,1,0,23,183.0,88.0,88.0,95.0
26304,26304,183,16,0,1,0,23,262.0,152.0,152.0,110.0
26305,26305,183,16,10,1,0,23,185.0,85.0,85.0,100.0
26306,26306,183,16,20,1,0,23,288.0,193.0,193.0,95.0
26307,26307,183,16,30,1,0,23,294.0,158.0,158.0,136.0
26308,26308,183,16,40,1,0,23,266.0,113.0,113.0,153.0
26309,26309,183,16,50,1,0,23,356.0,230.0,230.0,126.0
26310,26310,183,17,0,1,0,23,367.0,167.0,167.0,200.0
26311,26311,183,17,10,1,0,23,474.0,206.0,206.0,268.0
26312,26312,183,17,20,1,0,23,478.0,250.0,250.0,228.0
26313,26313,183,17,30,1,0,23,538.0,301.0,301.0,237.0
26314,26314,183,17,40,1,0,23,698.0,356.0,356.0,342.0
26315,26315,183,17,50,1,0,23,653.0,404.0,404.0,249.0
26316,26316,183,18,0,1,0,23,646.0,411.0,411.0,235.0
26317,26317,183,18,10,1,0,23,633.0,371.0,371.0,262.0
26318,26318,183,18,20,1,0,23,652.0,388.0,388.0,264.0
26319,26319,183,18,30,1,0,23,573.0,384.0,384.0,189.0
26320,26320,183,18,40,1,0,23,565.0,392.0,392.0,173.0
26321,26321,183,18,50,1,0,23,502.0,347.0,347.0,155.0
26322,26322,183,19,0,1,0,23,385.0,269.0,269.0,116.0
26323,26323,183,19,10,1,0,23,368.0,252.0,252.0,116.0
26324,26324,183,19,20,1,0,23,325.0,217.0,217.0,108.0
26325,26325,183,19,30,1,0,23,273.0,188.0,188.0,85.0
26326,26326,183,19,40,1,0,23,253.0,162.0,162.0,91.0
26327,26327,183,19,50,1,0,23,221.0,128.0,128.0,93.0
26328,26328,183,20,0,1,0,23,202.0,117.0,117.0,85.0
26329,26329,183,20,10,1,0,23,194.0,109.0,109.0,85.0
26330,26330,183,20,20,1,0,23,250.0,152.0,152.0,98.0
26331,26331,183,20,30,1,0,23,160.0,88.0,88.0,72.0
26332,26332,183,20,40,1,0,23,181.0,111.0,111.0,70.0
26333,26333,183,20,50,1,0,23,196.0,113.0,113.0,83.0
26334,26334,183,21,0,1,0,23,165.0,88.0,88.0,77.0
26335,26335,183,21,10,1,0,23,236.0,144.0,144.0,92.0
26336,26336,183,21,20,1,0,23,242.0,152.0,152.0,90.0
26337,26337,183,21,30,1,0,23,137.0,79.0,79.0,58.0
26338,26338,183,21,40,1,0,23,174.0,121.0,121.0,53.0
26339,26339,183,21,50,1,0,23,189.0,145.0,145.0,44.0
26340,26340,183,22,0,1,0,23,127.0,71.0,71.0,56.0
26341,26341,183,22,10,1,0,23,152.0,98.0,98.0,54.0
26342,26342,183,22,20,1,0,23,134.0,103.0,103.0,31.0
26343,26343,183,22,30,1,0,23,111.0,92.0,92.0,19.0
26344,26344,183,22,40,1,0,23,72.0,60.0,60.0,12.0
26345,26345,183,22,50,1,0,23,48.0,44.0,44.0,4.0
26382,26382,184,5,0,1,0,23,0.0,0.0,0.0,0.0
26383,26383,184,5,10,1,0,23,1.0,0.0,0.0,1.0
26384,26384,184,5,20,1,0,23,3.0,0.0,0.0,3.0
26385,26385,184,5,30,1,0,23,8.0,0.0,0.0,8.0
26386,26386,184,5,40,1,0,23,18.0,1.0,1.0,17.0
26387,26387,184,5,50,1,0,23,21.0,0.0,0.0,21.0
26388,26388,184,6,0,1,0,23,38.0,1.0,1.0,37.0
26389,26389,184,6,10,1,0,23,80.0,14.0,14.0,66.0
26390,26390,184,6,20,1,0,23,88.0,33.0,33.0,55.0
26391,26391,184,6,30,1,0,23,136.0,42.0,42.0,94.0
26392,26392,184,6,40,1,0,23,220.0,73.0,73.0,147.0
26393,26393,184,6,50,1,0,23,226.0,72.0,72.0,154.0
26394,26394,184,7,0,1,0,23,283.0,74.0,74.0,209.0
26395,26395,184,7,10,1,0,23,409.0,219.0,219.0,190.0
26396,26396,184,7,20,1,0,23,488.0,252.0,252.0,236.0
26397,26397,184,7,30,1,0,23,670.0,373.0,373.0,297.0
26398,26398,184,7,40,1,0,23,652.0,322.0,322.0,330.0
26399,26399,184,7,50,1,0,23,810.0,414.0,414.0,396.0
26400,26400,184,8,0,1,0,23,691.0,302.0,302.0,389.0
26401,26401,184,8,10,1,0,23,878.0,474.0,474.0,404.0
26402,26402,184,8,20,1,0,23,1219.0,724.0,724.0,495.0
26403,26403,184,8,30,1,0,23,947.0,631.0,631.0,316.0
26404,26404,184,8,40,1,0,23,1145.0,818.0,818.0,327.0
26405,26405,184,8,50,1,0,23,893.0,660.0,660.0,233.0
26406,26406,184,9,0,1,0,23,748.0,530.0,530.0,218.0
26407,26407,184,9,10,1,0,23,641.0,444.0,444.0,197.0
26408,26408,184,9,20,1,0,23,627.0,440.0,440.0,187.0
26409,26409,184,9,30,1,0,23,489.0,366.0,366.0,123.0
26410,26410,184,9,40,1,0,23,398.0,266.0,266.0,132.0
26411,26411,184,9,50,1,0,23,360.0,241.0,241.0,119.0
26412,26412,184,10,0,1,0,23,339.0,225.0,225.0,114.0
26413,26413,184,10,10,1,0,23,263.0,165.0,165.0,98.0
26414,26414,184,10,20,1,0,23,251.0,165.0,165.0,86.0
26415,26415,184,10,30,1,0,23,226.0,141.0,141.0,85.0
26416,26416,184,10,40,1,0,23,212.0,135.0,135.0,77.0
26417,26417,184,10,50,1,0,23,210.0,132.0,132.0,78.0
26418,26418,184,11,0,1,0,23,229.0,132.0,132.0,97.0
26419,26419,184,11,10,1,0,23,207.0,103.0,103.0,104.0
26420,26420,184,11,20,1,0,23,220.0,114.0,114.0,106.0
26421,26421,184,11,30,1,0,23,180.0,80.0,80.0,100.0
26422,26422,184,11,40,1,0,23,227.0,126.0,126.0,101.0
26423,26423,184,11,50,1,0,23,201.0,103.0,103.0,98.0
26424,26424,184,12,0,1,0,23,221.0,120.0,120.0,101.0
26425,26425,184,12,10,1,0,23,224.0,118.0,118.0,106.0
26426,26426,184,12,20,1,0,23,210.0,102.0,102.0,108.0
26427,26427,184,12,30,1,0,23,238.0,88.0,88.0,150.0
26428,26428,184,12,40,1,0,23,274.0,130.0,130.0,144.0
26429,26429,184,12,50,1,0,23,238.0,128.0,128.0,110.0
26430,26430,184,13,0,1,0,23,269.0,161.0,161.0,108.0
26431,26431,184,13,10,1,0,23,236.0,114.0,114.0,122.0
26432,26432,184,13,20,1,0,23,244.0,119.0,119.0,125.0
26433,26433,184,13,30,1,0,23,202.0,110.0,110.0,92.0
26434,26434,184,13,40,1,0,23,217.0,111.0,111.0,106.0
26435,26435,184,13,50,1,0,23,237.0,125.0,125.0,112.0
26436,26436,184,14,0,1,0,23,240.0,137.0,137.0,103.0
26437,26437,184,14,10,1,0,23,235.0,118.0,118.0,117.0
26438,26438,184,14,20,1,0,23,243.0,126.0,126.0,117.0
26439,26439,184,14,30,1,0,23,242.0,112.0,112.0,130.0
26440,26440,184,14,40,1,0,23,223.0,102.0,102.0,121.0
26441,26441,184,14,50,1,0,23,245.0,111.0,111.0,134.0
26442,26442,184,15,0,1,0,23,301.0,144.0,144.0,157.0
26443,26443,184,15,10,1,0,23,399.0,115.0,115.0,284.0
26444,26444,184,15,20,1,0,23,394.0,128.0,128.0,266.0
26445,26445,184,15,30,1,0,23,408.0,132.0,132.0,276.0
26446,26446,184,15,40,1,0,23,337.0,134.0,134.0,203.0
26447,26447,184,15,50,1,0,23,299.0,122.0,122.0,177.0
26448,26448,184,16,0,1,0,23,316.0,134.0,134.0,182.0
26449,26449,184,16,10,1,0,23,343.0,124.0,124.0,219.0
26450,26450,184,16,20,1,0,23,345.0,130.0,130.0,215.0
26451,26451,184,16,30,1,0,23,358.0,129.0,129.0,229.0
26452,26452,184,16,40,1,0,23,498.0,219.0,219.0,279.0
26453,26453,184,16,50,1,0,23,422.0,180.0,180.0,242.0
26454,26454,184,17,0,1,0,23,571.0,131.0,131.0,440.0
26455,26455,184,17,10,1,0,23,713.0,258.0,258.0,455.0
26456,26456,184,17,20,1,0,23,500.0,157.0,157.0,343.0
26457,26457,184,17,30,1,0,23,771.0,303.0,303.0,468.0
26458,26458,184,17,40,1,0,23,892.0,337.0,337.0,555.0
26459,26459,184,17,50,1,0,23,747.0,283.0,283.0,464.0
26460,26460,184,18,0,1,0,23,743.0,347.0,347.0,396.0
26461,26461,184,18,10,1,0,23,811.0,290.0,290.0,521.0
26462,26462,184,18,20,1,0,23,768.0,308.0,308.0,460.0
26463,26463,184,18,30,1,0,23,633.0,315.0,315.0,318.0
26464,26464,184,18,40,1,0,23,648.0,361.0,361.0,287.0
26465,26465,184,18,50,1,0,23,456.0,228.0,228.0,228.0
26466,26466,184,19,0,1,0,23,451.0,227.0,227.0,224.0
26467,26467,184,19,10,1,0,23,434.0,229.0,229.0,205.0
26468,26468,184,19,20,1,0,23,324.0,141.0,141.0,183.0
26469,26469,184,19,30,1,0,23,272.0,148.0,148.0,124.0
26470,26470,184,19,40,1,0,23,248.0,106.0,106.0,142.0
26471,26471,184,19,50,1,0,23,200.0,93.0,93.0,107.0
26472,26472,184,20,0,1,0,23,206.0,87.0,87.0,119.0
26473,26473,184,20,10,1,0,23,241.0,120.0,120.0,121.0
26474,26474,184,20,20,1,0,23,233.0,107.0,107.0,126.0
26475,26475,184,20,30,1,0,23,171.0,53.0,53.0,118.0
26476,26476,184,20,40,1,0,23,200.0,80.0,80.0,120.0
26477,26477,184,20,50,1,0,23,233.0,141.0,141.0,92.0
26478,26478,184,21,0,1,0,23,185.0,70.0,70.0,115.0
26479,26479,184,21,10,1,0,23,228.0,113.0,113.0,115.0
26480,26480,184,21,20,1,0,23,199.0,104.0,104.0,95.0
26481,26481,184,21,30,1,0,23,203.0,92.0,92.0,111.0
26482,26482,184,21,40,1,0,23,197.0,103.0,103.0,94.0
26483,26483,184,21,50,1,0,23,197.0,137.0,137.0,60.0
26484,26484,184,22,0,1,0,23,141.0,56.0,56.0,85.0
26485,26485,184,22,10,1,0,23,131.0,72.0,72.0,59.0
26486,26486,184,22,20,1,0,23,140.0,115.0,115.0,25.0
26487,26487,184,22,30,1,0,23,58.0,37.0,37.0,21.0
26488,26488,184,22,40,1,0,23,65.0,58.0,58.0,7.0
26489,26489,184,22,50,1,0,23,2.0,1.0,1.0,1.0
26526,26526,185,5,0,1,0,23,0.0,0.0,0.0,0.0
26527,26527,185,5,10,1,0,23,0.0,0.0,0.0,0.0
26528,26528,185,5,20,1,0,23,2.0,0.0,0.0,2.0
26529,26529,185,5,30,1,0,23,8.0,0.0,0.0,8.0
26530,26530,185,5,40,1,0,23,2.0,0.0,0.0,2.0
26531,26531,185,5,50,1,0,23,11.0,1.0,1.0,10.0
26532,26532,185,6,0,1,0,23,31.0,9.0,9.0,22.0
26533,26533,185,6,10,1,0,23,41.0,16.0,16.0,25.0
26534,26534,185,6,20,1,0,23,64.0,28.0,28.0,36.0
26535,26535,185,6,30,1,0,23,100.0,43.0,43.0,57.0
26536,26536,185,6,40,1,0,23,138.0,56.0,56.0,82.0
26537,26537,185,6,50,1,0,23,168.0,85.0,85.0,83.0
26538,26538,185,7,0,1,0,23,146.0,74.0,74.0,72.0
26539,26539,185,7,10,1,0,23,156.0,57.0,57.0,99.0
26540,26540,185,7,20,1,0,23,253.0,112.0,112.0,141.0
26541,26541,185,7,30,1,0,23,236.0,110.0,110.0,126.0
26542,26542,185,7,40,1,0,23,320.0,144.0,144.0,176.0
26543,26543,185,7,50,1,0,23,457.0,229.0,229.0,228.0
26544,26544,185,8,0,1,0,23,552.0,331.0,331.0,221.0
26545,26545,185,8,10,1,0,23,598.0,359.0,359.0,239.0
26546,26546,185,8,20,1,0,23,582.0,341.0,341.0,241.0
26547,26547,185,8,30,1,0,23,625.0,411.0,411.0,214.0
26548,26548,185,8,40,1,0,23,693.0,531.0,531.0,162.0
26549,26549,185,8,50,1,0,23,616.0,464.0,464.0,152.0
26550,26550,185,9,0,1,0,23,409.0,286.0,286.0,123.0
26551,26551,185,9,10,1,0,23,363.0,226.0,226.0,137.0
26552,26552,185,9,20,1,0,23,300.0,206.0,206.0,94.0
26553,26553,185,9,30,1,0,23,290.0,198.0,198.0,92.0
26554,26554,185,9,40,1,0,23,211.0,136.0,136.0,75.0
26555,26555,185,9,50,1,0,23,205.0,129.0,129.0,76.0
26556,26556,185,10,0,1,0,23,163.0,89.0,89.0,74.0
26557,26557,185,10,10,1,0,23,155.0,90.0,90.0,65.0
26558,26558,185,10,20,1,0,23,192.0,121.0,121.0,71.0
26559,26559,185,10,30,1,0,23,132.0,63.0,63.0,69.0
26560,26560,185,10,40,1,0,23,145.0,78.0,78.0,67.0
26561,26561,185,10,50,1,0,23,174.0,99.0,99.0,75.0
26562,26562,185,11,0,1,0,23,176.0,81.0,81.0,95.0
26563,26563,185,11,10,1,0,23,143.0,65.0,65.0,78.0
26564,26564,185,11,20,1,0,23,127.0,57.0,57.0,70.0
26565,26565,185,11,30,1,0,23,154.0,99.0,99.0,55.0
26566,26566,185,11,40,1,0,23,106.0,37.0,37.0,69.0
26567,26567,185,11,50,1,0,23,163.0,55.0,55.0,108.0
26568,26568,185,12,0,1,0,23,162.0,82.0,82.0,80.0
26569,26569,185,12,10,1,0,23,99.0,25.0,25.0,74.0
26570,26570,185,12,20,1,0,23,183.0,98.0,98.0,85.0
26571,26571,185,12,30,1,0,23,135.0,48.0,48.0,87.0
26572,26572,185,12,40,1,0,23,167.0,108.0,108.0,59.0
26573,26573,185,12,50,1,0,23,137.0,70.0,70.0,67.0
26574,26574,185,13,0,1,0,23,136.0,69.0,69.0,67.0
26575,26575,185,13,10,1,0,23,147.0,83.0,83.0,64.0
26576,26576,185,13,20,1,0,23,142.0,54.0,54.0,88.0
26577,26577,185,13,30,1,0,23,208.0,133.0,133.0,75.0
26578,26578,185,13,40,1,0,23,137.0,46.0,46.0,91.0
26579,26579,185,13,50,1,0,23,188.0,113.0,113.0,75.0
26580,26580,185,14,0,1,0,23,143.0,61.0,61.0,82.0
26581,26581,185,14,10,1,0,23,156.0,72.0,72.0,84.0
26582,26582,185,14,20,1,0,23,161.0,86.0,86.0,75.0
26583,26583,185,14,30,1,0,23,138.0,48.0,48.0,90.0
26584,26584,185,14,40,1,0,23,189.0,101.0,101.0,88.0
26585,26585,185,14,50,1,0,23,156.0,53.0,53.0,103.0
26586,26586,185,15,0,1,0,23,192.0,108.0,108.0,84.0
26587,26587,185,15,10,1,0,23,152.0,36.0,36.0,116.0
26588,26588,185,15,20,1,0,23,159.0,73.0,73.0,86.0
26589,26589,185,15,30,1,0,23,233.0,95.0,95.0,138.0
26590,26590,185,15,40,1,0,23,172.0,49.0,49.0,123.0
26591,26591,185,15,50,1,0,23,192.0,66.0,66.0,126.0
26592,26592,185,16,0,1,0,23,212.0,83.0,83.0,129.0
26593,26593,185,16,10,1,0,23,213.0,68.0,68.0,145.0
26594,26594,185,16,20,1,0,23,212.0,85.0,85.0,127.0
26595,26595,185,16,30,1,0,23,201.0,61.0,61.0,140.0
26596,26596,185,16,40,1,0,23,290.0,109.0,109.0,181.0
26597,26597,185,16,50,1,0,23,198.0,57.0,57.0,141.0
26598,26598,185,17,0,1,0,23,413.0,141.0,141.0,272.0
26599,26599,185,17,10,1,0,23,383.0,81.0,81.0,302.0
26600,26600,185,17,20,1,0,23,352.0,134.0,134.0,218.0
26601,26601,185,17,30,1,0,23,390.0,142.0,142.0,248.0
26602,26602,185,17,40,1,0,23,567.0,106.0,106.0,461.0
26603,26603,185,17,50,1,0,23,407.0,147.0,147.0,260.0
26604,26604,185,18,0,1,0,23,381.0,184.0,184.0,197.0
26605,26605,185,18,10,1,0,23,443.0,134.0,134.0,309.0
26606,26606,185,18,20,1,0,23,412.0,150.0,150.0,262.0
26607,26607,185,18,30,1,0,23,362.0,171.0,171.0,191.0
26608,26608,185,18,40,1,0,23,283.0,162.0,162.0,121.0
26609,26609,185,18,50,1,0,23,307.0,141.0,141.0,166.0
26610,26610,185,19,0,1,0,23,280.0,121.0,121.0,159.0
26611,26611,185,19,10,1,0,23,205.0,84.0,84.0,121.0
26612,26612,185,19,20,1,0,23,175.0,92.0,92.0,83.0
26613,26613,185,19,30,1,0,23,124.0,72.0,72.0,52.0
26614,26614,185,19,40,1,0,23,124.0,56.0,56.0,68.0
26615,26615,185,19,50,1,0,23,115.0,65.0,65.0,50.0
26616,26616,185,20,0,1,0,23,110.0,58.0,58.0,52.0
26617,26617,185,20,10,1,0,23,107.0,44.0,44.0,63.0
26618,26618,185,20,20,1,0,23,78.0,43.0,43.0,35.0
26619,26619,185,20,30,1,0,23,122.0,61.0,61.0,61.0
26620,26620,185,20,40,1,0,23,105.0,49.0,49.0,56.0
26621,26621,185,20,50,1,0,23,79.0,43.0,43.0,36.0
26622,26622,185,21,0,1,0,23,107.0,63.0,63.0,44.0
26623,26623,185,21,10,1,0,23,92.0,56.0,56.0,36.0
26624,26624,185,21,20,1,0,23,78.0,31.0,31.0,47.0
26625,26625,185,21,30,1,0,23,128.0,72.0,72.0,56.0
26626,26626,185,21,40,1,0,23,71.0,49.0,49.0,22.0
26627,26627,185,21,50,1,0,23,94.0,71.0,71.0,23.0
26628,26628,185,22,0,1,0,23,101.0,66.0,66.0,35.0
26629,26629,185,22,10,1,0,23,76.0,43.0,43.0,33.0
26630,26630,185,22,20,1,0,23,39.0,30.0,30.0,9.0
26631,26631,185,22,30,1,0,23,32.0,26.0,26.0,6.0
26632,26632,185,22,40,1,0,23,25.0,24.0,24.0,1.0
26633,26633,185,22,50,1,0,23,10.0,8.0,8.0,2.0
26670,26670,186,5,0,1,0,23,0.0,0.0,0.0,0.0
26671,26671,186,5,10,1,0,23,1.0,1.0,1.0,0.0
26672,26672,186,5,20,1,0,23,0.0,0.0,0.0,0.0
26673,26673,186,5,30,1,0,23,1.0,0.0,0.0,1.0
26674,26674,186,5,40,1,0,23,8.0,0.0,0.0,8.0
26675,26675,186,5,50,1,0,23,12.0,6.0,6.0,6.0
26676,26676,186,6,0,1,0,23,19.0,15.0,15.0,4.0
26677,26677,186,6,10,1,0,23,20.0,12.0,12.0,8.0
26678,26678,186,6,20,1,0,23,41.0,26.0,26.0,15.0
26679,26679,186,6,30,1,0,23,65.0,54.0,54.0,11.0
26680,26680,186,6,40,1,0,23,63.0,43.0,43.0,20.0
26681,26681,186,6,50,1,0,23,72.0,47.0,47.0,25.0
26682,26682,186,7,0,1,0,23,158.0,127.0,127.0,31.0
26683,26683,186,7,10,1,0,23,158.0,122.0,122.0,36.0
26684,26684,186,7,20,1,0,23,260.0,208.0,208.0,52.0
26685,26685,186,7,30,1,0,23,411.0,324.0,324.0,87.0
26686,26686,186,7,40,1,0,23,624.0,511.0,511.0,113.0
26687,26687,186,7,50,1,0,23,933.0,828.0,828.0,105.0
26688,26688,186,8,0,1,0,23,1203.0,1031.0,1031.0,172.0
26689,26689,186,8,10,1,0,23,1775.0,1594.0,1594.0,181.0
26690,26690,186,8,20,1,0,23,1783.0,1655.0,1655.0,128.0
26691,26691,186,8,30,1,0,23,1738.0,1596.0,1596.0,142.0
26692,26692,186,8,40,1,0,23,2824.0,2654.0,2654.0,170.0
26693,26693,186,8,50,1,0,23,2341.0,2217.0,2217.0,124.0
26694,26694,186,9,0,1,0,23,1835.0,1708.0,1708.0,127.0
26695,26695,186,9,10,1,0,23,1092.0,983.0,983.0,109.0
26696,26696,186,9,20,1,0,23,1109.0,985.0,985.0,124.0
26697,26697,186,9,30,1,0,23,792.0,681.0,681.0,111.0
26698,26698,186,9,40,1,0,23,778.0,639.0,639.0,139.0
26699,26699,186,9,50,1,0,23,449.0,347.0,347.0,102.0
26700,26700,186,10,0,1,0,23,518.0,385.0,385.0,133.0
26701,26701,186,10,10,1,0,23,251.0,141.0,141.0,110.0
26702,26702,186,10,20,1,0,23,387.0,285.0,285.0,102.0
26703,26703,186,10,30,1,0,23,323.0,196.0,196.0,127.0
26704,26704,186,10,40,1,0,23,317.0,212.0,212.0,105.0
26705,26705,186,10,50,1,0,23,215.0,86.0,86.0,129.0
26706,26706,186,11,0,1,0,23,229.0,106.0,106.0,123.0
26707,26707,186,11,10,1,0,23,305.0,199.0,199.0,106.0
26708,26708,186,11,20,1,0,23,179.0,63.0,63.0,116.0
26709,26709,186,11,30,1,0,23,348.0,186.0,186.0,162.0
26710,26710,186,11,40,1,0,23,209.0,77.0,77.0,132.0
26711,26711,186,11,50,1,0,23,261.0,142.0,142.0,119.0
26712,26712,186,12,0,1,0,23,244.0,103.0,103.0,141.0
26713,26713,186,12,10,1,0,23,237.0,85.0,85.0,152.0
26714,26714,186,12,20,1,0,23,295.0,167.0,167.0,128.0
26715,26715,186,12,30,1,0,23,246.0,114.0,114.0,132.0
26716,26716,186,12,40,1,0,23,343.0,226.0,226.0,117.0
26717,26717,186,12,50,1,0,23,250.0,118.0,118.0,132.0
26718,26718,186,13,0,1,0,23,290.0,169.0,169.0,121.0
26719,26719,186,13,10,1,0,23,315.0,155.0,155.0,160.0
26720,26720,186,13,20,1,0,23,265.0,129.0,129.0,136.0
26721,26721,186,13,30,1,0,23,399.0,249.0,249.0,150.0
26722,26722,186,13,40,1,0,23,286.0,141.0,141.0,145.0
26723,26723,186,13,50,1,0,23,345.0,214.0,214.0,131.0
26724,26724,186,14,0,1,0,23,242.0,113.0,113.0,129.0
26725,26725,186,14,10,1,0,23,346.0,176.0,176.0,170.0
26726,26726,186,14,20,1,0,23,284.0,142.0,142.0,142.0
26727,26727,186,14,30,1,0,23,275.0,103.0,103.0,172.0
26728,26728,186,14,40,1,0,23,359.0,196.0,196.0,163.0
26729,26729,186,14,50,1,0,23,237.0,98.0,98.0,139.0
26730,26730,186,15,0,1,0,23,350.0,169.0,169.0,181.0
26731,26731,186,15,10,1,0,23,280.0,86.0,86.0,194.0
26732,26732,186,15,20,1,0,23,331.0,126.0,126.0,205.0
26733,26733,186,15,30,1,0,23,290.0,113.0,113.0,177.0
26734,26734,186,15,40,1,0,23,294.0,111.0,111.0,183.0
26735,26735,186,15,50,1,0,23,352.0,186.0,186.0,166.0
26736,26736,186,16,0,1,0,23,332.0,104.0,104.0,228.0
26737,26737,186,16,10,1,0,23,355.0,156.0,156.0,199.0
26738,26738,186,16,20,1,0,23,284.0,66.0,66.0,218.0
26739,26739,186,16,30,1,0,23,339.0,82.0,82.0,257.0
26740,26740,186,16,40,1,0,23,476.0,99.0,99.0,377.0
26741,26741,186,16,50,1,0,23,465.0,77.0,77.0,388.0
26742,26742,186,17,0,1,0,23,796.0,104.0,104.0,692.0
26743,26743,186,17,10,1,0,23,1111.0,105.0,105.0,1006.0
26744,26744,186,17,20,1,0,23,892.0,111.0,111.0,781.0
26745,26745,186,17,30,1,0,23,1165.0,130.0,130.0,1035.0
26746,26746,186,17,40,1,0,23,1700.0,137.0,137.0,1563.0
26747,26747,186,17,50,1,0,23,1240.0,127.0,127.0,1113.0
26748,26748,186,18,0,1,0,23,1324.0,142.0,142.0,1182.0
26749,26749,186,18,10,1,0,23,1794.0,133.0,133.0,1661.0
26750,26750,186,18,20,1,0,23,1390.0,115.0,115.0,1275.0
26751,26751,186,18,30,1,0,23,998.0,104.0,104.0,894.0
26752,26752,186,18,40,1,0,23,883.0,104.0,104.0,779.0
26753,26753,186,18,50,1,0,23,688.0,90.0,90.0,598.0
26754,26754,186,19,0,1,0,23,589.0,90.0,90.0,499.0
26755,26755,186,19,10,1,0,23,471.0,52.0,52.0,419.0
26756,26756,186,19,20,1,0,23,397.0,66.0,66.0,331.0
26757,26757,186,19,30,1,0,23,335.0,47.0,47.0,288.0
26758,26758,186,19,40,1,0,23,316.0,50.0,50.0,266.0
26759,26759,186,19,50,1,0,23,248.0,33.0,33.0,215.0
26760,26760,186,20,0,1,0,23,250.0,34.0,34.0,216.0
26761,26761,186,20,10,1,0,23,258.0,23.0,23.0,235.0
26762,26762,186,20,20,1,0,23,237.0,22.0,22.0,215.0
26763,26763,186,20,30,1,0,23,232.0,42.0,42.0,190.0
26764,26764,186,20,40,1,0,23,211.0,25.0,25.0,186.0
26765,26765,186,20,50,1,0,23,206.0,15.0,15.0,191.0
26766,26766,186,21,0,1,0,23,208.0,29.0,29.0,179.0
26767,26767,186,21,10,1,0,23,235.0,24.0,24.0,211.0
26768,26768,186,21,20,1,0,23,232.0,19.0,19.0,213.0
26769,26769,186,21,30,1,0,23,145.0,43.0,43.0,102.0
26770,26770,186,21,40,1,0,23,101.0,24.0,24.0,77.0
26771,26771,186,21,50,1,0,23,83.0,15.0,15.0,68.0
26772,26772,186,22,0,1,0,23,85.0,29.0,29.0,56.0
26773,26773,186,22,10,1,0,23,89.0,21.0,21.0,68.0
26774,26774,186,22,20,1,0,23,51.0,13.0,13.0,38.0
26775,26775,186,22,30,1,0,23,52.0,15.0,15.0,37.0
26776,26776,186,22,40,1,0,23,39.0,17.0,17.0,22.0
26777,26777,186,22,50,1,0,23,10.0,5.0,5.0,5.0
26814,26814,187,5,0,1,0,23,0.0,0.0,0.0,0.0
26815,26815,187,5,10,1,0,23,0.0,0.0,0.0,0.0
26816,26816,187,5,20,1,0,23,0.0,0.0,0.0,0.0
26817,26817,187,5,30,1,0,23,7.0,0.0,0.0,7.0
26818,26818,187,5,40,1,0,23,25.0,0.0,0.0,25.0
26819,26819,187,5,50,1,0,23,46.0,5.0,5.0,41.0
26820,26820,187,6,0,1,0,23,69.0,25.0,25.0,44.0
26821,26821,187,6,10,1,0,23,57.0,14.0,14.0,43.0
26822,26822,187,6,20,1,0,23,110.0,41.0,41.0,69.0
26823,26823,187,6,30,1,0,23,143.0,48.0,48.0,95.0
26824,26824,187,6,40,1,0,23,250.0,126.0,126.0,124.0
26825,26825,187,6,50,1,0,23,304.0,167.0,167.0,137.0
26826,26826,187,7,0,1,0,23,384.0,183.0,183.0,201.0
26827,26827,187,7,10,1,0,23,398.0,207.0,207.0,191.0
26828,26828,187,7,20,1,0,23,454.0,226.0,226.0,228.0
26829,26829,187,7,30,1,0,23,484.0,209.0,209.0,275.0
26830,26830,187,7,40,1,0,23,829.0,495.0,495.0,334.0
26831,26831,187,7,50,1,0,23,966.0,487.0,487.0,479.0
26832,26832,187,8,0,1,0,23,1345.0,841.0,841.0,504.0
26833,26833,187,8,10,1,0,23,1367.0,864.0,864.0,503.0
26834,26834,187,8,20,1,0,23,1394.0,968.0,968.0,426.0
26835,26835,187,8,30,1,0,23,1517.0,1110.0,1110.0,407.0
26836,26836,187,8,40,1,0,23,2010.0,1659.0,1659.0,351.0
26837,26837,187,8,50,1,0,23,1392.0,1035.0,1035.0,357.0
26838,26838,187,9,0,1,0,23,1149.0,849.0,849.0,300.0
26839,26839,187,9,10,1,0,23,768.0,536.0,536.0,232.0
26840,26840,187,9,20,1,0,23,825.0,580.0,580.0,245.0
26841,26841,187,9,30,1,0,23,506.0,318.0,318.0,188.0
26842,26842,187,9,40,1,0,23,565.0,390.0,390.0,175.0
26843,26843,187,9,50,1,0,23,401.0,234.0,234.0,167.0
26844,26844,187,10,0,1,0,23,283.0,138.0,138.0,145.0
26845,26845,187,10,10,1,0,23,264.0,134.0,134.0,130.0
26846,26846,187,10,20,1,0,23,209.0,84.0,84.0,125.0
26847,26847,187,10,30,1,0,23,244.0,152.0,152.0,92.0
26848,26848,187,10,40,1,0,23,201.0,90.0,90.0,111.0
26849,26849,187,10,50,1,0,23,199.0,89.0,89.0,110.0
26850,26850,187,11,0,1,0,23,202.0,93.0,93.0,109.0
26851,26851,187,11,10,1,0,23,234.0,101.0,101.0,133.0
26852,26852,187,11,20,1,0,23,208.0,83.0,83.0,125.0
26853,26853,187,11,30,1,0,23,209.0,101.0,101.0,108.0
26854,26854,187,11,40,1,0,23,240.0,117.0,117.0,123.0
26855,26855,187,11,50,1,0,23,233.0,101.0,101.0,132.0
26856,26856,187,12,0,1,0,23,232.0,88.0,88.0,144.0
26857,26857,187,12,10,1,0,23,243.0,97.0,97.0,146.0
26858,26858,187,12,20,1,0,23,241.0,101.0,101.0,140.0
26859,26859,187,12,30,1,0,23,222.0,111.0,111.0,111.0
26860,26860,187,12,40,1,0,23,223.0,95.0,95.0,128.0
26861,26861,187,12,50,1,0,23,233.0,108.0,108.0,125.0
26862,26862,187,13,0,1,0,23,228.0,121.0,121.0,107.0
26863,26863,187,13,10,1,0,23,240.0,121.0,121.0,119.0
26864,26864,187,13,20,1,0,23,260.0,130.0,130.0,130.0
26865,26865,187,13,30,1,0,23,235.0,102.0,102.0,133.0
26866,26866,187,13,40,1,0,23,243.0,111.0,111.0,132.0
26867,26867,187,13,50,1,0,23,208.0,99.0,99.0,109.0
26868,26868,187,14,0,1,0,23,230.0,116.0,116.0,114.0
26869,26869,187,14,10,1,0,23,260.0,144.0,144.0,116.0
26870,26870,187,14,20,1,0,23,225.0,113.0,113.0,112.0
26871,26871,187,14,30,1,0,23,245.0,128.0,128.0,117.0
26872,26872,187,14,40,1,0,23,200.0,87.0,87.0,113.0
26873,26873,187,14,50,1,0,23,159.0,62.0,62.0,97.0
26874,26874,187,15,0,1,0,23,267.0,124.0,124.0,143.0
26875,26875,187,15,10,1,0,23,275.0,129.0,129.0,146.0
26876,26876,187,15,20,1,0,23,250.0,92.0,92.0,158.0
26877,26877,187,15,30,1,0,23,249.0,109.0,109.0,140.0
26878,26878,187,15,40,1,0,23,248.0,124.0,124.0,124.0
26879,26879,187,15,50,1,0,23,239.0,109.0,109.0,130.0
26880,26880,187,16,0,1,0,23,292.0,105.0,105.0,187.0
26881,26881,187,16,10,1,0,23,326.0,144.0,144.0,182.0
26882,26882,187,16,20,1,0,23,268.0,95.0,95.0,173.0
26883,26883,187,16,30,1,0,23,364.0,167.0,167.0,197.0
26884,26884,187,16,40,1,0,23,403.0,112.0,112.0,291.0
26885,26885,187,16,50,1,0,23,337.0,130.0,130.0,207.0
26886,26886,187,17,0,1,0,23,608.0,203.0,203.0,405.0
26887,26887,187,17,10,1,0,23,745.0,173.0,173.0,572.0
26888,26888,187,17,20,1,0,23,835.0,185.0,185.0,650.0
26889,26889,187,17,30,1,0,23,841.0,224.0,224.0,617.0
26890,26890,187,17,40,1,0,23,1173.0,300.0,300.0,873.0
26891,26891,187,17,50,1,0,23,939.0,267.0,267.0,672.0
26892,26892,187,18,0,1,0,23,930.0,283.0,283.0,647.0
26893,26893,187,18,10,1,0,23,1015.0,242.0,242.0,773.0
26894,26894,187,18,20,1,0,23,946.0,294.0,294.0,652.0
26895,26895,187,18,30,1,0,23,838.0,287.0,287.0,551.0
26896,26896,187,18,40,1,0,23,671.0,235.0,235.0,436.0
26897,26897,187,18,50,1,0,23,725.0,327.0,327.0,398.0
26898,26898,187,19,0,1,0,23,544.0,247.0,247.0,297.0
26899,26899,187,19,10,1,0,23,428.0,153.0,153.0,275.0
26900,26900,187,19,20,1,0,23,348.0,154.0,154.0,194.0
26901,26901,187,19,30,1,0,23,334.0,154.0,154.0,180.0
26902,26902,187,19,40,1,0,23,311.0,161.0,161.0,150.0
26903,26903,187,19,50,1,0,23,278.0,120.0,120.0,158.0
26904,26904,187,20,0,1,0,23,195.0,63.0,63.0,132.0
26905,26905,187,20,10,1,0,23,242.0,102.0,102.0,140.0
26906,26906,187,20,20,1,0,23,274.0,139.0,139.0,135.0
26907,26907,187,20,30,1,0,23,229.0,76.0,76.0,153.0
26908,26908,187,20,40,1,0,23,319.0,161.0,161.0,158.0
26909,26909,187,20,50,1,0,23,231.0,102.0,102.0,129.0
26910,26910,187,21,0,1,0,23,227.0,103.0,103.0,124.0
26911,26911,187,21,10,1,0,23,235.0,102.0,102.0,133.0
26912,26912,187,21,20,1,0,23,295.0,139.0,139.0,156.0
26913,26913,187,21,30,1,0,23,203.0,106.0,106.0,97.0
26914,26914,187,21,40,1,0,23,193.0,109.0,109.0,84.0
26915,26915,187,21,50,1,0,23,231.0,131.0,131.0,100.0
26916,26916,187,22,0,1,0,23,161.0,88.0,88.0,73.0
26917,26917,187,22,10,1,0,23,130.0,75.0,75.0,55.0
26918,26918,187,22,20,1,0,23,129.0,81.0,81.0,48.0
26919,26919,187,22,30,1,0,23,127.0,93.0,93.0,34.0
26920,26920,187,22,40,1,0,23,100.0,66.0,66.0,34.0
26921,26921,187,22,50,1,0,23,54.0,45.0,45.0,9.0
26958,26958,188,5,0,1,0,23,0.0,0.0,0.0,0.0
26959,26959,188,5,10,1,0,23,0.0,0.0,0.0,0.0
26960,26960,188,5,20,1,0,23,11.0,0.0,0.0,11.0
26961,26961,188,5,30,1,0,23,10.0,2.0,2.0,8.0
26962,26962,188,5,40,1,0,23,5.0,0.0,0.0,5.0
26963,26963,188,5,50,1,0,23,19.0,4.0,4.0,15.0
26964,26964,188,6,0,1,0,23,20.0,3.0,3.0,17.0
26965,26965,188,6,10,1,0,23,27.0,4.0,4.0,23.0
26966,26966,188,6,20,1,0,23,96.0,51.0,51.0,45.0
26967,26967,188,6,30,1,0,23,88.0,42.0,42.0,46.0
26968,26968,188,6,40,1,0,23,148.0,52.0,52.0,96.0
26969,26969,188,6,50,1,0,23,173.0,75.0,75.0,98.0
26970,26970,188,7,0,1,0,23,297.0,116.0,116.0,181.0
26971,26971,188,7,10,1,0,23,310.0,118.0,118.0,192.0
26972,26972,188,7,20,1,0,23,347.0,129.0,129.0,218.0
26973,26973,188,7,30,1,0,23,542.0,300.0,300.0,242.0
26974,26974,188,7,40,1,0,23,433.0,173.0,173.0,260.0
26975,26975,188,7,50,1,0,23,699.0,370.0,370.0,329.0
26976,26976,188,8,0,1,0,23,792.0,446.0,446.0,346.0
26977,26977,188,8,10,1,0,23,915.0,532.0,532.0,383.0
26978,26978,188,8,20,1,0,23,879.0,555.0,555.0,324.0
26979,26979,188,8,30,1,0,23,871.0,522.0,522.0,349.0
26980,26980,188,8,40,1,0,23,1116.0,818.0,818.0,298.0
26981,26981,188,8,50,1,0,23,1013.0,781.0,781.0,232.0
26982,26982,188,9,0,1,0,23,814.0,601.0,601.0,213.0
26983,26983,188,9,10,1,0,23,778.0,591.0,591.0,187.0
26984,26984,188,9,20,1,0,23,693.0,502.0,502.0,191.0
26985,26985,188,9,30,1,0,23,459.0,301.0,301.0,158.0
26986,26986,188,9,40,1,0,23,473.0,351.0,351.0,122.0
26987,26987,188,9,50,1,0,23,380.0,243.0,243.0,137.0
26988,26988,188,10,0,1,0,23,276.0,162.0,162.0,114.0
26989,26989,188,10,10,1,0,23,371.0,242.0,242.0,129.0
26990,26990,188,10,20,1,0,23,236.0,128.0,128.0,108.0
26991,26991,188,10,30,1,0,23,325.0,227.0,227.0,98.0
26992,26992,188,10,40,1,0,23,219.0,126.0,126.0,93.0
26993,26993,188,10,50,1,0,23,256.0,172.0,172.0,84.0
26994,26994,188,11,0,1,0,23,171.0,69.0,69.0,102.0
26995,26995,188,11,10,1,0,23,184.0,79.0,79.0,105.0
26996,26996,188,11,20,1,0,23,260.0,159.0,159.0,101.0
26997,26997,188,11,30,1,0,23,183.0,74.0,74.0,109.0
26998,26998,188,11,40,1,0,23,292.0,168.0,168.0,124.0
26999,26999,188,11,50,1,0,23,248.0,140.0,140.0,108.0
27000,27000,188,12,0,1,0,23,238.0,119.0,119.0,119.0
27001,27001,188,12,10,1,0,23,247.0,120.0,120.0,127.0
27002,27002,188,12,20,1,0,23,180.0,65.0,65.0,115.0
27003,27003,188,12,30,1,0,23,319.0,172.0,172.0,147.0
27004,27004,188,12,40,1,0,23,220.0,87.0,87.0,133.0
27005,27005,188,12,50,1,0,23,285.0,158.0,158.0,127.0
27006,27006,188,13,0,1,0,23,276.0,125.0,125.0,151.0
27007,27007,188,13,10,1,0,23,287.0,151.0,151.0,136.0
27008,27008,188,13,20,1,0,23,278.0,127.0,127.0,151.0
27009,27009,188,13,30,1,0,23,191.0,78.0,78.0,113.0
27010,27010,188,13,40,1,0,23,328.0,189.0,189.0,139.0
27011,27011,188,13,50,1,0,23,215.0,86.0,86.0,129.0
27012,27012,188,14,0,1,0,23,268.0,146.0,146.0,122.0
27013,27013,188,14,10,1,0,23,276.0,135.0,135.0,141.0
27014,27014,188,14,20,1,0,23,267.0,116.0,116.0,151.0
27015,27015,188,14,30,1,0,23,316.0,161.0,161.0,155.0
27016,27016,188,14,40,1,0,23,233.0,90.0,90.0,143.0
27017,27017,188,14,50,1,0,23,299.0,188.0,188.0,111.0
27018,27018,188,15,0,1,0,23,217.0,72.0,72.0,145.0
27019,27019,188,15,10,1,0,23,261.0,109.0,109.0,152.0
27020,27020,188,15,20,1,0,23,289.0,152.0,152.0,137.0
27021,27021,188,15,30,1,0,23,248.0,88.0,88.0,160.0
27022,27022,188,15,40,1,0,23,358.0,205.0,205.0,153.0
27023,27023,188,15,50,1,0,23,205.0,75.0,75.0,130.0
27024,27024,188,16,0,1,0,23,319.0,180.0,180.0,139.0
27025,27025,188,16,10,1,0,23,268.0,95.0,95.0,173.0
27026,27026,188,16,20,1,0,23,357.0,188.0,188.0,169.0
27027,27027,188,16,30,1,0,23,369.0,161.0,161.0,208.0
27028,27028,188,16,40,1,0,23,391.0,139.0,139.0,252.0
27029,27029,188,16,50,1,0,23,475.0,260.0,260.0,215.0
27030,27030,188,17,0,1,0,23,511.0,170.0,170.0,341.0
27031,27031,188,17,10,1,0,23,672.0,226.0,226.0,446.0
27032,27032,188,17,20,1,0,23,500.0,184.0,184.0,316.0
27033,27033,188,17,30,1,0,23,739.0,263.0,263.0,476.0
27034,27034,188,17,40,1,0,23,943.0,320.0,320.0,623.0
27035,27035,188,17,50,1,0,23,705.0,326.0,326.0,379.0
27036,27036,188,18,0,1,0,23,745.0,312.0,312.0,433.0
27037,27037,188,18,10,1,0,23,1025.0,400.0,400.0,625.0
27038,27038,188,18,20,1,0,23,821.0,382.0,382.0,439.0
27039,27039,188,18,30,1,0,23,753.0,398.0,398.0,355.0
27040,27040,188,18,40,1,0,23,663.0,326.0,326.0,337.0
27041,27041,188,18,50,1,0,23,591.0,296.0,296.0,295.0
27042,27042,188,19,0,1,0,23,512.0,286.0,286.0,226.0
27043,27043,188,19,10,1,0,23,451.0,257.0,257.0,194.0
27044,27044,188,19,20,1,0,23,336.0,165.0,165.0,171.0
27045,27045,188,19,30,1,0,23,337.0,150.0,150.0,187.0
27046,27046,188,19,40,1,0,23,308.0,143.0,143.0,165.0
27047,27047,188,19,50,1,0,23,247.0,88.0,88.0,159.0
27048,27048,188,20,0,1,0,23,254.0,107.0,107.0,147.0
27049,27049,188,20,10,1,0,23,268.0,81.0,81.0,187.0
27050,27050,188,20,20,1,0,23,246.0,77.0,77.0,169.0
27051,27051,188,20,30,1,0,23,237.0,78.0,78.0,159.0
27052,27052,188,20,40,1,0,23,293.0,129.0,129.0,164.0
27053,27053,188,20,50,1,0,23,213.0,69.0,69.0,144.0
27054,27054,188,21,0,1,0,23,200.0,53.0,53.0,147.0
27055,27055,188,21,10,1,0,23,246.0,93.0,93.0,153.0
27056,27056,188,21,20,1,0,23,253.0,92.0,92.0,161.0
27057,27057,188,21,30,1,0,23,265.0,84.0,84.0,181.0
27058,27058,188,21,40,1,0,23,278.0,120.0,120.0,158.0
27059,27059,188,21,50,1,0,23,197.0,67.0,67.0,130.0
27060,27060,188,22,0,1,0,23,190.0,87.0,87.0,103.0
27061,27061,188,22,10,1,0,23,125.0,69.0,69.0,56.0
27062,27062,188,22,20,1,0,23,95.0,58.0,58.0,37.0
27063,27063,188,22,30,1,0,23,81.0,68.0,68.0,13.0
27064,27064,188,22,40,1,0,23,20.0,16.0,16.0,4.0
27065,27065,188,22,50,1,0,23,18.0,16.0,16.0,2.0
27102,27102,189,5,0,1,0,23,0.0,0.0,0.0,0.0
27103,27103,189,5,10,1,0,23,0.0,0.0,0.0,0.0
27104,27104,189,5,20,1,0,23,7.0,0.0,0.0,7.0
27105,27105,189,5,30,1,0,23,5.0,0.0,0.0,5.0
27106,27106,189,5,40,1,0,23,17.0,3.0,3.0,14.0
27107,27107,189,5,50,1,0,23,17.0,2.0,2.0,15.0
27108,27108,189,6,0,1,0,23,36.0,0.0,0.0,36.0
27109,27109,189,6,10,1,0,23,34.0,2.0,2.0,32.0
27110,27110,189,6,20,1,0,23,76.0,14.0,14.0,62.0
27111,27111,189,6,30,1,0,23,113.0,42.0,42.0,71.0
27112,27112,189,6,40,1,0,23,106.0,23.0,23.0,83.0
27113,27113,189,6,50,1,0,23,134.0,39.0,39.0,95.0
27114,27114,189,7,0,1,0,23,216.0,40.0,40.0,176.0
27115,27115,189,7,10,1,0,23,174.0,22.0,22.0,152.0
27116,27116,189,7,20,1,0,23,222.0,81.0,81.0,141.0
27117,27117,189,7,30,1,0,23,277.0,79.0,79.0,198.0
27118,27118,189,7,40,1,0,23,316.0,80.0,80.0,236.0
27119,27119,189,7,50,1,0,23,365.0,141.0,141.0,224.0
27120,27120,189,8,0,1,0,23,429.0,159.0,159.0,270.0
27121,27121,189,8,10,1,0,23,619.0,291.0,291.0,328.0
27122,27122,189,8,20,1,0,23,526.0,257.0,257.0,269.0
27123,27123,189,8,30,1,0,23,533.0,259.0,259.0,274.0
27124,27124,189,8,40,1,0,23,703.0,510.0,510.0,193.0
27125,27125,189,8,50,1,0,23,583.0,402.0,402.0,181.0
27126,27126,189,9,0,1,0,23,487.0,297.0,297.0,190.0
27127,27127,189,9,10,1,0,23,445.0,251.0,251.0,194.0
27128,27128,189,9,20,1,0,23,342.0,226.0,226.0,116.0
27129,27129,189,9,30,1,0,23,323.0,172.0,172.0,151.0
27130,27130,189,9,40,1,0,23,289.0,163.0,163.0,126.0
27131,27131,189,9,50,1,0,23,230.0,113.0,113.0,117.0
27132,27132,189,10,0,1,0,23,237.0,113.0,113.0,124.0
27133,27133,189,10,10,1,0,23,187.0,77.0,77.0,110.0
27134,27134,189,10,20,1,0,23,201.0,91.0,91.0,110.0
27135,27135,189,10,30,1,0,23,178.0,70.0,70.0,108.0
27136,27136,189,10,40,1,0,23,156.0,64.0,64.0,92.0
27137,27137,189,10,50,1,0,23,155.0,63.0,63.0,92.0
27138,27138,189,11,0,1,0,23,156.0,75.0,75.0,81.0
27139,27139,189,11,10,1,0,23,192.0,57.0,57.0,135.0
27140,27140,189,11,20,1,0,23,187.0,52.0,52.0,135.0
27141,27141,189,11,30,1,0,23,168.0,62.0,62.0,106.0
27142,27142,189,11,40,1,0,23,166.0,59.0,59.0,107.0
27143,27143,189,11,50,1,0,23,202.0,78.0,78.0,124.0
27144,27144,189,12,0,1,0,23,170.0,56.0,56.0,114.0
27145,27145,189,12,10,1,0,23,176.0,51.0,51.0,125.0
27146,27146,189,12,20,1,0,23,202.0,86.0,86.0,116.0
27147,27147,189,12,30,1,0,23,204.0,64.0,64.0,140.0
27148,27148,189,12,40,1,0,23,166.0,61.0,61.0,105.0
27149,27149,189,12,50,1,0,23,190.0,66.0,66.0,124.0
27150,27150,189,13,0,1,0,23,210.0,65.0,65.0,145.0
27151,27151,189,13,10,1,0,23,199.0,79.0,79.0,120.0
27152,27152,189,13,20,1,0,23,209.0,62.0,62.0,147.0
27153,27153,189,13,30,1,0,23,199.0,92.0,92.0,107.0
27154,27154,189,13,40,1,0,23,182.0,50.0,50.0,132.0
27155,27155,189,13,50,1,0,23,182.0,80.0,80.0,102.0
27156,27156,189,14,0,1,0,23,180.0,72.0,72.0,108.0
27157,27157,189,14,10,1,0,23,195.0,61.0,61.0,134.0
27158,27158,189,14,20,1,0,23,193.0,81.0,81.0,112.0
27159,27159,189,14,30,1,0,23,176.0,51.0,51.0,125.0
27160,27160,189,14,40,1,0,23,238.0,67.0,67.0,171.0
27161,27161,189,14,50,1,0,23,180.0,57.0,57.0,123.0
27162,27162,189,15,0,1,0,23,184.0,45.0,45.0,139.0
27163,27163,189,15,10,1,0,23,237.0,82.0,82.0,155.0
27164,27164,189,15,20,1,0,23,194.0,65.0,65.0,129.0
27165,27165,189,15,30,1,0,23,233.0,74.0,74.0,159.0
27166,27166,189,15,40,1,0,23,224.0,60.0,60.0,164.0
27167,27167,189,15,50,1,0,23,255.0,91.0,91.0,164.0
27168,27168,189,16,0,1,0,23,201.0,43.0,43.0,158.0
27169,27169,189,16,10,1,0,23,247.0,73.0,73.0,174.0
27170,27170,189,16,20,1,0,23,260.0,72.0,72.0,188.0
27171,27171,189,16,30,1,0,23,277.0,72.0,72.0,205.0
27172,27172,189,16,40,1,0,23,311.0,74.0,74.0,237.0
27173,27173,189,16,50,1,0,23,338.0,96.0,96.0,242.0
27174,27174,189,17,0,1,0,23,508.0,100.0,100.0,408.0
27175,27175,189,17,10,1,0,23,477.0,63.0,63.0,414.0
27176,27176,189,17,20,1,0,23,453.0,126.0,126.0,327.0
27177,27177,189,17,30,1,0,23,557.0,117.0,117.0,440.0
27178,27178,189,17,40,1,0,23,683.0,127.0,127.0,556.0
27179,27179,189,17,50,1,0,23,540.0,123.0,123.0,417.0
27180,27180,189,18,0,1,0,23,576.0,151.0,151.0,425.0
27181,27181,189,18,10,1,0,23,730.0,123.0,123.0,607.0
27182,27182,189,18,20,1,0,23,603.0,162.0,162.0,441.0
27183,27183,189,18,30,1,0,23,475.0,111.0,111.0,364.0
27184,27184,189,18,40,1,0,23,477.0,150.0,150.0,327.0
27185,27185,189,18,50,1,0,23,398.0,140.0,140.0,258.0
27186,27186,189,19,0,1,0,23,332.0,116.0,116.0,216.0
27187,27187,189,19,10,1,0,23,336.0,88.0,88.0,248.0
27188,27188,189,19,20,1,0,23,276.0,77.0,77.0,199.0
27189,27189,189,19,30,1,0,23,200.0,47.0,47.0,153.0
27190,27190,189,19,40,1,0,23,202.0,70.0,70.0,132.0
27191,27191,189,19,50,1,0,23,208.0,46.0,46.0,162.0
27192,27192,189,20,0,1,0,23,221.0,52.0,52.0,169.0
27193,27193,189,20,10,1,0,23,217.0,31.0,31.0,186.0
27194,27194,189,20,20,1,0,23,172.0,25.0,25.0,147.0
27195,27195,189,20,30,1,0,23,253.0,34.0,34.0,219.0
27196,27196,189,20,40,1,0,23,249.0,35.0,35.0,214.0
27197,27197,189,20,50,1,0,23,185.0,35.0,35.0,150.0
27198,27198,189,21,0,1,0,23,194.0,17.0,17.0,177.0
27199,27199,189,21,10,1,0,23,176.0,28.0,28.0,148.0
27200,27200,189,21,20,1,0,23,186.0,31.0,31.0,155.0
27201,27201,189,21,30,1,0,23,148.0,17.0,17.0,131.0
27202,27202,189,21,40,1,0,23,148.0,29.0,29.0,119.0
27203,27203,189,21,50,1,0,23,126.0,26.0,26.0,100.0
27204,27204,189,22,0,1,0,23,199.0,21.0,21.0,178.0
27205,27205,189,22,10,1,0,23,82.0,12.0,12.0,70.0
27206,27206,189,22,20,1,0,23,69.0,20.0,20.0,49.0
27207,27207,189,22,30,1,0,23,60.0,28.0,28.0,32.0
27208,27208,189,22,40,1,0,23,36.0,23.0,23.0,13.0
27209,27209,189,22,50,1,0,23,24.0,12.0,12.0,12.0
27246,27246,190,5,0,1,0,23,4.0,0.0,0.0,4.0
27247,27247,190,5,10,1,0,23,17.0,0.0,0.0,17.0
27248,27248,190,5,20,1,0,23,35.0,0.0,0.0,35.0
27249,27249,190,5,30,1,0,23,12.0,0.0,0.0,12.0
27250,27250,190,5,40,1,0,23,33.0,5.0,5.0,28.0
27251,27251,190,5,50,1,0,23,72.0,4.0,4.0,68.0
27252,27252,190,6,0,1,0,23,83.0,21.0,21.0,62.0
27253,27253,190,6,10,1,0,23,138.0,54.0,54.0,84.0
27254,27254,190,6,20,1,0,23,168.0,87.0,87.0,81.0
27255,27255,190,6,30,1,0,23,236.0,101.0,101.0,135.0
27256,27256,190,6,40,1,0,23,341.0,158.0,158.0,183.0
27257,27257,190,6,50,1,0,23,512.0,302.0,302.0,210.0
27258,27258,190,7,0,1,0,23,622.0,370.0,370.0,252.0
27259,27259,190,7,10,1,0,23,720.0,406.0,406.0,314.0
27260,27260,190,7,20,1,0,23,911.0,482.0,482.0,429.0
27261,27261,190,7,30,1,0,23,1164.0,632.0,632.0,532.0
27262,27262,190,7,40,1,0,23,1613.0,873.0,873.0,740.0
27263,27263,190,7,50,1,0,23,1874.0,939.0,939.0,935.0
27264,27264,190,8,0,1,0,23,2286.0,1309.0,1309.0,977.0
27265,27265,190,8,10,1,0,23,3177.0,1953.0,1953.0,1224.0
27266,27266,190,8,20,1,0,23,2795.0,1719.0,1719.0,1076.0
27267,27267,190,8,30,1,0,23,3054.0,2073.0,2073.0,981.0
27268,27268,190,8,40,1,0,23,3585.0,2736.0,2736.0,849.0
27269,27269,190,8,50,1,0,23,2688.0,1931.0,1931.0,757.0
27270,27270,190,9,0,1,0,23,1770.0,1178.0,1178.0,592.0
27271,27271,190,9,10,1,0,23,1418.0,871.0,871.0,547.0
27272,27272,190,9,20,1,0,23,1148.0,696.0,696.0,452.0
27273,27273,190,9,30,1,0,23,928.0,486.0,486.0,442.0
27274,27274,190,9,40,1,0,23,868.0,479.0,479.0,389.0
27275,27275,190,9,50,1,0,23,740.0,399.0,399.0,341.0
27276,27276,190,10,0,1,0,23,642.0,336.0,336.0,306.0
27277,27277,190,10,10,1,0,23,570.0,278.0,278.0,292.0
27278,27278,190,10,20,1,0,23,495.0,215.0,215.0,280.0
27279,27279,190,10,30,1,0,23,546.0,278.0,278.0,268.0
27280,27280,190,10,40,1,0,23,539.0,263.0,263.0,276.0
27281,27281,190,10,50,1,0,23,478.0,210.0,210.0,268.0
27282,27282,190,11,0,1,0,23,494.0,259.0,259.0,235.0
27283,27283,190,11,10,1,0,23,462.0,227.0,227.0,235.0
27284,27284,190,11,20,1,0,23,508.0,244.0,244.0,264.0
27285,27285,190,11,30,1,0,23,559.0,279.0,279.0,280.0
27286,27286,190,11,40,1,0,23,506.0,219.0,219.0,287.0
27287,27287,190,11,50,1,0,23,468.0,216.0,216.0,252.0
27288,27288,190,12,0,1,0,23,503.0,244.0,244.0,259.0
27289,27289,190,12,10,1,0,23,500.0,227.0,227.0,273.0
27290,27290,190,12,20,1,0,23,502.0,236.0,236.0,266.0
27291,27291,190,12,30,1,0,23,522.0,235.0,235.0,287.0
27292,27292,190,12,40,1,0,23,562.0,267.0,267.0,295.0
27293,27293,190,12,50,1,0,23,564.0,246.0,246.0,318.0
27294,27294,190,13,0,1,0,23,541.0,238.0,238.0,303.0
27295,27295,190,13,10,1,0,23,650.0,303.0,303.0,347.0
27296,27296,190,13,20,1,0,23,563.0,261.0,261.0,302.0
27297,27297,190,13,30,1,0,23,560.0,278.0,278.0,282.0
27298,27298,190,13,40,1,0,23,576.0,272.0,272.0,304.0
27299,27299,190,13,50,1,0,23,543.0,269.0,269.0,274.0
27300,27300,190,14,0,1,0,23,489.0,234.0,234.0,255.0
27301,27301,190,14,10,1,0,23,583.0,279.0,279.0,304.0
27302,27302,190,14,20,1,0,23,557.0,280.0,280.0,277.0
27303,27303,190,14,30,1,0,23,545.0,305.0,305.0,240.0
27304,27304,190,14,40,1,0,23,601.0,284.0,284.0,317.0
27305,27305,190,14,50,1,0,23,636.0,271.0,271.0,365.0
27306,27306,190,15,0,1,0,23,589.0,273.0,273.0,316.0
27307,27307,190,15,10,1,0,23,609.0,278.0,278.0,331.0
27308,27308,190,15,20,1,0,23,602.0,274.0,274.0,328.0
27309,27309,190,15,30,1,0,23,584.0,238.0,238.0,346.0
27310,27310,190,15,40,1,0,23,730.0,348.0,348.0,382.0
27311,27311,190,15,50,1,0,23,606.0,277.0,277.0,329.0
27312,27312,190,16,0,1,0,23,708.0,318.0,318.0,390.0
27313,27313,190,16,10,1,0,23,677.0,308.0,308.0,369.0
27314,27314,190,16,20,1,0,23,702.0,302.0,302.0,400.0
27315,27315,190,16,30,1,0,23,751.0,312.0,312.0,439.0
27316,27316,190,16,40,1,0,23,860.0,326.0,326.0,534.0
27317,27317,190,16,50,1,0,23,949.0,365.0,365.0,584.0
27318,27318,190,17,0,1,0,23,1143.0,341.0,341.0,802.0
27319,27319,190,17,10,1,0,23,1537.0,473.0,473.0,1064.0
27320,27320,190,17,20,1,0,23,1500.0,566.0,566.0,934.0
27321,27321,190,17,30,1,0,23,1596.0,578.0,578.0,1018.0
27322,27322,190,17,40,1,0,23,2417.0,621.0,621.0,1796.0
27323,27323,190,17,50,1,0,23,2304.0,800.0,800.0,1504.0
27324,27324,190,18,0,1,0,23,2029.0,809.0,809.0,1220.0
27325,27325,190,18,10,1,0,23,2444.0,748.0,748.0,1696.0
27326,27326,190,18,20,1,0,23,2284.0,810.0,810.0,1474.0
27327,27327,190,18,30,1,0,23,1859.0,829.0,829.0,1030.0
27328,27328,190,18,40,1,0,23,1576.0,812.0,812.0,764.0
27329,27329,190,18,50,1,0,23,1467.0,737.0,737.0,730.0
27330,27330,190,19,0,1,0,23,1137.0,578.0,578.0,559.0
27331,27331,190,19,10,1,0,23,995.0,481.0,481.0,514.0
27332,27332,190,19,20,1,0,23,825.0,411.0,411.0,414.0
27333,27333,190,19,30,1,0,23,865.0,334.0,334.0,531.0
27334,27334,190,19,40,1,0,23,742.0,331.0,331.0,411.0
27335,27335,190,19,50,1,0,23,674.0,279.0,279.0,395.0
27336,27336,190,20,0,1,0,23,686.0,259.0,259.0,427.0
27337,27337,190,20,10,1,0,23,605.0,202.0,202.0,403.0
27338,27338,190,20,20,1,0,23,652.0,223.0,223.0,429.0
27339,27339,190,20,30,1,0,23,599.0,212.0,212.0,387.0
27340,27340,190,20,40,1,0,23,616.0,216.0,216.0,400.0
27341,27341,190,20,50,1,0,23,679.0,221.0,221.0,458.0
27342,27342,190,21,0,1,0,23,706.0,223.0,223.0,483.0
27343,27343,190,21,10,1,0,23,710.0,228.0,228.0,482.0
27344,27344,190,21,20,1,0,23,625.0,236.0,236.0,389.0
27345,27345,190,21,30,1,0,23,554.0,256.0,256.0,298.0
27346,27346,190,21,40,1,0,23,494.0,204.0,204.0,290.0
27347,27347,190,21,50,1,0,23,464.0,221.0,221.0,243.0
27348,27348,190,22,0,1,0,23,433.0,221.0,221.0,212.0
27349,27349,190,22,10,1,0,23,348.0,184.0,184.0,164.0
27350,27350,190,22,20,1,0,23,320.0,195.0,195.0,125.0
27351,27351,190,22,30,1,0,23,256.0,155.0,155.0,101.0
27352,27352,190,22,40,1,0,23,186.0,121.0,121.0,65.0
27353,27353,190,22,50,1,0,23,175.0,127.0,127.0,48.0
27390,27390,191,5,0,1,0,23,2.0,0.0,0.0,2.0
27391,27391,191,5,10,1,0,23,1.0,0.0,0.0,1.0
27392,27392,191,5,20,1,0,23,7.0,0.0,0.0,7.0
27393,27393,191,5,30,1,0,23,11.0,0.0,0.0,11.0
27394,27394,191,5,40,1,0,23,23.0,6.0,6.0,17.0
27395,27395,191,5,50,1,0,23,21.0,0.0,0.0,21.0
27396,27396,191,6,0,1,0,23,54.0,4.0,4.0,50.0
27397,27397,191,6,10,1,0,23,105.0,36.0,36.0,69.0
27398,27398,191,6,20,1,0,23,89.0,28.0,28.0,61.0
27399,27399,191,6,30,1,0,23,197.0,81.0,81.0,116.0
27400,27400,191,6,40,1,0,23,222.0,65.0,65.0,157.0
27401,27401,191,6,50,1,0,23,247.0,100.0,100.0,147.0
27402,27402,191,7,0,1,0,23,365.0,180.0,180.0,185.0
27403,27403,191,7,10,1,0,23,477.0,270.0,270.0,207.0
27404,27404,191,7,20,1,0,23,561.0,284.0,284.0,277.0
27405,27405,191,7,30,1,0,23,618.0,318.0,318.0,300.0
27406,27406,191,7,40,1,0,23,769.0,366.0,366.0,403.0
27407,27407,191,7,50,1,0,23,832.0,321.0,321.0,511.0
27408,27408,191,8,0,1,0,23,974.0,406.0,406.0,568.0
27409,27409,191,8,10,1,0,23,1118.0,523.0,523.0,595.0
27410,27410,191,8,20,1,0,23,981.0,385.0,385.0,596.0
27411,27411,191,8,30,1,0,23,1176.0,657.0,657.0,519.0
27412,27412,191,8,40,1,0,23,1186.0,798.0,798.0,388.0
27413,27413,191,8,50,1,0,23,1046.0,647.0,647.0,399.0
27414,27414,191,9,0,1,0,23,885.0,503.0,503.0,382.0
27415,27415,191,9,10,1,0,23,587.0,317.0,317.0,270.0
27416,27416,191,9,20,1,0,23,599.0,349.0,349.0,250.0
27417,27417,191,9,30,1,0,23,447.0,215.0,215.0,232.0
27418,27418,191,9,40,1,0,23,483.0,277.0,277.0,206.0
27419,27419,191,9,50,1,0,23,399.0,224.0,224.0,175.0
27420,27420,191,10,0,1,0,23,343.0,190.0,190.0,153.0
27421,27421,191,10,10,1,0,23,332.0,172.0,172.0,160.0
27422,27422,191,10,20,1,0,23,270.0,111.0,111.0,159.0
27423,27423,191,10,30,1,0,23,342.0,182.0,182.0,160.0
27424,27424,191,10,40,1,0,23,295.0,132.0,132.0,163.0
27425,27425,191,10,50,1,0,23,293.0,152.0,152.0,141.0
27426,27426,191,11,0,1,0,23,234.0,106.0,106.0,128.0
27427,27427,191,11,10,1,0,23,266.0,124.0,124.0,142.0
27428,27428,191,11,20,1,0,23,278.0,139.0,139.0,139.0
27429,27429,191,11,30,1,0,23,242.0,96.0,96.0,146.0
27430,27430,191,11,40,1,0,23,262.0,125.0,125.0,137.0
27431,27431,191,11,50,1,0,23,273.0,126.0,126.0,147.0
27432,27432,191,12,0,1,0,23,237.0,83.0,83.0,154.0
27433,27433,191,12,10,1,0,23,326.0,173.0,173.0,153.0
27434,27434,191,12,20,1,0,23,270.0,96.0,96.0,174.0
27435,27435,191,12,30,1,0,23,316.0,175.0,175.0,141.0
27436,27436,191,12,40,1,0,23,276.0,110.0,110.0,166.0
27437,27437,191,12,50,1,0,23,327.0,157.0,157.0,170.0
27438,27438,191,13,0,1,0,23,300.0,160.0,160.0,140.0
27439,27439,191,13,10,1,0,23,303.0,133.0,133.0,170.0
27440,27440,191,13,20,1,0,23,345.0,191.0,191.0,154.0
27441,27441,191,13,30,1,0,23,267.0,134.0,134.0,133.0
27442,27442,191,13,40,1,0,23,345.0,222.0,222.0,123.0
27443,27443,191,13,50,1,0,23,241.0,95.0,95.0,146.0
27444,27444,191,14,0,1,0,23,281.0,161.0,161.0,120.0
27445,27445,191,14,10,1,0,23,298.0,142.0,142.0,156.0
27446,27446,191,14,20,1,0,23,310.0,149.0,149.0,161.0
27447,27447,191,14,30,1,0,23,321.0,175.0,175.0,146.0
27448,27448,191,14,40,1,0,23,247.0,99.0,99.0,148.0
27449,27449,191,14,50,1,0,23,377.0,211.0,211.0,166.0
27450,27450,191,15,0,1,0,23,234.0,91.0,91.0,143.0
27451,27451,191,15,10,1,0,23,300.0,149.0,149.0,151.0
27452,27452,191,15,20,1,0,23,332.0,170.0,170.0,162.0
27453,27453,191,15,30,1,0,23,332.0,131.0,131.0,201.0
27454,27454,191,15,40,1,0,23,453.0,197.0,197.0,256.0
27455,27455,191,15,50,1,0,23,327.0,145.0,145.0,182.0
27456,27456,191,16,0,1,0,23,416.0,232.0,232.0,184.0
27457,27457,191,16,10,1,0,23,339.0,110.0,110.0,229.0
27458,27458,191,16,20,1,0,23,366.0,172.0,172.0,194.0
27459,27459,191,16,30,1,0,23,473.0,193.0,193.0,280.0
27460,27460,191,16,40,1,0,23,442.0,144.0,144.0,298.0
27461,27461,191,16,50,1,0,23,546.0,294.0,294.0,252.0
27462,27462,191,17,0,1,0,23,506.0,178.0,178.0,328.0
27463,27463,191,17,10,1,0,23,682.0,248.0,248.0,434.0
27464,27464,191,17,20,1,0,23,666.0,325.0,325.0,341.0
27465,27465,191,17,30,1,0,23,630.0,318.0,318.0,312.0
27466,27466,191,17,40,1,0,23,865.0,400.0,400.0,465.0
27467,27467,191,17,50,1,0,23,705.0,360.0,360.0,345.0
27468,27468,191,18,0,1,0,23,761.0,412.0,412.0,349.0
27469,27469,191,18,10,1,0,23,965.0,495.0,495.0,470.0
27470,27470,191,18,20,1,0,23,788.0,431.0,431.0,357.0
27471,27471,191,18,30,1,0,23,725.0,480.0,480.0,245.0
27472,27472,191,18,40,1,0,23,634.0,406.0,406.0,228.0
27473,27473,191,18,50,1,0,23,605.0,424.0,424.0,181.0
27474,27474,191,19,0,1,0,23,428.0,271.0,271.0,157.0
27475,27475,191,19,10,1,0,23,486.0,309.0,309.0,177.0
27476,27476,191,19,20,1,0,23,372.0,218.0,218.0,154.0
27477,27477,191,19,30,1,0,23,340.0,200.0,200.0,140.0
27478,27478,191,19,40,1,0,23,274.0,148.0,148.0,126.0
27479,27479,191,19,50,1,0,23,279.0,177.0,177.0,102.0
27480,27480,191,20,0,1,0,23,228.0,122.0,122.0,106.0
27481,27481,191,20,10,1,0,23,265.0,161.0,161.0,104.0
27482,27482,191,20,20,1,0,23,223.0,130.0,130.0,93.0
27483,27483,191,20,30,1,0,23,207.0,84.0,84.0,123.0
27484,27484,191,20,40,1,0,23,307.0,188.0,188.0,119.0
27485,27485,191,20,50,1,0,23,276.0,144.0,144.0,132.0
27486,27486,191,21,0,1,0,23,212.0,88.0,88.0,124.0
27487,27487,191,21,10,1,0,23,303.0,170.0,170.0,133.0
27488,27488,191,21,20,1,0,23,199.0,92.0,92.0,107.0
27489,27489,191,21,30,1,0,23,206.0,114.0,114.0,92.0
27490,27490,191,21,40,1,0,23,216.0,143.0,143.0,73.0
27491,27491,191,21,50,1,0,23,203.0,144.0,144.0,59.0
27492,27492,191,22,0,1,0,23,160.0,89.0,89.0,71.0
27493,27493,191,22,10,1,0,23,173.0,63.0,63.0,110.0
27494,27494,191,22,20,1,0,23,166.0,128.0,128.0,38.0
27495,27495,191,22,30,1,0,23,85.0,64.0,64.0,21.0
27496,27496,191,22,40,1,0,23,52.0,38.0,38.0,14.0
27497,27497,191,22,50,1,0,23,36.0,32.0,32.0,4.0
27534,27534,192,5,0,1,0,23,0.0,0.0,0.0,0.0
27535,27535,192,5,10,1,0,23,0.0,0.0,0.0,0.0
27536,27536,192,5,20,1,0,23,1.0,1.0,1.0,0.0
27537,27537,192,5,30,1,0,23,4.0,0.0,0.0,4.0
27538,27538,192,5,40,1,0,23,58.0,0.0,0.0,58.0
27539,27539,192,5,50,1,0,23,108.0,4.0,4.0,104.0
27540,27540,192,6,0,1,0,23,103.0,6.0,6.0,97.0
27541,27541,192,6,10,1,0,23,107.0,15.0,15.0,92.0
27542,27542,192,6,20,1,0,23,212.0,45.0,45.0,167.0
27543,27543,192,6,30,1,0,23,182.0,44.0,44.0,138.0
27544,27544,192,6,40,1,0,23,239.0,64.0,64.0,175.0
27545,27545,192,6,50,1,0,23,323.0,104.0,104.0,219.0
27546,27546,192,7,0,1,0,23,361.0,143.0,143.0,218.0
27547,27547,192,7,10,1,0,23,458.0,102.0,102.0,356.0
27548,27548,192,7,20,1,0,23,576.0,194.0,194.0,382.0
27549,27549,192,7,30,1,0,23,612.0,231.0,231.0,381.0
27550,27550,192,7,40,1,0,23,872.0,294.0,294.0,578.0
27551,27551,192,7,50,1,0,23,901.0,330.0,330.0,571.0
27552,27552,192,8,0,1,0,23,1290.0,582.0,582.0,708.0
27553,27553,192,8,10,1,0,23,1168.0,465.0,465.0,703.0
27554,27554,192,8,20,1,0,23,1241.0,590.0,590.0,651.0
27555,27555,192,8,30,1,0,23,1151.0,608.0,608.0,543.0
27556,27556,192,8,40,1,0,23,1185.0,660.0,660.0,525.0
27557,27557,192,8,50,1,0,23,887.0,483.0,483.0,404.0
27558,27558,192,9,0,1,0,23,753.0,361.0,361.0,392.0
27559,27559,192,9,10,1,0,23,506.0,252.0,252.0,254.0
27560,27560,192,9,20,1,0,23,466.0,196.0,196.0,270.0
27561,27561,192,9,30,1,0,23,390.0,172.0,172.0,218.0
27562,27562,192,9,40,1,0,23,271.0,122.0,122.0,149.0
27563,27563,192,9,50,1,0,23,247.0,149.0,149.0,98.0
27564,27564,192,10,0,1,0,23,254.0,120.0,120.0,134.0
27565,27565,192,10,10,1,0,23,227.0,83.0,83.0,144.0
27566,27566,192,10,20,1,0,23,249.0,124.0,124.0,125.0
27567,27567,192,10,30,1,0,23,177.0,72.0,72.0,105.0
27568,27568,192,10,40,1,0,23,180.0,87.0,87.0,93.0
27569,27569,192,10,50,1,0,23,194.0,90.0,90.0,104.0
27570,27570,192,11,0,1,0,23,172.0,76.0,76.0,96.0
27571,27571,192,11,10,1,0,23,192.0,91.0,91.0,101.0
27572,27572,192,11,20,1,0,23,153.0,50.0,50.0,103.0
27573,27573,192,11,30,1,0,23,167.0,88.0,88.0,79.0
27574,27574,192,11,40,1,0,23,174.0,60.0,60.0,114.0
27575,27575,192,11,50,1,0,23,206.0,82.0,82.0,124.0
27576,27576,192,12,0,1,0,23,209.0,108.0,108.0,101.0
27577,27577,192,12,10,1,0,23,180.0,51.0,51.0,129.0
27578,27578,192,12,20,1,0,23,219.0,111.0,111.0,108.0
27579,27579,192,12,30,1,0,23,162.0,56.0,56.0,106.0
27580,27580,192,12,40,1,0,23,228.0,125.0,125.0,103.0
27581,27581,192,12,50,1,0,23,163.0,60.0,60.0,103.0
27582,27582,192,13,0,1,0,23,210.0,84.0,84.0,126.0
27583,27583,192,13,10,1,0,23,197.0,110.0,110.0,87.0
27584,27584,192,13,20,1,0,23,161.0,73.0,73.0,88.0
27585,27585,192,13,30,1,0,23,233.0,129.0,129.0,104.0
27586,27586,192,13,40,1,0,23,150.0,72.0,72.0,78.0
27587,27587,192,13,50,1,0,23,197.0,112.0,112.0,85.0
27588,27588,192,14,0,1,0,23,180.0,68.0,68.0,112.0
27589,27589,192,14,10,1,0,23,222.0,96.0,96.0,126.0
27590,27590,192,14,20,1,0,23,197.0,115.0,115.0,82.0
27591,27591,192,14,30,1,0,23,152.0,57.0,57.0,95.0
27592,27592,192,14,40,1,0,23,237.0,124.0,124.0,113.0
27593,27593,192,14,50,1,0,23,163.0,58.0,58.0,105.0
27594,27594,192,15,0,1,0,23,222.0,137.0,137.0,85.0
27595,27595,192,15,10,1,0,23,207.0,81.0,81.0,126.0
27596,27596,192,15,20,1,0,23,227.0,103.0,103.0,124.0
27597,27597,192,15,30,1,0,23,272.0,135.0,135.0,137.0
27598,27598,192,15,40,1,0,23,189.0,77.0,77.0,112.0
27599,27599,192,15,50,1,0,23,296.0,173.0,173.0,123.0
27600,27600,192,16,0,1,0,23,219.0,78.0,78.0,141.0
27601,27601,192,16,10,1,0,23,346.0,176.0,176.0,170.0
27602,27602,192,16,20,1,0,23,313.0,127.0,127.0,186.0
27603,27603,192,16,30,1,0,23,370.0,161.0,161.0,209.0
27604,27604,192,16,40,1,0,23,437.0,150.0,150.0,287.0
27605,27605,192,16,50,1,0,23,290.0,101.0,101.0,189.0
27606,27606,192,17,0,1,0,23,556.0,213.0,213.0,343.0
27607,27607,192,17,10,1,0,23,594.0,187.0,187.0,407.0
27608,27608,192,17,20,1,0,23,568.0,231.0,231.0,337.0
27609,27609,192,17,30,1,0,23,794.0,302.0,302.0,492.0
27610,27610,192,17,40,1,0,23,971.0,276.0,276.0,695.0
27611,27611,192,17,50,1,0,23,819.0,326.0,326.0,493.0
27612,27612,192,18,0,1,0,23,743.0,393.0,393.0,350.0
27613,27613,192,18,10,1,0,23,750.0,334.0,334.0,416.0
27614,27614,192,18,20,1,0,23,612.0,336.0,336.0,276.0
27615,27615,192,18,30,1,0,23,632.0,387.0,387.0,245.0
27616,27616,192,18,40,1,0,23,602.0,391.0,391.0,211.0
27617,27617,192,18,50,1,0,23,478.0,352.0,352.0,126.0
27618,27618,192,19,0,1,0,23,419.0,285.0,285.0,134.0
27619,27619,192,19,10,1,0,23,386.0,254.0,254.0,132.0
27620,27620,192,19,20,1,0,23,301.0,190.0,190.0,111.0
27621,27621,192,19,30,1,0,23,248.0,166.0,166.0,82.0
27622,27622,192,19,40,1,0,23,284.0,188.0,188.0,96.0
27623,27623,192,19,50,1,0,23,230.0,166.0,166.0,64.0
27624,27624,192,20,0,1,0,23,264.0,170.0,170.0,94.0
27625,27625,192,20,10,1,0,23,154.0,74.0,74.0,80.0
27626,27626,192,20,20,1,0,23,259.0,183.0,183.0,76.0
27627,27627,192,20,30,1,0,23,188.0,123.0,123.0,65.0
27628,27628,192,20,40,1,0,23,150.0,85.0,85.0,65.0
27629,27629,192,20,50,1,0,23,204.0,154.0,154.0,50.0
27630,27630,192,21,0,1,0,23,190.0,112.0,112.0,78.0
27631,27631,192,21,10,1,0,23,137.0,84.0,84.0,53.0
27632,27632,192,21,20,1,0,23,156.0,102.0,102.0,54.0
27633,27633,192,21,30,1,0,23,203.0,151.0,151.0,52.0
27634,27634,192,21,40,1,0,23,161.0,121.0,121.0,40.0
27635,27635,192,21,50,1,0,23,148.0,117.0,117.0,31.0
27636,27636,192,22,0,1,0,23,132.0,100.0,100.0,32.0
27637,27637,192,22,10,1,0,23,138.0,115.0,115.0,23.0
27638,27638,192,22,20,1,0,23,116.0,95.0,95.0,21.0
27639,27639,192,22,30,1,0,23,137.0,119.0,119.0,18.0
27640,27640,192,22,40,1,0,23,154.0,142.0,142.0,12.0
27641,27641,192,22,50,1,0,23,49.0,47.0,47.0,2.0
27678,27678,193,5,0,1,0,23,1.0,1.0,1.0,0.0
27679,27679,193,5,10,1,0,23,2.0,0.0,0.0,2.0
27680,27680,193,5,20,1,0,23,8.0,0.0,0.0,8.0
27681,27681,193,5,30,1,0,23,5.0,0.0,0.0,5.0
27682,27682,193,5,40,1,0,23,7.0,0.0,0.0,7.0
27683,27683,193,5,50,1,0,23,8.0,0.0,0.0,8.0
27684,27684,193,6,0,1,0,23,10.0,0.0,0.0,10.0
27685,27685,193,6,10,1,0,23,24.0,0.0,0.0,24.0
27686,27686,193,6,20,1,0,23,43.0,19.0,19.0,24.0
27687,27687,193,6,30,1,0,23,68.0,33.0,33.0,35.0
27688,27688,193,6,40,1,0,23,115.0,50.0,50.0,65.0
27689,27689,193,6,50,1,0,23,114.0,52.0,52.0,62.0
27690,27690,193,7,0,1,0,23,141.0,51.0,51.0,90.0
27691,27691,193,7,10,1,0,23,196.0,88.0,88.0,108.0
27692,27692,193,7,20,1,0,23,274.0,146.0,146.0,128.0
27693,27693,193,7,30,1,0,23,320.0,180.0,180.0,140.0
27694,27694,193,7,40,1,0,23,447.0,268.0,268.0,179.0
27695,27695,193,7,50,1,0,23,516.0,286.0,286.0,230.0
27696,27696,193,8,0,1,0,23,692.0,436.0,436.0,256.0
27697,27697,193,8,10,1,0,23,840.0,571.0,571.0,269.0
27698,27698,193,8,20,1,0,23,989.0,711.0,711.0,278.0
27699,27699,193,8,30,1,0,23,1424.0,1230.0,1230.0,194.0
27700,27700,193,8,40,1,0,23,1226.0,1046.0,1046.0,180.0
27701,27701,193,8,50,1,0,23,988.0,844.0,844.0,144.0
27702,27702,193,9,0,1,0,23,794.0,646.0,646.0,148.0
27703,27703,193,9,10,1,0,23,669.0,536.0,536.0,133.0
27704,27704,193,9,20,1,0,23,535.0,425.0,425.0,110.0
27705,27705,193,9,30,1,0,23,458.0,349.0,349.0,109.0
27706,27706,193,9,40,1,0,23,377.0,280.0,280.0,97.0
27707,27707,193,9,50,1,0,23,299.0,209.0,209.0,90.0
27708,27708,193,10,0,1,0,23,285.0,201.0,201.0,84.0
27709,27709,193,10,10,1,0,23,223.0,122.0,122.0,101.0
27710,27710,193,10,20,1,0,23,218.0,140.0,140.0,78.0
27711,27711,193,10,30,1,0,23,195.0,103.0,103.0,92.0
27712,27712,193,10,40,1,0,23,227.0,112.0,112.0,115.0
27713,27713,193,10,50,1,0,23,183.0,83.0,83.0,100.0
27714,27714,193,11,0,1,0,23,184.0,90.0,90.0,94.0
27715,27715,193,11,10,1,0,23,206.0,111.0,111.0,95.0
27716,27716,193,11,20,1,0,23,143.0,70.0,70.0,73.0
27717,27717,193,11,30,1,0,23,166.0,88.0,88.0,78.0
27718,27718,193,11,40,1,0,23,141.0,66.0,66.0,75.0
27719,27719,193,11,50,1,0,23,158.0,86.0,86.0,72.0
27720,27720,193,12,0,1,0,23,186.0,100.0,100.0,86.0
27721,27721,193,12,10,1,0,23,167.0,66.0,66.0,101.0
27722,27722,193,12,20,1,0,23,189.0,87.0,87.0,102.0
27723,27723,193,12,30,1,0,23,196.0,100.0,100.0,96.0
27724,27724,193,12,40,1,0,23,165.0,70.0,70.0,95.0
27725,27725,193,12,50,1,0,23,240.0,142.0,142.0,98.0
27726,27726,193,13,0,1,0,23,214.0,117.0,117.0,97.0
27727,27727,193,13,10,1,0,23,219.0,118.0,118.0,101.0
27728,27728,193,13,20,1,0,23,213.0,108.0,108.0,105.0
27729,27729,193,13,30,1,0,23,210.0,115.0,115.0,95.0
27730,27730,193,13,40,1,0,23,195.0,83.0,83.0,112.0
27731,27731,193,13,50,1,0,23,179.0,70.0,70.0,109.0
27732,27732,193,14,0,1,0,23,201.0,109.0,109.0,92.0
27733,27733,193,14,10,1,0,23,164.0,72.0,72.0,92.0
27734,27734,193,14,20,1,0,23,190.0,101.0,101.0,89.0
27735,27735,193,14,30,1,0,23,202.0,109.0,109.0,93.0
27736,27736,193,14,40,1,0,23,226.0,111.0,111.0,115.0
27737,27737,193,14,50,1,0,23,192.0,94.0,94.0,98.0
27738,27738,193,15,0,1,0,23,204.0,59.0,59.0,145.0
27739,27739,193,15,10,1,0,23,254.0,92.0,92.0,162.0
27740,27740,193,15,20,1,0,23,252.0,86.0,86.0,166.0
27741,27741,193,15,30,1,0,23,187.0,99.0,99.0,88.0
27742,27742,193,15,40,1,0,23,197.0,95.0,95.0,102.0
27743,27743,193,15,50,1,0,23,195.0,88.0,88.0,107.0
27744,27744,193,16,0,1,0,23,249.0,103.0,103.0,146.0
27745,27745,193,16,10,1,0,23,209.0,71.0,71.0,138.0
27746,27746,193,16,20,1,0,23,247.0,103.0,103.0,144.0
27747,27747,193,16,30,1,0,23,255.0,89.0,89.0,166.0
27748,27748,193,16,40,1,0,23,259.0,100.0,100.0,159.0
27749,27749,193,16,50,1,0,23,321.0,125.0,125.0,196.0
27750,27750,193,17,0,1,0,23,428.0,123.0,123.0,305.0
27751,27751,193,17,10,1,0,23,453.0,99.0,99.0,354.0
27752,27752,193,17,20,1,0,23,405.0,123.0,123.0,282.0
27753,27753,193,17,30,1,0,23,609.0,185.0,185.0,424.0
27754,27754,193,17,40,1,0,23,845.0,164.0,164.0,681.0
27755,27755,193,17,50,1,0,23,758.0,248.0,248.0,510.0
27756,27756,193,18,0,1,0,23,638.0,145.0,145.0,493.0
27757,27757,193,18,10,1,0,23,1095.0,217.0,217.0,878.0
27758,27758,193,18,20,1,0,23,887.0,185.0,185.0,702.0
27759,27759,193,18,30,1,0,23,721.0,234.0,234.0,487.0
27760,27760,193,18,40,1,0,23,577.0,177.0,177.0,400.0
27761,27761,193,18,50,1,0,23,432.0,183.0,183.0,249.0
27762,27762,193,19,0,1,0,23,353.0,131.0,131.0,222.0
27763,27763,193,19,10,1,0,23,349.0,113.0,113.0,236.0
27764,27764,193,19,20,1,0,23,261.0,110.0,110.0,151.0
27765,27765,193,19,30,1,0,23,207.0,79.0,79.0,128.0
27766,27766,193,19,40,1,0,23,283.0,61.0,61.0,222.0
27767,27767,193,19,50,1,0,23,209.0,77.0,77.0,132.0
27768,27768,193,20,0,1,0,23,168.0,51.0,51.0,117.0
27769,27769,193,20,10,1,0,23,180.0,59.0,59.0,121.0
27770,27770,193,20,20,1,0,23,171.0,49.0,49.0,122.0
27771,27771,193,20,30,1,0,23,174.0,50.0,50.0,124.0
27772,27772,193,20,40,1,0,23,180.0,60.0,60.0,120.0
27773,27773,193,20,50,1,0,23,167.0,47.0,47.0,120.0
27774,27774,193,21,0,1,0,23,186.0,68.0,68.0,118.0
27775,27775,193,21,10,1,0,23,177.0,47.0,47.0,130.0
27776,27776,193,21,20,1,0,23,143.0,55.0,55.0,88.0
27777,27777,193,21,30,1,0,23,161.0,57.0,57.0,104.0
27778,27778,193,21,40,1,0,23,146.0,56.0,56.0,90.0
27779,27779,193,21,50,1,0,23,109.0,42.0,42.0,67.0
27780,27780,193,22,0,1,0,23,135.0,79.0,79.0,56.0
27781,27781,193,22,10,1,0,23,85.0,39.0,39.0,46.0
27782,27782,193,22,20,1,0,23,73.0,49.0,49.0,24.0
27783,27783,193,22,30,1,0,23,55.0,55.0,55.0,0.0
27784,27784,193,22,40,1,0,23,72.0,70.0,70.0,2.0
27785,27785,193,22,50,1,0,23,30.0,30.0,30.0,0.0
27822,27822,194,5,0,1,0,23,0.0,0.0,0.0,0.0
27823,27823,194,5,10,1,0,23,0.0,0.0,0.0,0.0
27824,27824,194,5,20,1,0,23,0.0,0.0,0.0,0.0
27825,27825,194,5,30,1,0,23,0.0,0.0,0.0,0.0
27826,27826,194,5,40,1,0,23,0.0,0.0,0.0,0.0
27827,27827,194,5,50,1,0,23,27.0,0.0,0.0,27.0
27828,27828,194,6,0,1,0,23,55.0,0.0,0.0,55.0
27829,27829,194,6,10,1,0,23,123.0,8.0,8.0,115.0
27830,27830,194,6,20,1,0,23,126.0,19.0,19.0,107.0
27831,27831,194,6,30,1,0,23,120.0,12.0,12.0,108.0
27832,27832,194,6,40,1,0,23,270.0,27.0,27.0,243.0
27833,27833,194,6,50,1,0,23,243.0,31.0,31.0,212.0
27834,27834,194,7,0,1,0,23,363.0,46.0,46.0,317.0
27835,27835,194,7,10,1,0,23,344.0,63.0,63.0,281.0
27836,27836,194,7,20,1,0,23,548.0,115.0,115.0,433.0
27837,27837,194,7,30,1,0,23,442.0,81.0,81.0,361.0
27838,27838,194,7,40,1,0,23,599.0,137.0,137.0,462.0
27839,27839,194,7,50,1,0,23,407.0,124.0,124.0,283.0
27840,27840,194,8,0,1,0,23,512.0,108.0,108.0,404.0
27841,27841,194,8,10,1,0,23,420.0,135.0,135.0,285.0
27842,27842,194,8,20,1,0,23,433.0,130.0,130.0,303.0
27843,27843,194,8,30,1,0,23,359.0,111.0,111.0,248.0
27844,27844,194,8,40,1,0,23,320.0,118.0,118.0,202.0
27845,27845,194,8,50,1,0,23,238.0,89.0,89.0,149.0
27846,27846,194,9,0,1,0,23,242.0,55.0,55.0,187.0
27847,27847,194,9,10,1,0,23,192.0,77.0,77.0,115.0
27848,27848,194,9,20,1,0,23,144.0,50.0,50.0,94.0
27849,27849,194,9,30,1,0,23,151.0,59.0,59.0,92.0
27850,27850,194,9,40,1,0,23,110.0,30.0,30.0,80.0
27851,27851,194,9,50,1,0,23,107.0,32.0,32.0,75.0
27852,27852,194,10,0,1,0,23,95.0,30.0,30.0,65.0
27853,27853,194,10,10,1,0,23,110.0,30.0,30.0,80.0
27854,27854,194,10,20,1,0,23,78.0,27.0,27.0,51.0
27855,27855,194,10,30,1,0,23,95.0,47.0,47.0,48.0
27856,27856,194,10,40,1,0,23,107.0,38.0,38.0,69.0
27857,27857,194,10,50,1,0,23,60.0,20.0,20.0,40.0
27858,27858,194,11,0,1,0,23,73.0,30.0,30.0,43.0
27859,27859,194,11,10,1,0,23,81.0,27.0,27.0,54.0
27860,27860,194,11,20,1,0,23,60.0,32.0,32.0,28.0
27861,27861,194,11,30,1,0,23,99.0,48.0,48.0,51.0
27862,27862,194,11,40,1,0,23,97.0,31.0,31.0,66.0
27863,27863,194,11,50,1,0,23,90.0,32.0,32.0,58.0
27864,27864,194,12,0,1,0,23,86.0,36.0,36.0,50.0
27865,27865,194,12,10,1,0,23,102.0,44.0,44.0,58.0
27866,27866,194,12,20,1,0,23,82.0,36.0,36.0,46.0
27867,27867,194,12,30,1,0,23,100.0,37.0,37.0,63.0
27868,27868,194,12,40,1,0,23,119.0,49.0,49.0,70.0
27869,27869,194,12,50,1,0,23,76.0,30.0,30.0,46.0
27870,27870,194,13,0,1,0,23,79.0,27.0,27.0,52.0
27871,27871,194,13,10,1,0,23,80.0,37.0,37.0,43.0
27872,27872,194,13,20,1,0,23,71.0,23.0,23.0,48.0
27873,27873,194,13,30,1,0,23,114.0,40.0,40.0,74.0
27874,27874,194,13,40,1,0,23,67.0,22.0,22.0,45.0
27875,27875,194,13,50,1,0,23,84.0,35.0,35.0,49.0
27876,27876,194,14,0,1,0,23,84.0,45.0,45.0,39.0
27877,27877,194,14,10,1,0,23,88.0,39.0,39.0,49.0
27878,27878,194,14,20,1,0,23,57.0,24.0,24.0,33.0
27879,27879,194,14,30,1,0,23,73.0,31.0,31.0,42.0
27880,27880,194,14,40,1,0,23,78.0,46.0,46.0,32.0
27881,27881,194,14,50,1,0,23,73.0,37.0,37.0,36.0
27882,27882,194,15,0,1,0,23,106.0,60.0,60.0,46.0
27883,27883,194,15,10,1,0,23,108.0,50.0,50.0,58.0
27884,27884,194,15,20,1,0,23,89.0,40.0,40.0,49.0
27885,27885,194,15,30,1,0,23,97.0,61.0,61.0,36.0
27886,27886,194,15,40,1,0,23,91.0,43.0,43.0,48.0
27887,27887,194,15,50,1,0,23,72.0,44.0,44.0,28.0
27888,27888,194,16,0,1,0,23,119.0,69.0,69.0,50.0
27889,27889,194,16,10,1,0,23,121.0,60.0,60.0,61.0
27890,27890,194,16,20,1,0,23,150.0,76.0,76.0,74.0
27891,27891,194,16,30,1,0,23,187.0,84.0,84.0,103.0
27892,27892,194,16,40,1,0,23,185.0,75.0,75.0,110.0
27893,27893,194,16,50,1,0,23,171.0,83.0,83.0,88.0
27894,27894,194,17,0,1,0,23,183.0,108.0,108.0,75.0
27895,27895,194,17,10,1,0,23,222.0,99.0,99.0,123.0
27896,27896,194,17,20,1,0,23,247.0,132.0,132.0,115.0
27897,27897,194,17,30,1,0,23,291.0,141.0,141.0,150.0
27898,27898,194,17,40,1,0,23,325.0,129.0,129.0,196.0
27899,27899,194,17,50,1,0,23,338.0,187.0,187.0,151.0
27900,27900,194,18,0,1,0,23,286.0,218.0,218.0,68.0
27901,27901,194,18,10,1,0,23,225.0,159.0,159.0,66.0
27902,27902,194,18,20,1,0,23,298.0,218.0,218.0,80.0
27903,27903,194,18,30,1,0,23,251.0,194.0,194.0,57.0
27904,27904,194,18,40,1,0,23,276.0,219.0,219.0,57.0
27905,27905,194,18,50,1,0,23,239.0,200.0,200.0,39.0
27906,27906,194,19,0,1,0,23,237.0,182.0,182.0,55.0
27907,27907,194,19,10,1,0,23,239.0,209.0,209.0,30.0
27908,27908,194,19,20,1,0,23,216.0,170.0,170.0,46.0
27909,27909,194,19,30,1,0,23,175.0,141.0,141.0,34.0
27910,27910,194,19,40,1,0,23,172.0,143.0,143.0,29.0
27911,27911,194,19,50,1,0,23,159.0,127.0,127.0,32.0
27912,27912,194,20,0,1,0,23,137.0,98.0,98.0,39.0
27913,27913,194,20,10,1,0,23,99.0,79.0,79.0,20.0
27914,27914,194,20,20,1,0,23,104.0,89.0,89.0,15.0
27915,27915,194,20,30,1,0,23,96.0,79.0,79.0,17.0
27916,27916,194,20,40,1,0,23,100.0,76.0,76.0,24.0
27917,27917,194,20,50,1,0,23,79.0,57.0,57.0,22.0
27918,27918,194,21,0,1,0,23,101.0,75.0,75.0,26.0
27919,27919,194,21,10,1,0,23,110.0,85.0,85.0,25.0
27920,27920,194,21,20,1,0,23,92.0,67.0,67.0,25.0
27921,27921,194,21,30,1,0,23,65.0,52.0,52.0,13.0
27922,27922,194,21,40,1,0,23,83.0,61.0,61.0,22.0
27923,27923,194,21,50,1,0,23,66.0,54.0,54.0,12.0
27924,27924,194,22,0,1,0,23,52.0,40.0,40.0,12.0
27925,27925,194,22,10,1,0,23,86.0,85.0,85.0,1.0
27926,27926,194,22,20,1,0,23,42.0,40.0,40.0,2.0
27927,27927,194,22,30,1,0,23,40.0,39.0,39.0,1.0
27928,27928,194,22,40,1,0,23,18.0,17.0,17.0,1.0
27929,27929,194,22,50,1,0,23,0.0,0.0,0.0,0.0
27966,27966,195,5,0,1,0,23,0.0,0.0,0.0,0.0
27967,27967,195,5,10,1,0,23,0.0,0.0,0.0,0.0
27968,27968,195,5,20,1,0,23,0.0,0.0,0.0,0.0
27969,27969,195,5,30,1,0,23,0.0,0.0,0.0,0.0
27970,27970,195,5,40,1,0,23,3.0,0.0,0.0,3.0
27971,27971,195,5,50,1,0,23,8.0,0.0,0.0,8.0
27972,27972,195,6,0,1,0,23,6.0,0.0,0.0,6.0
27973,27973,195,6,10,1,0,23,17.0,3.0,3.0,14.0
27974,27974,195,6,20,1,0,23,62.0,14.0,14.0,48.0
27975,27975,195,6,30,1,0,23,70.0,15.0,15.0,55.0
27976,27976,195,6,40,1,0,23,80.0,13.0,13.0,67.0
27977,27977,195,6,50,1,0,23,93.0,28.0,28.0,65.0
27978,27978,195,7,0,1,0,23,160.0,44.0,44.0,116.0
27979,27979,195,7,10,1,0,23,185.0,41.0,41.0,144.0
27980,27980,195,7,20,1,0,23,182.0,37.0,37.0,145.0
27981,27981,195,7,30,1,0,23,227.0,41.0,41.0,186.0
27982,27982,195,7,40,1,0,23,243.0,47.0,47.0,196.0
27983,27983,195,7,50,1,0,23,249.0,48.0,48.0,201.0
27984,27984,195,8,0,1,0,23,277.0,68.0,68.0,209.0
27985,27985,195,8,10,1,0,23,276.0,82.0,82.0,194.0
27986,27986,195,8,20,1,0,23,280.0,89.0,89.0,191.0
27987,27987,195,8,30,1,0,23,226.0,58.0,58.0,168.0
27988,27988,195,8,40,1,0,23,184.0,68.0,68.0,116.0
27989,27989,195,8,50,1,0,23,178.0,50.0,50.0,128.0
27990,27990,195,9,0,1,0,23,129.0,33.0,33.0,96.0
27991,27991,195,9,10,1,0,23,101.0,30.0,30.0,71.0
27992,27992,195,9,20,1,0,23,74.0,19.0,19.0,55.0
27993,27993,195,9,30,1,0,23,53.0,19.0,19.0,34.0
27994,27994,195,9,40,1,0,23,74.0,22.0,22.0,52.0
27995,27995,195,9,50,1,0,23,53.0,17.0,17.0,36.0
27996,27996,195,10,0,1,0,23,50.0,11.0,11.0,39.0
27997,27997,195,10,10,1,0,23,41.0,13.0,13.0,28.0
27998,27998,195,10,20,1,0,23,49.0,18.0,18.0,31.0
27999,27999,195,10,30,1,0,23,43.0,14.0,14.0,29.0
28000,28000,195,10,40,1,0,23,40.0,13.0,13.0,27.0
28001,28001,195,10,50,1,0,23,50.0,24.0,24.0,26.0
28002,28002,195,11,0,1,0,23,35.0,19.0,19.0,16.0
28003,28003,195,11,10,1,0,23,28.0,8.0,8.0,20.0
28004,28004,195,11,20,1,0,23,36.0,10.0,10.0,26.0
28005,28005,195,11,30,1,0,23,25.0,8.0,8.0,17.0
28006,28006,195,11,40,1,0,23,41.0,14.0,14.0,27.0
28007,28007,195,11,50,1,0,23,34.0,15.0,15.0,19.0
28008,28008,195,12,0,1,0,23,45.0,12.0,12.0,33.0
28009,28009,195,12,10,1,0,23,39.0,17.0,17.0,22.0
28010,28010,195,12,20,1,0,23,35.0,15.0,15.0,20.0
28011,28011,195,12,30,1,0,23,35.0,21.0,21.0,14.0
28012,28012,195,12,40,1,0,23,45.0,17.0,17.0,28.0
28013,28013,195,12,50,1,0,23,34.0,14.0,14.0,20.0
28014,28014,195,13,0,1,0,23,36.0,22.0,22.0,14.0
28015,28015,195,13,10,1,0,23,34.0,17.0,17.0,17.0
28016,28016,195,13,20,1,0,23,39.0,18.0,18.0,21.0
28017,28017,195,13,30,1,0,23,42.0,25.0,25.0,17.0
28018,28018,195,13,40,1,0,23,26.0,11.0,11.0,15.0
28019,28019,195,13,50,1,0,23,47.0,19.0,19.0,28.0
28020,28020,195,14,0,1,0,23,44.0,22.0,22.0,22.0
28021,28021,195,14,10,1,0,23,26.0,10.0,10.0,16.0
28022,28022,195,14,20,1,0,23,33.0,18.0,18.0,15.0
28023,28023,195,14,30,1,0,23,33.0,17.0,17.0,16.0
28024,28024,195,14,40,1,0,23,36.0,19.0,19.0,17.0
28025,28025,195,14,50,1,0,23,33.0,21.0,21.0,12.0
28026,28026,195,15,0,1,0,23,38.0,20.0,20.0,18.0
28027,28027,195,15,10,1,0,23,32.0,7.0,7.0,25.0
28028,28028,195,15,20,1,0,23,55.0,32.0,32.0,23.0
28029,28029,195,15,30,1,0,23,84.0,31.0,31.0,53.0
28030,28030,195,15,40,1,0,23,56.0,22.0,22.0,34.0
28031,28031,195,15,50,1,0,23,75.0,43.0,43.0,32.0
28032,28032,195,16,0,1,0,23,60.0,27.0,27.0,33.0
28033,28033,195,16,10,1,0,23,43.0,17.0,17.0,26.0
28034,28034,195,16,20,1,0,23,67.0,36.0,36.0,31.0
28035,28035,195,16,30,1,0,23,103.0,62.0,62.0,41.0
28036,28036,195,16,40,1,0,23,90.0,23.0,23.0,67.0
28037,28037,195,16,50,1,0,23,109.0,49.0,49.0,60.0
28038,28038,195,17,0,1,0,23,124.0,68.0,68.0,56.0
28039,28039,195,17,10,1,0,23,146.0,58.0,58.0,88.0
28040,28040,195,17,20,1,0,23,158.0,87.0,87.0,71.0
28041,28041,195,17,30,1,0,23,137.0,73.0,73.0,64.0
28042,28042,195,17,40,1,0,23,176.0,98.0,98.0,78.0
28043,28043,195,17,50,1,0,23,186.0,117.0,117.0,69.0
28044,28044,195,18,0,1,0,23,171.0,121.0,121.0,50.0
28045,28045,195,18,10,1,0,23,150.0,91.0,91.0,59.0
28046,28046,195,18,20,1,0,23,143.0,97.0,97.0,46.0
28047,28047,195,18,30,1,0,23,131.0,103.0,103.0,28.0
28048,28048,195,18,40,1,0,23,146.0,117.0,117.0,29.0
28049,28049,195,18,50,1,0,23,123.0,86.0,86.0,37.0
28050,28050,195,19,0,1,0,23,116.0,104.0,104.0,12.0
28051,28051,195,19,10,1,0,23,105.0,81.0,81.0,24.0
28052,28052,195,19,20,1,0,23,94.0,79.0,79.0,15.0
28053,28053,195,19,30,1,0,23,79.0,69.0,69.0,10.0
28054,28054,195,19,40,1,0,23,75.0,60.0,60.0,15.0
28055,28055,195,19,50,1,0,23,74.0,61.0,61.0,13.0
28056,28056,195,20,0,1,0,23,57.0,46.0,46.0,11.0
28057,28057,195,20,10,1,0,23,69.0,48.0,48.0,21.0
28058,28058,195,20,20,1,0,23,64.0,49.0,49.0,15.0
28059,28059,195,20,30,1,0,23,52.0,40.0,40.0,12.0
28060,28060,195,20,40,1,0,23,61.0,44.0,44.0,17.0
28061,28061,195,20,50,1,0,23,38.0,25.0,25.0,13.0
28062,28062,195,21,0,1,0,23,56.0,41.0,41.0,15.0
28063,28063,195,21,10,1,0,23,50.0,36.0,36.0,14.0
28064,28064,195,21,20,1,0,23,30.0,26.0,26.0,4.0
28065,28065,195,21,30,1,0,23,49.0,40.0,40.0,9.0
28066,28066,195,21,40,1,0,23,49.0,41.0,41.0,8.0
28067,28067,195,21,50,1,0,23,29.0,23.0,23.0,6.0
28068,28068,195,22,0,1,0,23,54.0,51.0,51.0,3.0
28069,28069,195,22,10,1,0,23,21.0,18.0,18.0,3.0
28070,28070,195,22,20,1,0,23,30.0,29.0,29.0,1.0
28071,28071,195,22,30,1,0,23,5.0,5.0,5.0,0.0
28072,28072,195,22,40,1,0,23,0.0,0.0,0.0,0.0
28073,28073,195,22,50,1,0,23,0.0,0.0,0.0,0.0
28110,28110,196,5,0,1,0,23,0.0,0.0,0.0,0.0
28111,28111,196,5,10,1,0,23,0.0,0.0,0.0,0.0
28112,28112,196,5,20,1,0,23,0.0,0.0,0.0,0.0
28113,28113,196,5,30,1,0,23,0.0,0.0,0.0,0.0
28114,28114,196,5,40,1,0,23,0.0,0.0,0.0,0.0
28115,28115,196,5,50,1,0,23,44.0,0.0,0.0,44.0
28116,28116,196,6,0,1,0,23,91.0,1.0,1.0,90.0
28117,28117,196,6,10,1,0,23,123.0,21.0,21.0,102.0
28118,28118,196,6,20,1,0,23,126.0,16.0,16.0,110.0
28119,28119,196,6,30,1,0,23,208.0,48.0,48.0,160.0
28120,28120,196,6,40,1,0,23,344.0,66.0,66.0,278.0
28121,28121,196,6,50,1,0,23,318.0,82.0,82.0,236.0
28122,28122,196,7,0,1,0,23,457.0,85.0,85.0,372.0
28123,28123,196,7,10,1,0,23,572.0,112.0,112.0,460.0
28124,28124,196,7,20,1,0,23,598.0,146.0,146.0,452.0
28125,28125,196,7,30,1,0,23,801.0,205.0,205.0,596.0
28126,28126,196,7,40,1,0,23,672.0,207.0,207.0,465.0
28127,28127,196,7,50,1,0,23,747.0,235.0,235.0,512.0
28128,28128,196,8,0,1,0,23,654.0,170.0,170.0,484.0
28129,28129,196,8,10,1,0,23,660.0,238.0,238.0,422.0
28130,28130,196,8,20,1,0,23,613.0,217.0,217.0,396.0
28131,28131,196,8,30,1,0,23,555.0,220.0,220.0,335.0
28132,28132,196,8,40,1,0,23,429.0,185.0,185.0,244.0
28133,28133,196,8,50,1,0,23,318.0,135.0,135.0,183.0
28134,28134,196,9,0,1,0,23,263.0,114.0,114.0,149.0
28135,28135,196,9,10,1,0,23,276.0,122.0,122.0,154.0
28136,28136,196,9,20,1,0,23,274.0,144.0,144.0,130.0
28137,28137,196,9,30,1,0,23,185.0,83.0,83.0,102.0
28138,28138,196,9,40,1,0,23,166.0,77.0,77.0,89.0
28139,28139,196,9,50,1,0,23,127.0,56.0,56.0,71.0
28140,28140,196,10,0,1,0,23,165.0,87.0,87.0,78.0
28141,28141,196,10,10,1,0,23,141.0,83.0,83.0,58.0
28142,28142,196,10,20,1,0,23,134.0,48.0,48.0,86.0
28143,28143,196,10,30,1,0,23,113.0,57.0,57.0,56.0
28144,28144,196,10,40,1,0,23,138.0,50.0,50.0,88.0
28145,28145,196,10,50,1,0,23,110.0,49.0,49.0,61.0
28146,28146,196,11,0,1,0,23,127.0,37.0,37.0,90.0
28147,28147,196,11,10,1,0,23,149.0,105.0,105.0,44.0
28148,28148,196,11,20,1,0,23,130.0,54.0,54.0,76.0
28149,28149,196,11,30,1,0,23,126.0,58.0,58.0,68.0
28150,28150,196,11,40,1,0,23,138.0,69.0,69.0,69.0
28151,28151,196,11,50,1,0,23,108.0,43.0,43.0,65.0
28152,28152,196,12,0,1,0,23,173.0,79.0,79.0,94.0
28153,28153,196,12,10,1,0,23,151.0,68.0,68.0,83.0
28154,28154,196,12,20,1,0,23,156.0,51.0,51.0,105.0
28155,28155,196,12,30,1,0,23,109.0,30.0,30.0,79.0
28156,28156,196,12,40,1,0,23,183.0,95.0,95.0,88.0
28157,28157,196,12,50,1,0,23,116.0,52.0,52.0,64.0
28158,28158,196,13,0,1,0,23,176.0,87.0,87.0,89.0
28159,28159,196,13,10,1,0,23,158.0,72.0,72.0,86.0
28160,28160,196,13,20,1,0,23,116.0,56.0,56.0,60.0
28161,28161,196,13,30,1,0,23,103.0,41.0,41.0,62.0
28162,28162,196,13,40,1,0,23,139.0,67.0,67.0,72.0
28163,28163,196,13,50,1,0,23,145.0,79.0,79.0,66.0
28164,28164,196,14,0,1,0,23,130.0,50.0,50.0,80.0
28165,28165,196,14,10,1,0,23,117.0,71.0,71.0,46.0
28166,28166,196,14,20,1,0,23,136.0,43.0,43.0,93.0
28167,28167,196,14,30,1,0,23,124.0,72.0,72.0,52.0
28168,28168,196,14,40,1,0,23,160.0,93.0,93.0,67.0
28169,28169,196,14,50,1,0,23,98.0,56.0,56.0,42.0
28170,28170,196,15,0,1,0,23,215.0,128.0,128.0,87.0
28171,28171,196,15,10,1,0,23,177.0,105.0,105.0,72.0
28172,28172,196,15,20,1,0,23,169.0,69.0,69.0,100.0
28173,28173,196,15,30,1,0,23,189.0,89.0,89.0,100.0
28174,28174,196,15,40,1,0,23,218.0,114.0,114.0,104.0
28175,28175,196,15,50,1,0,23,197.0,106.0,106.0,91.0
28176,28176,196,16,0,1,0,23,213.0,105.0,105.0,108.0
28177,28177,196,16,10,1,0,23,254.0,151.0,151.0,103.0
28178,28178,196,16,20,1,0,23,206.0,92.0,92.0,114.0
28179,28179,196,16,30,1,0,23,302.0,146.0,146.0,156.0
28180,28180,196,16,40,1,0,23,327.0,155.0,155.0,172.0
28181,28181,196,16,50,1,0,23,286.0,144.0,144.0,142.0
28182,28182,196,17,0,1,0,23,398.0,209.0,209.0,189.0
28183,28183,196,17,10,1,0,23,436.0,204.0,204.0,232.0
28184,28184,196,17,20,1,0,23,580.0,253.0,253.0,327.0
28185,28185,196,17,30,1,0,23,467.0,261.0,261.0,206.0
28186,28186,196,17,40,1,0,23,449.0,242.0,242.0,207.0
28187,28187,196,17,50,1,0,23,409.0,245.0,245.0,164.0
28188,28188,196,18,0,1,0,23,494.0,332.0,332.0,162.0
28189,28189,196,18,10,1,0,23,514.0,284.0,284.0,230.0
28190,28190,196,18,20,1,0,23,402.0,263.0,263.0,139.0
28191,28191,196,18,30,1,0,23,395.0,264.0,264.0,131.0
28192,28192,196,18,40,1,0,23,405.0,278.0,278.0,127.0
28193,28193,196,18,50,1,0,23,371.0,295.0,295.0,76.0
28194,28194,196,19,0,1,0,23,344.0,280.0,280.0,64.0
28195,28195,196,19,10,1,0,23,328.0,266.0,266.0,62.0
28196,28196,196,19,20,1,0,23,323.0,261.0,261.0,62.0
28197,28197,196,19,30,1,0,23,289.0,227.0,227.0,62.0
28198,28198,196,19,40,1,0,23,278.0,219.0,219.0,59.0
28199,28199,196,19,50,1,0,23,238.0,177.0,177.0,61.0
28200,28200,196,20,0,1,0,23,165.0,127.0,127.0,38.0
28201,28201,196,20,10,1,0,23,193.0,145.0,145.0,48.0
28202,28202,196,20,20,1,0,23,159.0,120.0,120.0,39.0
28203,28203,196,20,30,1,0,23,181.0,131.0,131.0,50.0
28204,28204,196,20,40,1,0,23,142.0,102.0,102.0,40.0
28205,28205,196,20,50,1,0,23,182.0,103.0,103.0,79.0
28206,28206,196,21,0,1,0,23,164.0,130.0,130.0,34.0
28207,28207,196,21,10,1,0,23,115.0,76.0,76.0,39.0
28208,28208,196,21,20,1,0,23,154.0,128.0,128.0,26.0
28209,28209,196,21,30,1,0,23,154.0,111.0,111.0,43.0
28210,28210,196,21,40,1,0,23,127.0,105.0,105.0,22.0
28211,28211,196,21,50,1,0,23,138.0,118.0,118.0,20.0
28212,28212,196,22,0,1,0,23,72.0,56.0,56.0,16.0
28213,28213,196,22,10,1,0,23,140.0,127.0,127.0,13.0
28214,28214,196,22,20,1,0,23,114.0,113.0,113.0,1.0
28215,28215,196,22,30,1,0,23,33.0,29.0,29.0,4.0
28216,28216,196,22,40,1,0,23,95.0,95.0,95.0,0.0
28217,28217,196,22,50,1,0,23,0.0,0.0,0.0,0.0
28254,28254,197,5,0,1,0,23,0.0,0.0,0.0,0.0
28255,28255,197,5,10,1,0,23,0.0,0.0,0.0,0.0
28256,28256,197,5,20,1,0,23,0.0,0.0,0.0,0.0
28257,28257,197,5,30,1,0,23,1.0,1.0,1.0,0.0
28258,28258,197,5,40,1,0,23,11.0,0.0,0.0,11.0
28259,28259,197,5,50,1,0,23,65.0,0.0,0.0,65.0
28260,28260,197,6,0,1,0,23,110.0,0.0,0.0,110.0
28261,28261,197,6,10,1,0,23,67.0,0.0,0.0,67.0
28262,28262,197,6,20,1,0,23,119.0,6.0,6.0,113.0
28263,28263,197,6,30,1,0,23,144.0,13.0,13.0,131.0
28264,28264,197,6,40,1,0,23,173.0,9.0,9.0,164.0
28265,28265,197,6,50,1,0,23,167.0,23.0,23.0,144.0
28266,28266,197,7,0,1,0,23,306.0,48.0,48.0,258.0
28267,28267,197,7,10,1,0,23,350.0,108.0,108.0,242.0
28268,28268,197,7,20,1,0,23,415.0,127.0,127.0,288.0
28269,28269,197,7,30,1,0,23,435.0,127.0,127.0,308.0
28270,28270,197,7,40,1,0,23,493.0,213.0,213.0,280.0
28271,28271,197,7,50,1,0,23,493.0,232.0,232.0,261.0
28272,28272,197,8,0,1,0,23,351.0,113.0,113.0,238.0
28273,28273,197,8,10,1,0,23,293.0,77.0,77.0,216.0
28274,28274,197,8,20,1,0,23,244.0,86.0,86.0,158.0
28275,28275,197,8,30,1,0,23,151.0,42.0,42.0,109.0
28276,28276,197,8,40,1,0,23,155.0,33.0,33.0,122.0
28277,28277,197,8,50,1,0,23,116.0,28.0,28.0,88.0
28278,28278,197,9,0,1,0,23,82.0,30.0,30.0,52.0
28279,28279,197,9,10,1,0,23,66.0,16.0,16.0,50.0
28280,28280,197,9,20,1,0,23,93.0,42.0,42.0,51.0
28281,28281,197,9,30,1,0,23,62.0,21.0,21.0,41.0
28282,28282,197,9,40,1,0,23,59.0,31.0,31.0,28.0
28283,28283,197,9,50,1,0,23,56.0,20.0,20.0,36.0
28284,28284,197,10,0,1,0,23,32.0,10.0,10.0,22.0
28285,28285,197,10,10,1,0,23,57.0,26.0,26.0,31.0
28286,28286,197,10,20,1,0,23,44.0,25.0,25.0,19.0
28287,28287,197,10,30,1,0,23,42.0,12.0,12.0,30.0
28288,28288,197,10,40,1,0,23,33.0,16.0,16.0,17.0
28289,28289,197,10,50,1,0,23,54.0,19.0,19.0,35.0
28290,28290,197,11,0,1,0,23,40.0,12.0,12.0,28.0
28291,28291,197,11,10,1,0,23,29.0,11.0,11.0,18.0
28292,28292,197,11,20,1,0,23,43.0,15.0,15.0,28.0
28293,28293,197,11,30,1,0,23,45.0,13.0,13.0,32.0
28294,28294,197,11,40,1,0,23,57.0,32.0,32.0,25.0
28295,28295,197,11,50,1,0,23,66.0,27.0,27.0,39.0
28296,28296,197,12,0,1,0,23,43.0,15.0,15.0,28.0
28297,28297,197,12,10,1,0,23,59.0,16.0,16.0,43.0
28298,28298,197,12,20,1,0,23,49.0,22.0,22.0,27.0
28299,28299,197,12,30,1,0,23,41.0,4.0,4.0,37.0
28300,28300,197,12,40,1,0,23,51.0,14.0,14.0,37.0
28301,28301,197,12,50,1,0,23,47.0,28.0,28.0,19.0
28302,28302,197,13,0,1,0,23,40.0,12.0,12.0,28.0
28303,28303,197,13,10,1,0,23,60.0,32.0,32.0,28.0
28304,28304,197,13,20,1,0,23,58.0,25.0,25.0,33.0
28305,28305,197,13,30,1,0,23,28.0,12.0,12.0,16.0
28306,28306,197,13,40,1,0,23,51.0,20.0,20.0,31.0
28307,28307,197,13,50,1,0,23,51.0,25.0,25.0,26.0
28308,28308,197,14,0,1,0,23,26.0,9.0,9.0,17.0
28309,28309,197,14,10,1,0,23,59.0,30.0,30.0,29.0
28310,28310,197,14,20,1,0,23,55.0,24.0,24.0,31.0
28311,28311,197,14,30,1,0,23,39.0,20.0,20.0,19.0
28312,28312,197,14,40,1,0,23,39.0,13.0,13.0,26.0
28313,28313,197,14,50,1,0,23,58.0,33.0,33.0,25.0
28314,28314,197,15,0,1,0,23,62.0,20.0,20.0,42.0
28315,28315,197,15,10,1,0,23,70.0,35.0,35.0,35.0
28316,28316,197,15,20,1,0,23,95.0,47.0,47.0,48.0
28317,28317,197,15,30,1,0,23,46.0,15.0,15.0,31.0
28318,28318,197,15,40,1,0,23,75.0,42.0,42.0,33.0
28319,28319,197,15,50,1,0,23,146.0,36.0,36.0,110.0
28320,28320,197,16,0,1,0,23,165.0,41.0,41.0,124.0
28321,28321,197,16,10,1,0,23,114.0,40.0,40.0,74.0
28322,28322,197,16,20,1,0,23,107.0,54.0,54.0,53.0
28323,28323,197,16,30,1,0,23,143.0,25.0,25.0,118.0
28324,28324,197,16,40,1,0,23,185.0,67.0,67.0,118.0
28325,28325,197,16,50,1,0,23,193.0,57.0,57.0,136.0
28326,28326,197,17,0,1,0,23,118.0,53.0,53.0,65.0
28327,28327,197,17,10,1,0,23,140.0,67.0,67.0,73.0
28328,28328,197,17,20,1,0,23,165.0,97.0,97.0,68.0
28329,28329,197,17,30,1,0,23,189.0,107.0,107.0,82.0
28330,28330,197,17,40,1,0,23,145.0,84.0,84.0,61.0
28331,28331,197,17,50,1,0,23,180.0,106.0,106.0,74.0
28332,28332,197,18,0,1,0,23,186.0,125.0,125.0,61.0
28333,28333,197,18,10,1,0,23,144.0,113.0,113.0,31.0
28334,28334,197,18,20,1,0,23,170.0,131.0,131.0,39.0
28335,28335,197,18,30,1,0,23,211.0,158.0,158.0,53.0
28336,28336,197,18,40,1,0,23,154.0,137.0,137.0,17.0
28337,28337,197,18,50,1,0,23,147.0,117.0,117.0,30.0
28338,28338,197,19,0,1,0,23,171.0,148.0,148.0,23.0
28339,28339,197,19,10,1,0,23,144.0,117.0,117.0,27.0
28340,28340,197,19,20,1,0,23,117.0,104.0,104.0,13.0
28341,28341,197,19,30,1,0,23,132.0,105.0,105.0,27.0
28342,28342,197,19,40,1,0,23,83.0,63.0,63.0,20.0
28343,28343,197,19,50,1,0,23,113.0,96.0,96.0,17.0
28344,28344,197,20,0,1,0,23,74.0,59.0,59.0,15.0
28345,28345,197,20,10,1,0,23,77.0,65.0,65.0,12.0
28346,28346,197,20,20,1,0,23,86.0,66.0,66.0,20.0
28347,28347,197,20,30,1,0,23,54.0,39.0,39.0,15.0
28348,28348,197,20,40,1,0,23,71.0,56.0,56.0,15.0
28349,28349,197,20,50,1,0,23,55.0,47.0,47.0,8.0
28350,28350,197,21,0,1,0,23,47.0,40.0,40.0,7.0
28351,28351,197,21,10,1,0,23,31.0,22.0,22.0,9.0
28352,28352,197,21,20,1,0,23,52.0,48.0,48.0,4.0
28353,28353,197,21,30,1,0,23,40.0,34.0,34.0,6.0
28354,28354,197,21,40,1,0,23,33.0,23.0,23.0,10.0
28355,28355,197,21,50,1,0,23,42.0,35.0,35.0,7.0
28356,28356,197,22,0,1,0,23,43.0,41.0,41.0,2.0
28357,28357,197,22,10,1,0,23,14.0,14.0,14.0,0.0
28358,28358,197,22,20,1,0,23,41.0,41.0,41.0,0.0
28359,28359,197,22,30,1,0,23,39.0,38.0,38.0,1.0
28360,28360,197,22,40,1,0,23,32.0,32.0,32.0,0.0
28361,28361,197,22,50,1,0,23,11.0,11.0,11.0,0.0
28398,28398,198,5,0,1,0,23,0.0,0.0,0.0,0.0
28399,28399,198,5,10,1,0,23,0.0,0.0,0.0,0.0
28400,28400,198,5,20,1,0,23,0.0,0.0,0.0,0.0
28401,28401,198,5,30,1,0,23,0.0,0.0,0.0,0.0
28402,28402,198,5,40,1,0,23,0.0,0.0,0.0,0.0
28403,28403,198,5,50,1,0,23,12.0,0.0,0.0,12.0
28404,28404,198,6,0,1,0,23,36.0,0.0,0.0,36.0
28405,28405,198,6,10,1,0,23,41.0,5.0,5.0,36.0
28406,28406,198,6,20,1,0,23,57.0,8.0,8.0,49.0
28407,28407,198,6,30,1,0,23,123.0,14.0,14.0,109.0
28408,28408,198,6,40,1,0,23,139.0,25.0,25.0,114.0
28409,28409,198,6,50,1,0,23,184.0,34.0,34.0,150.0
28410,28410,198,7,0,1,0,23,240.0,49.0,49.0,191.0
28411,28411,198,7,10,1,0,23,308.0,75.0,75.0,233.0
28412,28412,198,7,20,1,0,23,326.0,92.0,92.0,234.0
28413,28413,198,7,30,1,0,23,372.0,106.0,106.0,266.0
28414,28414,198,7,40,1,0,23,412.0,121.0,121.0,291.0
28415,28415,198,7,50,1,0,23,380.0,117.0,117.0,263.0
28416,28416,198,8,0,1,0,23,401.0,165.0,165.0,236.0
28417,28417,198,8,10,1,0,23,348.0,151.0,151.0,197.0
28418,28418,198,8,20,1,0,23,309.0,122.0,122.0,187.0
28419,28419,198,8,30,1,0,23,256.0,79.0,79.0,177.0
28420,28420,198,8,40,1,0,23,205.0,86.0,86.0,119.0
28421,28421,198,8,50,1,0,23,193.0,86.0,86.0,107.0
28422,28422,198,9,0,1,0,23,142.0,57.0,57.0,85.0
28423,28423,198,9,10,1,0,23,92.0,27.0,27.0,65.0
28424,28424,198,9,20,1,0,23,102.0,40.0,40.0,62.0
28425,28425,198,9,30,1,0,23,92.0,45.0,45.0,47.0
28426,28426,198,9,40,1,0,23,69.0,37.0,37.0,32.0
28427,28427,198,9,50,1,0,23,61.0,16.0,16.0,45.0
28428,28428,198,10,0,1,0,23,85.0,58.0,58.0,27.0
28429,28429,198,10,10,1,0,23,43.0,24.0,24.0,19.0
28430,28430,198,10,20,1,0,23,77.0,43.0,43.0,34.0
28431,28431,198,10,30,1,0,23,55.0,29.0,29.0,26.0
28432,28432,198,10,40,1,0,23,84.0,41.0,41.0,43.0
28433,28433,198,10,50,1,0,23,64.0,44.0,44.0,20.0
28434,28434,198,11,0,1,0,23,38.0,16.0,16.0,22.0
28435,28435,198,11,10,1,0,23,90.0,62.0,62.0,28.0
28436,28436,198,11,20,1,0,23,72.0,35.0,35.0,37.0
28437,28437,198,11,30,1,0,23,82.0,20.0,20.0,62.0
28438,28438,198,11,40,1,0,23,88.0,43.0,43.0,45.0
28439,28439,198,11,50,1,0,23,72.0,40.0,40.0,32.0
28440,28440,198,12,0,1,0,23,52.0,12.0,12.0,40.0
28441,28441,198,12,10,1,0,23,75.0,32.0,32.0,43.0
28442,28442,198,12,20,1,0,23,61.0,24.0,24.0,37.0
28443,28443,198,12,30,1,0,23,67.0,13.0,13.0,54.0
28444,28444,198,12,40,1,0,23,71.0,34.0,34.0,37.0
28445,28445,198,12,50,1,0,23,103.0,51.0,51.0,52.0
28446,28446,198,13,0,1,0,23,73.0,37.0,37.0,36.0
28447,28447,198,13,10,1,0,23,78.0,34.0,34.0,44.0
28448,28448,198,13,20,1,0,23,74.0,48.0,48.0,26.0
28449,28449,198,13,30,1,0,23,34.0,15.0,15.0,19.0
28450,28450,198,13,40,1,0,23,71.0,42.0,42.0,29.0
28451,28451,198,13,50,1,0,23,72.0,33.0,33.0,39.0
28452,28452,198,14,0,1,0,23,45.0,19.0,19.0,26.0
28453,28453,198,14,10,1,0,23,41.0,26.0,26.0,15.0
28454,28454,198,14,20,1,0,23,63.0,37.0,37.0,26.0
28455,28455,198,14,30,1,0,23,55.0,29.0,29.0,26.0
28456,28456,198,14,40,1,0,23,59.0,29.0,29.0,30.0
28457,28457,198,14,50,1,0,23,77.0,52.0,52.0,25.0
28458,28458,198,15,0,1,0,23,51.0,23.0,23.0,28.0
28459,28459,198,15,10,1,0,23,74.0,46.0,46.0,28.0
28460,28460,198,15,20,1,0,23,73.0,48.0,48.0,25.0
28461,28461,198,15,30,1,0,23,36.0,15.0,15.0,21.0
28462,28462,198,15,40,1,0,23,98.0,56.0,56.0,42.0
28463,28463,198,15,50,1,0,23,108.0,44.0,44.0,64.0
28464,28464,198,16,0,1,0,23,105.0,31.0,31.0,74.0
28465,28465,198,16,10,1,0,23,130.0,75.0,75.0,55.0
28466,28466,198,16,20,1,0,23,124.0,67.0,67.0,57.0
28467,28467,198,16,30,1,0,23,124.0,69.0,69.0,55.0
28468,28468,198,16,40,1,0,23,96.0,41.0,41.0,55.0
28469,28469,198,16,50,1,0,23,138.0,82.0,82.0,56.0
28470,28470,198,17,0,1,0,23,167.0,76.0,76.0,91.0
28471,28471,198,17,10,1,0,23,205.0,93.0,93.0,112.0
28472,28472,198,17,20,1,0,23,212.0,127.0,127.0,85.0
28473,28473,198,17,30,1,0,23,210.0,121.0,121.0,89.0
28474,28474,198,17,40,1,0,23,229.0,125.0,125.0,104.0
28475,28475,198,17,50,1,0,23,196.0,114.0,114.0,82.0
28476,28476,198,18,0,1,0,23,215.0,148.0,148.0,67.0
28477,28477,198,18,10,1,0,23,281.0,199.0,199.0,82.0
28478,28478,198,18,20,1,0,23,180.0,127.0,127.0,53.0
28479,28479,198,18,30,1,0,23,199.0,148.0,148.0,51.0
28480,28480,198,18,40,1,0,23,185.0,153.0,153.0,32.0
28481,28481,198,18,50,1,0,23,200.0,174.0,174.0,26.0
28482,28482,198,19,0,1,0,23,176.0,145.0,145.0,31.0
28483,28483,198,19,10,1,0,23,191.0,160.0,160.0,31.0
28484,28484,198,19,20,1,0,23,176.0,157.0,157.0,19.0
28485,28485,198,19,30,1,0,23,151.0,138.0,138.0,13.0
28486,28486,198,19,40,1,0,23,143.0,117.0,117.0,26.0
28487,28487,198,19,50,1,0,23,121.0,102.0,102.0,19.0
28488,28488,198,20,0,1,0,23,98.0,77.0,77.0,21.0
28489,28489,198,20,10,1,0,23,102.0,83.0,83.0,19.0
28490,28490,198,20,20,1,0,23,114.0,100.0,100.0,14.0
28491,28491,198,20,30,1,0,23,87.0,65.0,65.0,22.0
28492,28492,198,20,40,1,0,23,72.0,54.0,54.0,18.0
28493,28493,198,20,50,1,0,23,63.0,51.0,51.0,12.0
28494,28494,198,21,0,1,0,23,115.0,96.0,96.0,19.0
28495,28495,198,21,10,1,0,23,70.0,55.0,55.0,15.0
28496,28496,198,21,20,1,0,23,79.0,68.0,68.0,11.0
28497,28497,198,21,30,1,0,23,97.0,90.0,90.0,7.0
28498,28498,198,21,40,1,0,23,52.0,44.0,44.0,8.0
28499,28499,198,21,50,1,0,23,58.0,52.0,52.0,6.0
28500,28500,198,22,0,1,0,23,61.0,54.0,54.0,7.0
28501,28501,198,22,10,1,0,23,44.0,42.0,42.0,2.0
28502,28502,198,22,20,1,0,23,70.0,69.0,69.0,1.0
28503,28503,198,22,30,1,0,23,27.0,25.0,25.0,2.0
28504,28504,198,22,40,1,0,23,60.0,60.0,60.0,0.0
28505,28505,198,22,50,1,0,23,0.0,0.0,0.0,0.0
28542,28542,199,5,0,1,0,23,0.0,0.0,0.0,0.0
28543,28543,199,5,10,1,0,23,0.0,0.0,0.0,0.0
28544,28544,199,5,20,1,0,23,0.0,0.0,0.0,0.0
28545,28545,199,5,30,1,0,23,1.0,1.0,1.0,0.0
28546,28546,199,5,40,1,0,23,1.0,1.0,1.0,0.0
28547,28547,199,5,50,1,0,23,35.0,0.0,0.0,35.0
28548,28548,199,6,0,1,0,23,110.0,0.0,0.0,110.0
28549,28549,199,6,10,1,0,23,142.0,6.0,6.0,136.0
28550,28550,199,6,20,1,0,23,119.0,12.0,12.0,107.0
28551,28551,199,6,30,1,0,23,156.0,5.0,5.0,151.0
28552,28552,199,6,40,1,0,23,220.0,35.0,35.0,185.0
28553,28553,199,6,50,1,0,23,238.0,23.0,23.0,215.0
28554,28554,199,7,0,1,0,23,354.0,73.0,73.0,281.0
28555,28555,199,7,10,1,0,23,431.0,97.0,97.0,334.0
28556,28556,199,7,20,1,0,23,492.0,137.0,137.0,355.0
28557,28557,199,7,30,1,0,23,509.0,101.0,101.0,408.0
28558,28558,199,7,40,1,0,23,451.0,57.0,57.0,394.0
28559,28559,199,7,50,1,0,23,404.0,36.0,36.0,368.0
28560,28560,199,8,0,1,0,23,379.0,37.0,37.0,342.0
28561,28561,199,8,10,1,0,23,389.0,60.0,60.0,329.0
28562,28562,199,8,20,1,0,23,290.0,49.0,49.0,241.0
28563,28563,199,8,30,1,0,23,261.0,41.0,41.0,220.0
28564,28564,199,8,40,1,0,23,189.0,31.0,31.0,158.0
28565,28565,199,8,50,1,0,23,187.0,39.0,39.0,148.0
28566,28566,199,9,0,1,0,23,162.0,33.0,33.0,129.0
28567,28567,199,9,10,1,0,23,121.0,25.0,25.0,96.0
28568,28568,199,9,20,1,0,23,123.0,34.0,34.0,89.0
28569,28569,199,9,30,1,0,23,110.0,48.0,48.0,62.0
28570,28570,199,9,40,1,0,23,102.0,34.0,34.0,68.0
28571,28571,199,9,50,1,0,23,85.0,27.0,27.0,58.0
28572,28572,199,10,0,1,0,23,97.0,53.0,53.0,44.0
28573,28573,199,10,10,1,0,23,72.0,21.0,21.0,51.0
28574,28574,199,10,20,1,0,23,86.0,40.0,40.0,46.0
28575,28575,199,10,30,1,0,23,91.0,50.0,50.0,41.0
28576,28576,199,10,40,1,0,23,71.0,33.0,33.0,38.0
28577,28577,199,10,50,1,0,23,54.0,16.0,16.0,38.0
28578,28578,199,11,0,1,0,23,55.0,22.0,22.0,33.0
28579,28579,199,11,10,1,0,23,70.0,22.0,22.0,48.0
28580,28580,199,11,20,1,0,23,81.0,32.0,32.0,49.0
28581,28581,199,11,30,1,0,23,78.0,35.0,35.0,43.0
28582,28582,199,11,40,1,0,23,83.0,44.0,44.0,39.0
28583,28583,199,11,50,1,0,23,70.0,26.0,26.0,44.0
28584,28584,199,12,0,1,0,23,112.0,45.0,45.0,67.0
28585,28585,199,12,10,1,0,23,78.0,22.0,22.0,56.0
28586,28586,199,12,20,1,0,23,101.0,32.0,32.0,69.0
28587,28587,199,12,30,1,0,23,60.0,23.0,23.0,37.0
28588,28588,199,12,40,1,0,23,99.0,39.0,39.0,60.0
28589,28589,199,12,50,1,0,23,73.0,29.0,29.0,44.0
28590,28590,199,13,0,1,0,23,93.0,45.0,45.0,48.0
28591,28591,199,13,10,1,0,23,78.0,42.0,42.0,36.0
28592,28592,199,13,20,1,0,23,77.0,35.0,35.0,42.0
28593,28593,199,13,30,1,0,23,78.0,42.0,42.0,36.0
28594,28594,199,13,40,1,0,23,46.0,18.0,18.0,28.0
28595,28595,199,13,50,1,0,23,72.0,35.0,35.0,37.0
28596,28596,199,14,0,1,0,23,74.0,38.0,38.0,36.0
28597,28597,199,14,10,1,0,23,66.0,38.0,38.0,28.0
28598,28598,199,14,20,1,0,23,56.0,20.0,20.0,36.0
28599,28599,199,14,30,1,0,23,88.0,42.0,42.0,46.0
28600,28600,199,14,40,1,0,23,100.0,61.0,61.0,39.0
28601,28601,199,14,50,1,0,23,57.0,37.0,37.0,20.0
28602,28602,199,15,0,1,0,23,100.0,60.0,60.0,40.0
28603,28603,199,15,10,1,0,23,63.0,32.0,32.0,31.0
28604,28604,199,15,20,1,0,23,114.0,84.0,84.0,30.0
28605,28605,199,15,30,1,0,23,79.0,56.0,56.0,23.0
28606,28606,199,15,40,1,0,23,88.0,57.0,57.0,31.0
28607,28607,199,15,50,1,0,23,114.0,69.0,69.0,45.0
28608,28608,199,16,0,1,0,23,109.0,75.0,75.0,34.0
28609,28609,199,16,10,1,0,23,110.0,51.0,51.0,59.0
28610,28610,199,16,20,1,0,23,159.0,107.0,107.0,52.0
28611,28611,199,16,30,1,0,23,160.0,94.0,94.0,66.0
28612,28612,199,16,40,1,0,23,322.0,139.0,139.0,183.0
28613,28613,199,16,50,1,0,23,188.0,112.0,112.0,76.0
28614,28614,199,17,0,1,0,23,208.0,104.0,104.0,104.0
28615,28615,199,17,10,1,0,23,265.0,185.0,185.0,80.0
28616,28616,199,17,20,1,0,23,268.0,191.0,191.0,77.0
28617,28617,199,17,30,1,0,23,215.0,162.0,162.0,53.0
28618,28618,199,17,40,1,0,23,233.0,160.0,160.0,73.0
28619,28619,199,17,50,1,0,23,208.0,176.0,176.0,32.0
28620,28620,199,18,0,1,0,23,251.0,198.0,198.0,53.0
28621,28621,199,18,10,1,0,23,261.0,216.0,216.0,45.0
28622,28622,199,18,20,1,0,23,191.0,167.0,167.0,24.0
28623,28623,199,18,30,1,0,23,199.0,176.0,176.0,23.0
28624,28624,199,18,40,1,0,23,202.0,178.0,178.0,24.0
28625,28625,199,18,50,1,0,23,178.0,149.0,149.0,29.0
28626,28626,199,19,0,1,0,23,255.0,231.0,231.0,24.0
28627,28627,199,19,10,1,0,23,134.0,115.0,115.0,19.0
28628,28628,199,19,20,1,0,23,216.0,186.0,186.0,30.0
28629,28629,199,19,30,1,0,23,202.0,175.0,175.0,27.0
28630,28630,199,19,40,1,0,23,173.0,142.0,142.0,31.0
28631,28631,199,19,50,1,0,23,175.0,145.0,145.0,30.0
28632,28632,199,20,0,1,0,23,120.0,85.0,85.0,35.0
28633,28633,199,20,10,1,0,23,110.0,72.0,72.0,38.0
28634,28634,199,20,20,1,0,23,113.0,80.0,80.0,33.0
28635,28635,199,20,30,1,0,23,117.0,75.0,75.0,42.0
28636,28636,199,20,40,1,0,23,88.0,59.0,59.0,29.0
28637,28637,199,20,50,1,0,23,58.0,35.0,35.0,23.0
28638,28638,199,21,0,1,0,23,105.0,82.0,82.0,23.0
28639,28639,199,21,10,1,0,23,92.0,70.0,70.0,22.0
28640,28640,199,21,20,1,0,23,78.0,53.0,53.0,25.0
28641,28641,199,21,30,1,0,23,81.0,62.0,62.0,19.0
28642,28642,199,21,40,1,0,23,99.0,76.0,76.0,23.0
28643,28643,199,21,50,1,0,23,33.0,21.0,21.0,12.0
28644,28644,199,22,0,1,0,23,73.0,64.0,64.0,9.0
28645,28645,199,22,10,1,0,23,66.0,66.0,66.0,0.0
28646,28646,199,22,20,1,0,23,51.0,49.0,49.0,2.0
28647,28647,199,22,30,1,0,23,31.0,31.0,31.0,0.0
28648,28648,199,22,40,1,0,23,44.0,42.0,42.0,2.0
28649,28649,199,22,50,1,0,23,10.0,10.0,10.0,0.0
28686,28686,200,5,0,1,0,23,0.0,0.0,0.0,0.0
28687,28687,200,5,10,1,0,23,0.0,0.0,0.0,0.0
28688,28688,200,5,20,1,0,23,0.0,0.0,0.0,0.0
28689,28689,200,5,30,1,0,23,1.0,1.0,1.0,0.0
28690,28690,200,5,40,1,0,23,16.0,0.0,0.0,16.0
28691,28691,200,5,50,1,0,23,58.0,0.0,0.0,58.0
28692,28692,200,6,0,1,0,23,42.0,0.0,0.0,42.0
28693,28693,200,6,10,1,0,23,41.0,0.0,0.0,41.0
28694,28694,200,6,20,1,0,23,70.0,10.0,10.0,60.0
28695,28695,200,6,30,1,0,23,71.0,8.0,8.0,63.0
28696,28696,200,6,40,1,0,23,101.0,26.0,26.0,75.0
28697,28697,200,6,50,1,0,23,138.0,42.0,42.0,96.0
28698,28698,200,7,0,1,0,23,201.0,88.0,88.0,113.0
28699,28699,200,7,10,1,0,23,213.0,55.0,55.0,158.0
28700,28700,200,7,20,1,0,23,232.0,68.0,68.0,164.0
28701,28701,200,7,30,1,0,23,310.0,139.0,139.0,171.0
28702,28702,200,7,40,1,0,23,237.0,95.0,95.0,142.0
28703,28703,200,7,50,1,0,23,219.0,91.0,91.0,128.0
28704,28704,200,8,0,1,0,23,228.0,104.0,104.0,124.0
28705,28705,200,8,10,1,0,23,227.0,127.0,127.0,100.0
28706,28706,200,8,20,1,0,23,252.0,163.0,163.0,89.0
28707,28707,200,8,30,1,0,23,199.0,134.0,134.0,65.0
28708,28708,200,8,40,1,0,23,177.0,120.0,120.0,57.0
28709,28709,200,8,50,1,0,23,121.0,81.0,81.0,40.0
28710,28710,200,9,0,1,0,23,99.0,63.0,63.0,36.0
28711,28711,200,9,10,1,0,23,83.0,53.0,53.0,30.0
28712,28712,200,9,20,1,0,23,54.0,26.0,26.0,28.0
28713,28713,200,9,30,1,0,23,68.0,36.0,36.0,32.0
28714,28714,200,9,40,1,0,23,44.0,27.0,27.0,17.0
28715,28715,200,9,50,1,0,23,41.0,22.0,22.0,19.0
28716,28716,200,10,0,1,0,23,17.0,5.0,5.0,12.0
28717,28717,200,10,10,1,0,23,40.0,27.0,27.0,13.0
28718,28718,200,10,20,1,0,23,36.0,16.0,16.0,20.0
28719,28719,200,10,30,1,0,23,51.0,32.0,32.0,19.0
28720,28720,200,10,40,1,0,23,28.0,13.0,13.0,15.0
28721,28721,200,10,50,1,0,23,50.0,24.0,24.0,26.0
28722,28722,200,11,0,1,0,23,34.0,27.0,27.0,7.0
28723,28723,200,11,10,1,0,23,23.0,7.0,7.0,16.0
28724,28724,200,11,20,1,0,23,54.0,27.0,27.0,27.0
28725,28725,200,11,30,1,0,23,44.0,16.0,16.0,28.0
28726,28726,200,11,40,1,0,23,23.0,5.0,5.0,18.0
28727,28727,200,11,50,1,0,23,46.0,19.0,19.0,27.0
28728,28728,200,12,0,1,0,23,46.0,19.0,19.0,27.0
28729,28729,200,12,10,1,0,23,41.0,18.0,18.0,23.0
28730,28730,200,12,20,1,0,23,24.0,9.0,9.0,15.0
28731,28731,200,12,30,1,0,23,52.0,23.0,23.0,29.0
28732,28732,200,12,40,1,0,23,25.0,6.0,6.0,19.0
28733,28733,200,12,50,1,0,23,31.0,13.0,13.0,18.0
28734,28734,200,13,0,1,0,23,39.0,22.0,22.0,17.0
28735,28735,200,13,10,1,0,23,32.0,13.0,13.0,19.0
28736,28736,200,13,20,1,0,23,55.0,23.0,23.0,32.0
28737,28737,200,13,30,1,0,23,35.0,14.0,14.0,21.0
28738,28738,200,13,40,1,0,23,10.0,3.0,3.0,7.0
28739,28739,200,13,50,1,0,23,38.0,21.0,21.0,17.0
28740,28740,200,14,0,1,0,23,40.0,19.0,19.0,21.0
28741,28741,200,14,10,1,0,23,24.0,9.0,9.0,15.0
28742,28742,200,14,20,1,0,23,35.0,21.0,21.0,14.0
28743,28743,200,14,30,1,0,23,25.0,14.0,14.0,11.0
28744,28744,200,14,40,1,0,23,45.0,20.0,20.0,25.0
28745,28745,200,14,50,1,0,23,29.0,9.0,9.0,20.0
28746,28746,200,15,0,1,0,23,33.0,21.0,21.0,12.0
28747,28747,200,15,10,1,0,23,33.0,18.0,18.0,15.0
28748,28748,200,15,20,1,0,23,58.0,27.0,27.0,31.0
28749,28749,200,15,30,1,0,23,50.0,28.0,28.0,22.0
28750,28750,200,15,40,1,0,23,39.0,17.0,17.0,22.0
28751,28751,200,15,50,1,0,23,65.0,30.0,30.0,35.0
28752,28752,200,16,0,1,0,23,134.0,36.0,36.0,98.0
28753,28753,200,16,10,1,0,23,114.0,18.0,18.0,96.0
28754,28754,200,16,20,1,0,23,111.0,43.0,43.0,68.0
28755,28755,200,16,30,1,0,23,89.0,14.0,14.0,75.0
28756,28756,200,16,40,1,0,23,128.0,67.0,67.0,61.0
28757,28757,200,16,50,1,0,23,145.0,19.0,19.0,126.0
28758,28758,200,17,0,1,0,23,132.0,29.0,29.0,103.0
28759,28759,200,17,10,1,0,23,177.0,55.0,55.0,122.0
28760,28760,200,17,20,1,0,23,138.0,45.0,45.0,93.0
28761,28761,200,17,30,1,0,23,134.0,61.0,61.0,73.0
28762,28762,200,17,40,1,0,23,158.0,57.0,57.0,101.0
28763,28763,200,17,50,1,0,23,132.0,78.0,78.0,54.0
28764,28764,200,18,0,1,0,23,120.0,71.0,71.0,49.0
28765,28765,200,18,10,1,0,23,107.0,72.0,72.0,35.0
28766,28766,200,18,20,1,0,23,100.0,73.0,73.0,27.0
28767,28767,200,18,30,1,0,23,94.0,79.0,79.0,15.0
28768,28768,200,18,40,1,0,23,92.0,66.0,66.0,26.0
28769,28769,200,18,50,1,0,23,101.0,76.0,76.0,25.0
28770,28770,200,19,0,1,0,23,92.0,65.0,65.0,27.0
28771,28771,200,19,10,1,0,23,70.0,56.0,56.0,14.0
28772,28772,200,19,20,1,0,23,94.0,81.0,81.0,13.0
28773,28773,200,19,30,1,0,23,62.0,59.0,59.0,3.0
28774,28774,200,19,40,1,0,23,73.0,59.0,59.0,14.0
28775,28775,200,19,50,1,0,23,61.0,52.0,52.0,9.0
28776,28776,200,20,0,1,0,23,62.0,45.0,45.0,17.0
28777,28777,200,20,10,1,0,23,46.0,31.0,31.0,15.0
28778,28778,200,20,20,1,0,23,47.0,35.0,35.0,12.0
28779,28779,200,20,30,1,0,23,47.0,39.0,39.0,8.0
28780,28780,200,20,40,1,0,23,31.0,26.0,26.0,5.0
28781,28781,200,20,50,1,0,23,50.0,44.0,44.0,6.0
28782,28782,200,21,0,1,0,23,45.0,30.0,30.0,15.0
28783,28783,200,21,10,1,0,23,53.0,46.0,46.0,7.0
28784,28784,200,21,20,1,0,23,25.0,19.0,19.0,6.0
28785,28785,200,21,30,1,0,23,45.0,41.0,41.0,4.0
28786,28786,200,21,40,1,0,23,47.0,45.0,45.0,2.0
28787,28787,200,21,50,1,0,23,26.0,22.0,22.0,4.0
28788,28788,200,22,0,1,0,23,22.0,22.0,22.0,0.0
28789,28789,200,22,10,1,0,23,33.0,32.0,32.0,1.0
28790,28790,200,22,20,1,0,23,26.0,26.0,26.0,0.0
28791,28791,200,22,30,1,0,23,31.0,31.0,31.0,0.0
28792,28792,200,22,40,1,0,23,13.0,13.0,13.0,0.0
28793,28793,200,22,50,1,0,23,19.0,17.0,17.0,2.0
28830,28830,201,5,0,1,0,23,0.0,0.0,0.0,0.0
28831,28831,201,5,10,1,0,23,0.0,0.0,0.0,0.0
28832,28832,201,5,20,1,0,23,0.0,0.0,0.0,0.0
28833,28833,201,5,30,1,0,23,0.0,0.0,0.0,0.0
28834,28834,201,5,40,1,0,23,2.0,0.0,0.0,2.0
28835,28835,201,5,50,1,0,23,9.0,0.0,0.0,9.0
28836,28836,201,6,0,1,0,23,6.0,0.0,0.0,6.0
28837,28837,201,6,10,1,0,23,3.0,0.0,0.0,3.0
28838,28838,201,6,20,1,0,23,25.0,9.0,9.0,16.0
28839,28839,201,6,30,1,0,23,33.0,18.0,18.0,15.0
28840,28840,201,6,40,1,0,23,22.0,4.0,4.0,18.0
28841,28841,201,6,50,1,0,23,29.0,19.0,19.0,10.0
28842,28842,201,7,0,1,0,23,45.0,25.0,25.0,20.0
28843,28843,201,7,10,1,0,23,105.0,71.0,71.0,34.0
28844,28844,201,7,20,1,0,23,113.0,64.0,64.0,49.0
28845,28845,201,7,30,1,0,23,109.0,80.0,80.0,29.0
28846,28846,201,7,40,1,0,23,130.0,105.0,105.0,25.0
28847,28847,201,7,50,1,0,23,161.0,123.0,123.0,38.0
28848,28848,201,8,0,1,0,23,144.0,119.0,119.0,25.0
28849,28849,201,8,10,1,0,23,272.0,240.0,240.0,32.0
28850,28850,201,8,20,1,0,23,190.0,172.0,172.0,18.0
28851,28851,201,8,30,1,0,23,164.0,152.0,152.0,12.0
28852,28852,201,8,40,1,0,23,137.0,124.0,124.0,13.0
28853,28853,201,8,50,1,0,23,149.0,141.0,141.0,8.0
28854,28854,201,9,0,1,0,23,84.0,75.0,75.0,9.0
28855,28855,201,9,10,1,0,23,66.0,63.0,63.0,3.0
28856,28856,201,9,20,1,0,23,53.0,48.0,48.0,5.0
28857,28857,201,9,30,1,0,23,56.0,47.0,47.0,9.0
28858,28858,201,9,40,1,0,23,47.0,36.0,36.0,11.0
28859,28859,201,9,50,1,0,23,40.0,28.0,28.0,12.0
28860,28860,201,10,0,1,0,23,26.0,18.0,18.0,8.0
28861,28861,201,10,10,1,0,23,24.0,12.0,12.0,12.0
28862,28862,201,10,20,1,0,23,10.0,7.0,7.0,3.0
28863,28863,201,10,30,1,0,23,25.0,17.0,17.0,8.0
28864,28864,201,10,40,1,0,23,27.0,12.0,12.0,15.0
28865,28865,201,10,50,1,0,23,20.0,13.0,13.0,7.0
28866,28866,201,11,0,1,0,23,8.0,0.0,0.0,8.0
28867,28867,201,11,10,1,0,23,20.0,5.0,5.0,15.0
28868,28868,201,11,20,1,0,23,21.0,10.0,10.0,11.0
28869,28869,201,11,30,1,0,23,24.0,9.0,9.0,15.0
28870,28870,201,11,40,1,0,23,27.0,16.0,16.0,11.0
28871,28871,201,11,50,1,0,23,17.0,4.0,4.0,13.0
28872,28872,201,12,0,1,0,23,33.0,12.0,12.0,21.0
28873,28873,201,12,10,1,0,23,15.0,3.0,3.0,12.0
28874,28874,201,12,20,1,0,23,21.0,2.0,2.0,19.0
28875,28875,201,12,30,1,0,23,27.0,8.0,8.0,19.0
28876,28876,201,12,40,1,0,23,44.0,13.0,13.0,31.0
28877,28877,201,12,50,1,0,23,31.0,11.0,11.0,20.0
28878,28878,201,13,0,1,0,23,25.0,11.0,11.0,14.0
28879,28879,201,13,10,1,0,23,21.0,8.0,8.0,13.0
28880,28880,201,13,20,1,0,23,30.0,11.0,11.0,19.0
28881,28881,201,13,30,1,0,23,34.0,22.0,22.0,12.0
28882,28882,201,13,40,1,0,23,30.0,13.0,13.0,17.0
28883,28883,201,13,50,1,0,23,19.0,7.0,7.0,12.0
28884,28884,201,14,0,1,0,23,21.0,10.0,10.0,11.0
28885,28885,201,14,10,1,0,23,22.0,7.0,7.0,15.0
28886,28886,201,14,20,1,0,23,16.0,4.0,4.0,12.0
28887,28887,201,14,30,1,0,23,14.0,6.0,6.0,8.0
28888,28888,201,14,40,1,0,23,22.0,7.0,7.0,15.0
28889,28889,201,14,50,1,0,23,14.0,3.0,3.0,11.0
28890,28890,201,15,0,1,0,23,30.0,8.0,8.0,22.0
28891,28891,201,15,10,1,0,23,21.0,12.0,12.0,9.0
28892,28892,201,15,20,1,0,23,26.0,5.0,5.0,21.0
28893,28893,201,15,30,1,0,23,28.0,11.0,11.0,17.0
28894,28894,201,15,40,1,0,23,28.0,5.0,5.0,23.0
28895,28895,201,15,50,1,0,23,35.0,7.0,7.0,28.0
28896,28896,201,16,0,1,0,23,57.0,13.0,13.0,44.0
28897,28897,201,16,10,1,0,23,44.0,10.0,10.0,34.0
28898,28898,201,16,20,1,0,23,27.0,4.0,4.0,23.0
28899,28899,201,16,30,1,0,23,80.0,7.0,7.0,73.0
28900,28900,201,16,40,1,0,23,105.0,10.0,10.0,95.0
28901,28901,201,16,50,1,0,23,96.0,6.0,6.0,90.0
28902,28902,201,17,0,1,0,23,176.0,5.0,5.0,171.0
28903,28903,201,17,10,1,0,23,188.0,14.0,14.0,174.0
28904,28904,201,17,20,1,0,23,237.0,5.0,5.0,232.0
28905,28905,201,17,30,1,0,23,126.0,12.0,12.0,114.0
28906,28906,201,17,40,1,0,23,80.0,8.0,8.0,72.0
28907,28907,201,17,50,1,0,23,60.0,9.0,9.0,51.0
28908,28908,201,18,0,1,0,23,62.0,17.0,17.0,45.0
28909,28909,201,18,10,1,0,23,64.0,21.0,21.0,43.0
28910,28910,201,18,20,1,0,23,30.0,12.0,12.0,18.0
28911,28911,201,18,30,1,0,23,46.0,25.0,25.0,21.0
28912,28912,201,18,40,1,0,23,40.0,12.0,12.0,28.0
28913,28913,201,18,50,1,0,23,32.0,14.0,14.0,18.0
28914,28914,201,19,0,1,0,23,20.0,9.0,9.0,11.0
28915,28915,201,19,10,1,0,23,44.0,20.0,20.0,24.0
28916,28916,201,19,20,1,0,23,23.0,8.0,8.0,15.0
28917,28917,201,19,30,1,0,23,52.0,25.0,25.0,27.0
28918,28918,201,19,40,1,0,23,17.0,7.0,7.0,10.0
28919,28919,201,19,50,1,0,23,14.0,11.0,11.0,3.0
28920,28920,201,20,0,1,0,23,30.0,7.0,7.0,23.0
28921,28921,201,20,10,1,0,23,56.0,17.0,17.0,39.0
28922,28922,201,20,20,1,0,23,18.0,5.0,5.0,13.0
28923,28923,201,20,30,1,0,23,13.0,3.0,3.0,10.0
28924,28924,201,20,40,1,0,23,16.0,12.0,12.0,4.0
28925,28925,201,20,50,1,0,23,27.0,13.0,13.0,14.0
28926,28926,201,21,0,1,0,23,4.0,1.0,1.0,3.0
28927,28927,201,21,10,1,0,23,14.0,5.0,5.0,9.0
28928,28928,201,21,20,1,0,23,9.0,6.0,6.0,3.0
28929,28929,201,21,30,1,0,23,12.0,7.0,7.0,5.0
28930,28930,201,21,40,1,0,23,5.0,4.0,4.0,1.0
28931,28931,201,21,50,1,0,23,7.0,3.0,3.0,4.0
28932,28932,201,22,0,1,0,23,3.0,3.0,3.0,0.0
28933,28933,201,22,10,1,0,23,7.0,7.0,7.0,0.0
28934,28934,201,22,20,1,0,23,9.0,9.0,9.0,0.0
28935,28935,201,22,30,1,0,23,5.0,4.0,4.0,1.0
28936,28936,201,22,40,1,0,23,14.0,14.0,14.0,0.0
28937,28937,201,22,50,1,0,23,0.0,0.0,0.0,0.0
28974,28974,202,5,0,1,0,23,0.0,0.0,0.0,0.0
28975,28975,202,5,10,1,0,23,0.0,0.0,0.0,0.0
28976,28976,202,5,20,1,0,23,0.0,0.0,0.0,0.0
28977,28977,202,5,30,1,0,23,0.0,0.0,0.0,0.0
28978,28978,202,5,40,1,0,23,0.0,0.0,0.0,0.0
28979,28979,202,5,50,1,0,23,5.0,0.0,0.0,5.0
28980,28980,202,6,0,1,0,23,11.0,0.0,0.0,11.0
28981,28981,202,6,10,1,0,23,24.0,3.0,3.0,21.0
28982,28982,202,6,20,1,0,23,38.0,8.0,8.0,30.0
28983,28983,202,6,30,1,0,23,68.0,8.0,8.0,60.0
28984,28984,202,6,40,1,0,23,97.0,9.0,9.0,88.0
28985,28985,202,6,50,1,0,23,99.0,20.0,20.0,79.0
28986,28986,202,7,0,1,0,23,123.0,41.0,41.0,82.0
28987,28987,202,7,10,1,0,23,180.0,50.0,50.0,130.0
28988,28988,202,7,20,1,0,23,250.0,82.0,82.0,168.0
28989,28989,202,7,30,1,0,23,294.0,113.0,113.0,181.0
28990,28990,202,7,40,1,0,23,357.0,139.0,139.0,218.0
28991,28991,202,7,50,1,0,23,389.0,159.0,159.0,230.0
28992,28992,202,8,0,1,0,23,483.0,301.0,301.0,182.0
28993,28993,202,8,10,1,0,23,552.0,362.0,362.0,190.0
28994,28994,202,8,20,1,0,23,426.0,263.0,263.0,163.0
28995,28995,202,8,30,1,0,23,417.0,276.0,276.0,141.0
28996,28996,202,8,40,1,0,23,411.0,304.0,304.0,107.0
28997,28997,202,8,50,1,0,23,282.0,195.0,195.0,87.0
28998,28998,202,9,0,1,0,23,186.0,100.0,100.0,86.0
28999,28999,202,9,10,1,0,23,141.0,67.0,67.0,74.0
29000,29000,202,9,20,1,0,23,93.0,45.0,45.0,48.0
29001,29001,202,9,30,1,0,23,71.0,39.0,39.0,32.0
29002,29002,202,9,40,1,0,23,75.0,37.0,37.0,38.0
29003,29003,202,9,50,1,0,23,96.0,45.0,45.0,51.0
29004,29004,202,10,0,1,0,23,45.0,24.0,24.0,21.0
29005,29005,202,10,10,1,0,23,63.0,33.0,33.0,30.0
29006,29006,202,10,20,1,0,23,45.0,25.0,25.0,20.0
29007,29007,202,10,30,1,0,23,50.0,20.0,20.0,30.0
29008,29008,202,10,40,1,0,23,42.0,21.0,21.0,21.0
29009,29009,202,10,50,1,0,23,33.0,12.0,12.0,21.0
29010,29010,202,11,0,1,0,23,59.0,25.0,25.0,34.0
29011,29011,202,11,10,1,0,23,31.0,16.0,16.0,15.0
29012,29012,202,11,20,1,0,23,42.0,12.0,12.0,30.0
29013,29013,202,11,30,1,0,23,37.0,14.0,14.0,23.0
29014,29014,202,11,40,1,0,23,23.0,7.0,7.0,16.0
29015,29015,202,11,50,1,0,23,44.0,14.0,14.0,30.0
29016,29016,202,12,0,1,0,23,56.0,23.0,23.0,33.0
29017,29017,202,12,10,1,0,23,43.0,13.0,13.0,30.0
29018,29018,202,12,20,1,0,23,29.0,3.0,3.0,26.0
29019,29019,202,12,30,1,0,23,62.0,28.0,28.0,34.0
29020,29020,202,12,40,1,0,23,43.0,17.0,17.0,26.0
29021,29021,202,12,50,1,0,23,51.0,22.0,22.0,29.0
29022,29022,202,13,0,1,0,23,62.0,26.0,26.0,36.0
29023,29023,202,13,10,1,0,23,49.0,31.0,31.0,18.0
29024,29024,202,13,20,1,0,23,48.0,23.0,23.0,25.0
29025,29025,202,13,30,1,0,23,57.0,37.0,37.0,20.0
29026,29026,202,13,40,1,0,23,66.0,30.0,30.0,36.0
29027,29027,202,13,50,1,0,23,42.0,23.0,23.0,19.0
29028,29028,202,14,0,1,0,23,41.0,16.0,16.0,25.0
29029,29029,202,14,10,1,0,23,37.0,15.0,15.0,22.0
29030,29030,202,14,20,1,0,23,47.0,15.0,15.0,32.0
29031,29031,202,14,30,1,0,23,61.0,34.0,34.0,27.0
29032,29032,202,14,40,1,0,23,42.0,18.0,18.0,24.0
29033,29033,202,14,50,1,0,23,48.0,25.0,25.0,23.0
29034,29034,202,15,0,1,0,23,49.0,18.0,18.0,31.0
29035,29035,202,15,10,1,0,23,68.0,31.0,31.0,37.0
29036,29036,202,15,20,1,0,23,48.0,23.0,23.0,25.0
29037,29037,202,15,30,1,0,23,68.0,38.0,38.0,30.0
29038,29038,202,15,40,1,0,23,77.0,40.0,40.0,37.0
29039,29039,202,15,50,1,0,23,48.0,17.0,17.0,31.0
29040,29040,202,16,0,1,0,23,86.0,48.0,48.0,38.0
29041,29041,202,16,10,1,0,23,70.0,28.0,28.0,42.0
29042,29042,202,16,20,1,0,23,70.0,28.0,28.0,42.0
29043,29043,202,16,30,1,0,23,93.0,40.0,40.0,53.0
29044,29044,202,16,40,1,0,23,126.0,33.0,33.0,93.0
29045,29045,202,16,50,1,0,23,182.0,61.0,61.0,121.0
29046,29046,202,17,0,1,0,23,165.0,50.0,50.0,115.0
29047,29047,202,17,10,1,0,23,303.0,68.0,68.0,235.0
29048,29048,202,17,20,1,0,23,231.0,81.0,81.0,150.0
29049,29049,202,17,30,1,0,23,259.0,72.0,72.0,187.0
29050,29050,202,17,40,1,0,23,329.0,86.0,86.0,243.0
29051,29051,202,17,50,1,0,23,328.0,121.0,121.0,207.0
29052,29052,202,18,0,1,0,23,254.0,114.0,114.0,140.0
29053,29053,202,18,10,1,0,23,296.0,116.0,116.0,180.0
29054,29054,202,18,20,1,0,23,201.0,105.0,105.0,96.0
29055,29055,202,18,30,1,0,23,238.0,145.0,145.0,93.0
29056,29056,202,18,40,1,0,23,154.0,105.0,105.0,49.0
29057,29057,202,18,50,1,0,23,160.0,106.0,106.0,54.0
29058,29058,202,19,0,1,0,23,166.0,124.0,124.0,42.0
29059,29059,202,19,10,1,0,23,137.0,104.0,104.0,33.0
29060,29060,202,19,20,1,0,23,113.0,87.0,87.0,26.0
29061,29061,202,19,30,1,0,23,98.0,72.0,72.0,26.0
29062,29062,202,19,40,1,0,23,110.0,82.0,82.0,28.0
29063,29063,202,19,50,1,0,23,69.0,47.0,47.0,22.0
29064,29064,202,20,0,1,0,23,63.0,43.0,43.0,20.0
29065,29065,202,20,10,1,0,23,55.0,35.0,35.0,20.0
29066,29066,202,20,20,1,0,23,49.0,32.0,32.0,17.0
29067,29067,202,20,30,1,0,23,54.0,28.0,28.0,26.0
29068,29068,202,20,40,1,0,23,41.0,25.0,25.0,16.0
29069,29069,202,20,50,1,0,23,51.0,44.0,44.0,7.0
29070,29070,202,21,0,1,0,23,31.0,21.0,21.0,10.0
29071,29071,202,21,10,1,0,23,49.0,30.0,30.0,19.0
29072,29072,202,21,20,1,0,23,52.0,38.0,38.0,14.0
29073,29073,202,21,30,1,0,23,25.0,18.0,18.0,7.0
29074,29074,202,21,40,1,0,23,36.0,27.0,27.0,9.0
29075,29075,202,21,50,1,0,23,46.0,38.0,38.0,8.0
29076,29076,202,22,0,1,0,23,48.0,28.0,28.0,20.0
29077,29077,202,22,10,1,0,23,38.0,27.0,27.0,11.0
29078,29078,202,22,20,1,0,23,25.0,22.0,22.0,3.0
29079,29079,202,22,30,1,0,23,16.0,15.0,15.0,1.0
29080,29080,202,22,40,1,0,23,0.0,0.0,0.0,0.0
29081,29081,202,22,50,1,0,23,0.0,0.0,0.0,0.0
29118,29118,203,5,0,1,0,23,0.0,0.0,0.0,0.0
29119,29119,203,5,10,1,0,23,0.0,0.0,0.0,0.0
29120,29120,203,5,20,1,0,23,0.0,0.0,0.0,0.0
29121,29121,203,5,30,1,0,23,0.0,0.0,0.0,0.0
29122,29122,203,5,40,1,0,23,0.0,0.0,0.0,0.0
29123,29123,203,5,50,1,0,23,12.0,0.0,0.0,12.0
29124,29124,203,6,0,1,0,23,28.0,0.0,0.0,28.0
29125,29125,203,6,10,1,0,23,91.0,24.0,24.0,67.0
29126,29126,203,6,20,1,0,23,134.0,14.0,14.0,120.0
29127,29127,203,6,30,1,0,23,187.0,31.0,31.0,156.0
29128,29128,203,6,40,1,0,23,257.0,50.0,50.0,207.0
29129,29129,203,6,50,1,0,23,342.0,99.0,99.0,243.0
29130,29130,203,7,0,1,0,23,422.0,173.0,173.0,249.0
29131,29131,203,7,10,1,0,23,581.0,225.0,225.0,356.0
29132,29132,203,7,20,1,0,23,696.0,271.0,271.0,425.0
29133,29133,203,7,30,1,0,23,824.0,374.0,374.0,450.0
29134,29134,203,7,40,1,0,23,794.0,352.0,352.0,442.0
29135,29135,203,7,50,1,0,23,728.0,343.0,343.0,385.0
29136,29136,203,8,0,1,0,23,732.0,326.0,326.0,406.0
29137,29137,203,8,10,1,0,23,629.0,245.0,245.0,384.0
29138,29138,203,8,20,1,0,23,523.0,224.0,224.0,299.0
29139,29139,203,8,30,1,0,23,637.0,341.0,341.0,296.0
29140,29140,203,8,40,1,0,23,484.0,260.0,260.0,224.0
29141,29141,203,8,50,1,0,23,326.0,138.0,138.0,188.0
29142,29142,203,9,0,1,0,23,280.0,137.0,137.0,143.0
29143,29143,203,9,10,1,0,23,268.0,117.0,117.0,151.0
29144,29144,203,9,20,1,0,23,222.0,107.0,107.0,115.0
29145,29145,203,9,30,1,0,23,168.0,74.0,74.0,94.0
29146,29146,203,9,40,1,0,23,150.0,65.0,65.0,85.0
29147,29147,203,9,50,1,0,23,141.0,79.0,79.0,62.0
29148,29148,203,10,0,1,0,23,113.0,53.0,53.0,60.0
29149,29149,203,10,10,1,0,23,109.0,44.0,44.0,65.0
29150,29150,203,10,20,1,0,23,132.0,74.0,74.0,58.0
29151,29151,203,10,30,1,0,23,92.0,40.0,40.0,52.0
29152,29152,203,10,40,1,0,23,97.0,27.0,27.0,70.0
29153,29153,203,10,50,1,0,23,94.0,40.0,40.0,54.0
29154,29154,203,11,0,1,0,23,115.0,52.0,52.0,63.0
29155,29155,203,11,10,1,0,23,84.0,39.0,39.0,45.0
29156,29156,203,11,20,1,0,23,106.0,50.0,50.0,56.0
29157,29157,203,11,30,1,0,23,115.0,58.0,58.0,57.0
29158,29158,203,11,40,1,0,23,126.0,53.0,53.0,73.0
29159,29159,203,11,50,1,0,23,112.0,57.0,57.0,55.0
29160,29160,203,12,0,1,0,23,120.0,54.0,54.0,66.0
29161,29161,203,12,10,1,0,23,108.0,34.0,34.0,74.0
29162,29162,203,12,20,1,0,23,98.0,36.0,36.0,62.0
29163,29163,203,12,30,1,0,23,111.0,69.0,69.0,42.0
29164,29164,203,12,40,1,0,23,116.0,47.0,47.0,69.0
29165,29165,203,12,50,1,0,23,136.0,79.0,79.0,57.0
29166,29166,203,13,0,1,0,23,110.0,61.0,61.0,49.0
29167,29167,203,13,10,1,0,23,96.0,35.0,35.0,61.0
29168,29168,203,13,20,1,0,23,135.0,75.0,75.0,60.0
29169,29169,203,13,30,1,0,23,124.0,61.0,61.0,63.0
29170,29170,203,13,40,1,0,23,116.0,54.0,54.0,62.0
29171,29171,203,13,50,1,0,23,103.0,56.0,56.0,47.0
29172,29172,203,14,0,1,0,23,111.0,56.0,56.0,55.0
29173,29173,203,14,10,1,0,23,71.0,32.0,32.0,39.0
29174,29174,203,14,20,1,0,23,119.0,60.0,60.0,59.0
29175,29175,203,14,30,1,0,23,113.0,61.0,61.0,52.0
29176,29176,203,14,40,1,0,23,107.0,48.0,48.0,59.0
29177,29177,203,14,50,1,0,23,131.0,77.0,77.0,54.0
29178,29178,203,15,0,1,0,23,112.0,62.0,62.0,50.0
29179,29179,203,15,10,1,0,23,112.0,42.0,42.0,70.0
29180,29180,203,15,20,1,0,23,137.0,70.0,70.0,67.0
29181,29181,203,15,30,1,0,23,158.0,89.0,89.0,69.0
29182,29182,203,15,40,1,0,23,113.0,34.0,34.0,79.0
29183,29183,203,15,50,1,0,23,129.0,77.0,77.0,52.0
29184,29184,203,16,0,1,0,23,187.0,100.0,100.0,87.0
29185,29185,203,16,10,1,0,23,155.0,71.0,71.0,84.0
29186,29186,203,16,20,1,0,23,238.0,125.0,125.0,113.0
29187,29187,203,16,30,1,0,23,221.0,90.0,90.0,131.0
29188,29188,203,16,40,1,0,23,506.0,95.0,95.0,411.0
29189,29189,203,16,50,1,0,23,435.0,130.0,130.0,305.0
29190,29190,203,17,0,1,0,23,233.0,90.0,90.0,143.0
29191,29191,203,17,10,1,0,23,431.0,141.0,141.0,290.0
29192,29192,203,17,20,1,0,23,457.0,189.0,189.0,268.0
29193,29193,203,17,30,1,0,23,417.0,221.0,221.0,196.0
29194,29194,203,17,40,1,0,23,545.0,221.0,221.0,324.0
29195,29195,203,17,50,1,0,23,487.0,219.0,219.0,268.0
29196,29196,203,18,0,1,0,23,412.0,238.0,238.0,174.0
29197,29197,203,18,10,1,0,23,392.0,257.0,257.0,135.0
29198,29198,203,18,20,1,0,23,407.0,274.0,274.0,133.0
29199,29199,203,18,30,1,0,23,365.0,270.0,270.0,95.0
29200,29200,203,18,40,1,0,23,327.0,233.0,233.0,94.0
29201,29201,203,18,50,1,0,23,346.0,245.0,245.0,101.0
29202,29202,203,19,0,1,0,23,370.0,303.0,303.0,67.0
29203,29203,203,19,10,1,0,23,319.0,241.0,241.0,78.0
29204,29204,203,19,20,1,0,23,255.0,205.0,205.0,50.0
29205,29205,203,19,30,1,0,23,186.0,143.0,143.0,43.0
29206,29206,203,19,40,1,0,23,195.0,141.0,141.0,54.0
29207,29207,203,19,50,1,0,23,168.0,113.0,113.0,55.0
29208,29208,203,20,0,1,0,23,175.0,119.0,119.0,56.0
29209,29209,203,20,10,1,0,23,120.0,90.0,90.0,30.0
29210,29210,203,20,20,1,0,23,135.0,85.0,85.0,50.0
29211,29211,203,20,30,1,0,23,126.0,93.0,93.0,33.0
29212,29212,203,20,40,1,0,23,101.0,64.0,64.0,37.0
29213,29213,203,20,50,1,0,23,118.0,86.0,86.0,32.0
29214,29214,203,21,0,1,0,23,136.0,95.0,95.0,41.0
29215,29215,203,21,10,1,0,23,127.0,101.0,101.0,26.0
29216,29216,203,21,20,1,0,23,99.0,68.0,68.0,31.0
29217,29217,203,21,30,1,0,23,139.0,116.0,116.0,23.0
29218,29218,203,21,40,1,0,23,114.0,89.0,89.0,25.0
29219,29219,203,21,50,1,0,23,72.0,54.0,54.0,18.0
29220,29220,203,22,0,1,0,23,121.0,116.0,116.0,5.0
29221,29221,203,22,10,1,0,23,87.0,77.0,77.0,10.0
29222,29222,203,22,20,1,0,23,37.0,31.0,31.0,6.0
29223,29223,203,22,30,1,0,23,68.0,66.0,66.0,2.0
29224,29224,203,22,40,1,0,23,0.0,0.0,0.0,0.0
29225,29225,203,22,50,1,0,23,0.0,0.0,0.0,0.0
29262,29262,204,5,0,1,0,23,0.0,0.0,0.0,0.0
29263,29263,204,5,10,1,0,23,0.0,0.0,0.0,0.0
29264,29264,204,5,20,1,0,23,0.0,0.0,0.0,0.0
29265,29265,204,5,30,1,0,23,0.0,0.0,0.0,0.0
29266,29266,204,5,40,1,0,23,6.0,0.0,0.0,6.0
29267,29267,204,5,50,1,0,23,18.0,0.0,0.0,18.0
29268,29268,204,6,0,1,0,23,24.0,5.0,5.0,19.0
29269,29269,204,6,10,1,0,23,35.0,5.0,5.0,30.0
29270,29270,204,6,20,1,0,23,44.0,13.0,13.0,31.0
29271,29271,204,6,30,1,0,23,68.0,19.0,19.0,49.0
29272,29272,204,6,40,1,0,23,96.0,40.0,40.0,56.0
29273,29273,204,6,50,1,0,23,154.0,61.0,61.0,93.0
29274,29274,204,7,0,1,0,23,149.0,59.0,59.0,90.0
29275,29275,204,7,10,1,0,23,190.0,92.0,92.0,98.0
29276,29276,204,7,20,1,0,23,173.0,47.0,47.0,126.0
29277,29277,204,7,30,1,0,23,301.0,122.0,122.0,179.0
29278,29278,204,7,40,1,0,23,326.0,98.0,98.0,228.0
29279,29279,204,7,50,1,0,23,284.0,86.0,86.0,198.0
29280,29280,204,8,0,1,0,23,304.0,102.0,102.0,202.0
29281,29281,204,8,10,1,0,23,274.0,76.0,76.0,198.0
29282,29282,204,8,20,1,0,23,281.0,131.0,131.0,150.0
29283,29283,204,8,30,1,0,23,239.0,80.0,80.0,159.0
29284,29284,204,8,40,1,0,23,223.0,111.0,111.0,112.0
29285,29285,204,8,50,1,0,23,195.0,89.0,89.0,106.0
29286,29286,204,9,0,1,0,23,196.0,85.0,85.0,111.0
29287,29287,204,9,10,1,0,23,147.0,66.0,66.0,81.0
29288,29288,204,9,20,1,0,23,127.0,42.0,42.0,85.0
29289,29289,204,9,30,1,0,23,111.0,60.0,60.0,51.0
29290,29290,204,9,40,1,0,23,122.0,54.0,54.0,68.0
29291,29291,204,9,50,1,0,23,113.0,51.0,51.0,62.0
29292,29292,204,10,0,1,0,23,123.0,53.0,53.0,70.0
29293,29293,204,10,10,1,0,23,114.0,52.0,52.0,62.0
29294,29294,204,10,20,1,0,23,100.0,44.0,44.0,56.0
29295,29295,204,10,30,1,0,23,99.0,43.0,43.0,56.0
29296,29296,204,10,40,1,0,23,79.0,39.0,39.0,40.0
29297,29297,204,10,50,1,0,23,115.0,47.0,47.0,68.0
29298,29298,204,11,0,1,0,23,83.0,30.0,30.0,53.0
29299,29299,204,11,10,1,0,23,81.0,30.0,30.0,51.0
29300,29300,204,11,20,1,0,23,75.0,24.0,24.0,51.0
29301,29301,204,11,30,1,0,23,69.0,38.0,38.0,31.0
29302,29302,204,11,40,1,0,23,84.0,26.0,26.0,58.0
29303,29303,204,11,50,1,0,23,57.0,13.0,13.0,44.0
29304,29304,204,12,0,1,0,23,81.0,26.0,26.0,55.0
29305,29305,204,12,10,1,0,23,69.0,27.0,27.0,42.0
29306,29306,204,12,20,1,0,23,66.0,37.0,37.0,29.0
29307,29307,204,12,30,1,0,23,76.0,35.0,35.0,41.0
29308,29308,204,12,40,1,0,23,73.0,30.0,30.0,43.0
29309,29309,204,12,50,1,0,23,73.0,38.0,38.0,35.0
29310,29310,204,13,0,1,0,23,72.0,38.0,38.0,34.0
29311,29311,204,13,10,1,0,23,71.0,30.0,30.0,41.0
29312,29312,204,13,20,1,0,23,76.0,43.0,43.0,33.0
29313,29313,204,13,30,1,0,23,77.0,42.0,42.0,35.0
29314,29314,204,13,40,1,0,23,77.0,41.0,41.0,36.0
29315,29315,204,13,50,1,0,23,90.0,59.0,59.0,31.0
29316,29316,204,14,0,1,0,23,82.0,41.0,41.0,41.0
29317,29317,204,14,10,1,0,23,54.0,25.0,25.0,29.0
29318,29318,204,14,20,1,0,23,96.0,59.0,59.0,37.0
29319,29319,204,14,30,1,0,23,91.0,43.0,43.0,48.0
29320,29320,204,14,40,1,0,23,82.0,38.0,38.0,44.0
29321,29321,204,14,50,1,0,23,118.0,69.0,69.0,49.0
29322,29322,204,15,0,1,0,23,127.0,56.0,56.0,71.0
29323,29323,204,15,10,1,0,23,90.0,44.0,44.0,46.0
29324,29324,204,15,20,1,0,23,123.0,61.0,61.0,62.0
29325,29325,204,15,30,1,0,23,90.0,44.0,44.0,46.0
29326,29326,204,15,40,1,0,23,116.0,62.0,62.0,54.0
29327,29327,204,15,50,1,0,23,88.0,48.0,48.0,40.0
29328,29328,204,16,0,1,0,23,112.0,73.0,73.0,39.0
29329,29329,204,16,10,1,0,23,75.0,34.0,34.0,41.0
29330,29330,204,16,20,1,0,23,91.0,45.0,45.0,46.0
29331,29331,204,16,30,1,0,23,126.0,54.0,54.0,72.0
29332,29332,204,16,40,1,0,23,203.0,65.0,65.0,138.0
29333,29333,204,16,50,1,0,23,211.0,74.0,74.0,137.0
29334,29334,204,17,0,1,0,23,209.0,81.0,81.0,128.0
29335,29335,204,17,10,1,0,23,188.0,76.0,76.0,112.0
29336,29336,204,17,20,1,0,23,238.0,132.0,132.0,106.0
29337,29337,204,17,30,1,0,23,215.0,117.0,117.0,98.0
29338,29338,204,17,40,1,0,23,189.0,123.0,123.0,66.0
29339,29339,204,17,50,1,0,23,183.0,116.0,116.0,67.0
29340,29340,204,18,0,1,0,23,208.0,148.0,148.0,60.0
29341,29341,204,18,10,1,0,23,220.0,159.0,159.0,61.0
29342,29342,204,18,20,1,0,23,207.0,151.0,151.0,56.0
29343,29343,204,18,30,1,0,23,181.0,132.0,132.0,49.0
29344,29344,204,18,40,1,0,23,189.0,141.0,141.0,48.0
29345,29345,204,18,50,1,0,23,202.0,167.0,167.0,35.0
29346,29346,204,19,0,1,0,23,148.0,118.0,118.0,30.0
29347,29347,204,19,10,1,0,23,137.0,100.0,100.0,37.0
29348,29348,204,19,20,1,0,23,105.0,73.0,73.0,32.0
29349,29349,204,19,30,1,0,23,126.0,86.0,86.0,40.0
29350,29350,204,19,40,1,0,23,91.0,66.0,66.0,25.0
29351,29351,204,19,50,1,0,23,106.0,71.0,71.0,35.0
29352,29352,204,20,0,1,0,23,75.0,48.0,48.0,27.0
29353,29353,204,20,10,1,0,23,83.0,48.0,48.0,35.0
29354,29354,204,20,20,1,0,23,84.0,61.0,61.0,23.0
29355,29355,204,20,30,1,0,23,79.0,51.0,51.0,28.0
29356,29356,204,20,40,1,0,23,64.0,42.0,42.0,22.0
29357,29357,204,20,50,1,0,23,79.0,55.0,55.0,24.0
29358,29358,204,21,0,1,0,23,60.0,40.0,40.0,20.0
29359,29359,204,21,10,1,0,23,72.0,45.0,45.0,27.0
29360,29360,204,21,20,1,0,23,59.0,46.0,46.0,13.0
29361,29361,204,21,30,1,0,23,69.0,50.0,50.0,19.0
29362,29362,204,21,40,1,0,23,58.0,46.0,46.0,12.0
29363,29363,204,21,50,1,0,23,42.0,29.0,29.0,13.0
29364,29364,204,22,0,1,0,23,60.0,49.0,49.0,11.0
29365,29365,204,22,10,1,0,23,69.0,57.0,57.0,12.0
29366,29366,204,22,20,1,0,23,42.0,35.0,35.0,7.0
29367,29367,204,22,30,1,0,23,44.0,39.0,39.0,5.0
29368,29368,204,22,40,1,0,23,27.0,21.0,21.0,6.0
29369,29369,204,22,50,1,0,23,27.0,26.0,26.0,1.0
29406,29406,205,5,0,1,0,23,0.0,0.0,0.0,0.0
29407,29407,205,5,10,1,0,23,1.0,1.0,1.0,0.0
29408,29408,205,5,20,1,0,23,3.0,0.0,0.0,3.0
29409,29409,205,5,30,1,0,23,14.0,1.0,1.0,13.0
29410,29410,205,5,40,1,0,23,44.0,1.0,1.0,43.0
29411,29411,205,5,50,1,0,23,60.0,1.0,1.0,59.0
29412,29412,205,6,0,1,0,23,71.0,1.0,1.0,70.0
29413,29413,205,6,10,1,0,23,95.0,4.0,4.0,91.0
29414,29414,205,6,20,1,0,23,139.0,11.0,11.0,128.0
29415,29415,205,6,30,1,0,23,195.0,18.0,18.0,177.0
29416,29416,205,6,40,1,0,23,245.0,20.0,20.0,225.0
29417,29417,205,6,50,1,0,23,288.0,37.0,37.0,251.0
29418,29418,205,7,0,1,0,23,376.0,48.0,48.0,328.0
29419,29419,205,7,10,1,0,23,418.0,59.0,59.0,359.0
29420,29420,205,7,20,1,0,23,540.0,52.0,52.0,488.0
29421,29421,205,7,30,1,0,23,714.0,69.0,69.0,645.0
29422,29422,205,7,40,1,0,23,881.0,64.0,64.0,817.0
29423,29423,205,7,50,1,0,23,866.0,58.0,58.0,808.0
29424,29424,205,8,0,1,0,23,854.0,74.0,74.0,780.0
29425,29425,205,8,10,1,0,23,794.0,56.0,56.0,738.0
29426,29426,205,8,20,1,0,23,635.0,54.0,54.0,581.0
29427,29427,205,8,30,1,0,23,541.0,77.0,77.0,464.0
29428,29428,205,8,40,1,0,23,441.0,51.0,51.0,390.0
29429,29429,205,8,50,1,0,23,366.0,55.0,55.0,311.0
29430,29430,205,9,0,1,0,23,291.0,36.0,36.0,255.0
29431,29431,205,9,10,1,0,23,252.0,49.0,49.0,203.0
29432,29432,205,9,20,1,0,23,171.0,32.0,32.0,139.0
29433,29433,205,9,30,1,0,23,182.0,51.0,51.0,131.0
29434,29434,205,9,40,1,0,23,136.0,34.0,34.0,102.0
29435,29435,205,9,50,1,0,23,117.0,27.0,27.0,90.0
29436,29436,205,10,0,1,0,23,122.0,31.0,31.0,91.0
29437,29437,205,10,10,1,0,23,117.0,38.0,38.0,79.0
29438,29438,205,10,20,1,0,23,94.0,25.0,25.0,69.0
29439,29439,205,10,30,1,0,23,91.0,28.0,28.0,63.0
29440,29440,205,10,40,1,0,23,74.0,20.0,20.0,54.0
29441,29441,205,10,50,1,0,23,80.0,32.0,32.0,48.0
29442,29442,205,11,0,1,0,23,84.0,32.0,32.0,52.0
29443,29443,205,11,10,1,0,23,93.0,27.0,27.0,66.0
29444,29444,205,11,20,1,0,23,67.0,25.0,25.0,42.0
29445,29445,205,11,30,1,0,23,76.0,26.0,26.0,50.0
29446,29446,205,11,40,1,0,23,104.0,43.0,43.0,61.0
29447,29447,205,11,50,1,0,23,92.0,39.0,39.0,53.0
29448,29448,205,12,0,1,0,23,87.0,30.0,30.0,57.0
29449,29449,205,12,10,1,0,23,97.0,40.0,40.0,57.0
29450,29450,205,12,20,1,0,23,97.0,53.0,53.0,44.0
29451,29451,205,12,30,1,0,23,93.0,39.0,39.0,54.0
29452,29452,205,12,40,1,0,23,105.0,36.0,36.0,69.0
29453,29453,205,12,50,1,0,23,96.0,43.0,43.0,53.0
29454,29454,205,13,0,1,0,23,87.0,46.0,46.0,41.0
29455,29455,205,13,10,1,0,23,99.0,42.0,42.0,57.0
29456,29456,205,13,20,1,0,23,75.0,39.0,39.0,36.0
29457,29457,205,13,30,1,0,23,94.0,55.0,55.0,39.0
29458,29458,205,13,40,1,0,23,94.0,52.0,52.0,42.0
29459,29459,205,13,50,1,0,23,87.0,47.0,47.0,40.0
29460,29460,205,14,0,1,0,23,77.0,38.0,38.0,39.0
29461,29461,205,14,10,1,0,23,80.0,42.0,42.0,38.0
29462,29462,205,14,20,1,0,23,75.0,44.0,44.0,31.0
29463,29463,205,14,30,1,0,23,95.0,60.0,60.0,35.0
29464,29464,205,14,40,1,0,23,99.0,68.0,68.0,31.0
29465,29465,205,14,50,1,0,23,108.0,81.0,81.0,27.0
29466,29466,205,15,0,1,0,23,104.0,62.0,62.0,42.0
29467,29467,205,15,10,1,0,23,110.0,70.0,70.0,40.0
29468,29468,205,15,20,1,0,23,135.0,93.0,93.0,42.0
29469,29469,205,15,30,1,0,23,105.0,80.0,80.0,25.0
29470,29470,205,15,40,1,0,23,119.0,93.0,93.0,26.0
29471,29471,205,15,50,1,0,23,119.0,84.0,84.0,35.0
29472,29472,205,16,0,1,0,23,148.0,106.0,106.0,42.0
29473,29473,205,16,10,1,0,23,166.0,105.0,105.0,61.0
29474,29474,205,16,20,1,0,23,125.0,84.0,84.0,41.0
29475,29475,205,16,30,1,0,23,173.0,115.0,115.0,58.0
29476,29476,205,16,40,1,0,23,227.0,151.0,151.0,76.0
29477,29477,205,16,50,1,0,23,214.0,152.0,152.0,62.0
29478,29478,205,17,0,1,0,23,253.0,187.0,187.0,66.0
29479,29479,205,17,10,1,0,23,296.0,204.0,204.0,92.0
29480,29480,205,17,20,1,0,23,393.0,278.0,278.0,115.0
29481,29481,205,17,30,1,0,23,346.0,287.0,287.0,59.0
29482,29482,205,17,40,1,0,23,359.0,307.0,307.0,52.0
29483,29483,205,17,50,1,0,23,467.0,377.0,377.0,90.0
29484,29484,205,18,0,1,0,23,451.0,380.0,380.0,71.0
29485,29485,205,18,10,1,0,23,515.0,438.0,438.0,77.0
29486,29486,205,18,20,1,0,23,529.0,463.0,463.0,66.0
29487,29487,205,18,30,1,0,23,511.0,458.0,458.0,53.0
29488,29488,205,18,40,1,0,23,419.0,376.0,376.0,43.0
29489,29489,205,18,50,1,0,23,461.0,420.0,420.0,41.0
29490,29490,205,19,0,1,0,23,410.0,371.0,371.0,39.0
29491,29491,205,19,10,1,0,23,356.0,304.0,304.0,52.0
29492,29492,205,19,20,1,0,23,325.0,280.0,280.0,45.0
29493,29493,205,19,30,1,0,23,202.0,169.0,169.0,33.0
29494,29494,205,19,40,1,0,23,215.0,189.0,189.0,26.0
29495,29495,205,19,50,1,0,23,207.0,175.0,175.0,32.0
29496,29496,205,20,0,1,0,23,134.0,106.0,106.0,28.0
29497,29497,205,20,10,1,0,23,168.0,134.0,134.0,34.0
29498,29498,205,20,20,1,0,23,144.0,116.0,116.0,28.0
29499,29499,205,20,30,1,0,23,167.0,133.0,133.0,34.0
29500,29500,205,20,40,1,0,23,140.0,114.0,114.0,26.0
29501,29501,205,20,50,1,0,23,174.0,148.0,148.0,26.0
29502,29502,205,21,0,1,0,23,173.0,133.0,133.0,40.0
29503,29503,205,21,10,1,0,23,144.0,120.0,120.0,24.0
29504,29504,205,21,20,1,0,23,105.0,81.0,81.0,24.0
29505,29505,205,21,30,1,0,23,142.0,128.0,128.0,14.0
29506,29506,205,21,40,1,0,23,137.0,116.0,116.0,21.0
29507,29507,205,21,50,1,0,23,125.0,114.0,114.0,11.0
29508,29508,205,22,0,1,0,23,73.0,63.0,63.0,10.0
29509,29509,205,22,10,1,0,23,111.0,99.0,99.0,12.0
29510,29510,205,22,20,1,0,23,97.0,88.0,88.0,9.0
29511,29511,205,22,30,1,0,23,95.0,93.0,93.0,2.0
29512,29512,205,22,40,1,0,23,50.0,48.0,48.0,2.0
29513,29513,205,22,50,1,0,23,80.0,80.0,80.0,0.0
29550,29550,206,5,0,1,0,23,0.0,0.0,0.0,0.0
29551,29551,206,5,10,1,0,23,0.0,0.0,0.0,0.0
29552,29552,206,5,20,1,0,23,0.0,0.0,0.0,0.0
29553,29553,206,5,30,1,0,23,4.0,0.0,0.0,4.0
29554,29554,206,5,40,1,0,23,17.0,0.0,0.0,17.0
29555,29555,206,5,50,1,0,23,36.0,2.0,2.0,34.0
29556,29556,206,6,0,1,0,23,44.0,3.0,3.0,41.0
29557,29557,206,6,10,1,0,23,64.0,5.0,5.0,59.0
29558,29558,206,6,20,1,0,23,84.0,7.0,7.0,77.0
29559,29559,206,6,30,1,0,23,128.0,21.0,21.0,107.0
29560,29560,206,6,40,1,0,23,173.0,34.0,34.0,139.0
29561,29561,206,6,50,1,0,23,255.0,90.0,90.0,165.0
29562,29562,206,7,0,1,0,23,259.0,57.0,57.0,202.0
29563,29563,206,7,10,1,0,23,318.0,86.0,86.0,232.0
29564,29564,206,7,20,1,0,23,406.0,82.0,82.0,324.0
29565,29565,206,7,30,1,0,23,397.0,76.0,76.0,321.0
29566,29566,206,7,40,1,0,23,564.0,66.0,66.0,498.0
29567,29567,206,7,50,1,0,23,606.0,94.0,94.0,512.0
29568,29568,206,8,0,1,0,23,559.0,102.0,102.0,457.0
29569,29569,206,8,10,1,0,23,536.0,142.0,142.0,394.0
29570,29570,206,8,20,1,0,23,511.0,121.0,121.0,390.0
29571,29571,206,8,30,1,0,23,419.0,131.0,131.0,288.0
29572,29572,206,8,40,1,0,23,432.0,175.0,175.0,257.0
29573,29573,206,8,50,1,0,23,434.0,204.0,204.0,230.0
29574,29574,206,9,0,1,0,23,383.0,165.0,165.0,218.0
29575,29575,206,9,10,1,0,23,264.0,96.0,96.0,168.0
29576,29576,206,9,20,1,0,23,228.0,70.0,70.0,158.0
29577,29577,206,9,30,1,0,23,209.0,82.0,82.0,127.0
29578,29578,206,9,40,1,0,23,183.0,63.0,63.0,120.0
29579,29579,206,9,50,1,0,23,130.0,55.0,55.0,75.0
29580,29580,206,10,0,1,0,23,136.0,46.0,46.0,90.0
29581,29581,206,10,10,1,0,23,135.0,54.0,54.0,81.0
29582,29582,206,10,20,1,0,23,137.0,38.0,38.0,99.0
29583,29583,206,10,30,1,0,23,152.0,66.0,66.0,86.0
29584,29584,206,10,40,1,0,23,137.0,56.0,56.0,81.0
29585,29585,206,10,50,1,0,23,114.0,34.0,34.0,80.0
29586,29586,206,11,0,1,0,23,111.0,53.0,53.0,58.0
29587,29587,206,11,10,1,0,23,108.0,39.0,39.0,69.0
29588,29588,206,11,20,1,0,23,90.0,34.0,34.0,56.0
29589,29589,206,11,30,1,0,23,127.0,44.0,44.0,83.0
29590,29590,206,11,40,1,0,23,120.0,48.0,48.0,72.0
29591,29591,206,11,50,1,0,23,107.0,33.0,33.0,74.0
29592,29592,206,12,0,1,0,23,125.0,58.0,58.0,67.0
29593,29593,206,12,10,1,0,23,86.0,32.0,32.0,54.0
29594,29594,206,12,20,1,0,23,110.0,53.0,53.0,57.0
29595,29595,206,12,30,1,0,23,123.0,64.0,64.0,59.0
29596,29596,206,12,40,1,0,23,122.0,63.0,63.0,59.0
29597,29597,206,12,50,1,0,23,161.0,102.0,102.0,59.0
29598,29598,206,13,0,1,0,23,147.0,90.0,90.0,57.0
29599,29599,206,13,10,1,0,23,153.0,79.0,79.0,74.0
29600,29600,206,13,20,1,0,23,141.0,71.0,71.0,70.0
29601,29601,206,13,30,1,0,23,155.0,77.0,77.0,78.0
29602,29602,206,13,40,1,0,23,136.0,66.0,66.0,70.0
29603,29603,206,13,50,1,0,23,146.0,70.0,70.0,76.0
29604,29604,206,14,0,1,0,23,140.0,60.0,60.0,80.0
29605,29605,206,14,10,1,0,23,158.0,74.0,74.0,84.0
29606,29606,206,14,20,1,0,23,145.0,85.0,85.0,60.0
29607,29607,206,14,30,1,0,23,120.0,61.0,61.0,59.0
29608,29608,206,14,40,1,0,23,142.0,62.0,62.0,80.0
29609,29609,206,14,50,1,0,23,146.0,82.0,82.0,64.0
29610,29610,206,15,0,1,0,23,178.0,84.0,84.0,94.0
29611,29611,206,15,10,1,0,23,140.0,69.0,69.0,71.0
29612,29612,206,15,20,1,0,23,139.0,75.0,75.0,64.0
29613,29613,206,15,30,1,0,23,158.0,78.0,78.0,80.0
29614,29614,206,15,40,1,0,23,158.0,78.0,78.0,80.0
29615,29615,206,15,50,1,0,23,167.0,104.0,104.0,63.0
29616,29616,206,16,0,1,0,23,159.0,96.0,96.0,63.0
29617,29617,206,16,10,1,0,23,202.0,92.0,92.0,110.0
29618,29618,206,16,20,1,0,23,177.0,95.0,95.0,82.0
29619,29619,206,16,30,1,0,23,204.0,111.0,111.0,93.0
29620,29620,206,16,40,1,0,23,211.0,92.0,92.0,119.0
29621,29621,206,16,50,1,0,23,298.0,156.0,156.0,142.0
29622,29622,206,17,0,1,0,23,289.0,144.0,144.0,145.0
29623,29623,206,17,10,1,0,23,315.0,195.0,195.0,120.0
29624,29624,206,17,20,1,0,23,332.0,226.0,226.0,106.0
29625,29625,206,17,30,1,0,23,283.0,200.0,200.0,83.0
29626,29626,206,17,40,1,0,23,379.0,288.0,288.0,91.0
29627,29627,206,17,50,1,0,23,347.0,269.0,269.0,78.0
29628,29628,206,18,0,1,0,23,401.0,281.0,281.0,120.0
29629,29629,206,18,10,1,0,23,363.0,261.0,261.0,102.0
29630,29630,206,18,20,1,0,23,386.0,294.0,294.0,92.0
29631,29631,206,18,30,1,0,23,374.0,301.0,301.0,73.0
29632,29632,206,18,40,1,0,23,395.0,322.0,322.0,73.0
29633,29633,206,18,50,1,0,23,323.0,263.0,263.0,60.0
29634,29634,206,19,0,1,0,23,286.0,253.0,253.0,33.0
29635,29635,206,19,10,1,0,23,277.0,236.0,236.0,41.0
29636,29636,206,19,20,1,0,23,232.0,190.0,190.0,42.0
29637,29637,206,19,30,1,0,23,191.0,154.0,154.0,37.0
29638,29638,206,19,40,1,0,23,189.0,148.0,148.0,41.0
29639,29639,206,19,50,1,0,23,152.0,121.0,121.0,31.0
29640,29640,206,20,0,1,0,23,119.0,84.0,84.0,35.0
29641,29641,206,20,10,1,0,23,137.0,109.0,109.0,28.0
29642,29642,206,20,20,1,0,23,124.0,90.0,90.0,34.0
29643,29643,206,20,30,1,0,23,108.0,74.0,74.0,34.0
29644,29644,206,20,40,1,0,23,136.0,107.0,107.0,29.0
29645,29645,206,20,50,1,0,23,105.0,80.0,80.0,25.0
29646,29646,206,21,0,1,0,23,116.0,89.0,89.0,27.0
29647,29647,206,21,10,1,0,23,157.0,124.0,124.0,33.0
29648,29648,206,21,20,1,0,23,109.0,86.0,86.0,23.0
29649,29649,206,21,30,1,0,23,107.0,92.0,92.0,15.0
29650,29650,206,21,40,1,0,23,109.0,91.0,91.0,18.0
29651,29651,206,21,50,1,0,23,89.0,76.0,76.0,13.0
29652,29652,206,22,0,1,0,23,117.0,105.0,105.0,12.0
29653,29653,206,22,10,1,0,23,66.0,53.0,53.0,13.0
29654,29654,206,22,20,1,0,23,118.0,104.0,104.0,14.0
29655,29655,206,22,30,1,0,23,78.0,66.0,66.0,12.0
29656,29656,206,22,40,1,0,23,42.0,38.0,38.0,4.0
29657,29657,206,22,50,1,0,23,52.0,49.0,49.0,3.0
29694,29694,207,5,0,1,0,23,0.0,0.0,0.0,0.0
29695,29695,207,5,10,1,0,23,0.0,0.0,0.0,0.0
29696,29696,207,5,20,1,0,23,5.0,1.0,1.0,4.0
29697,29697,207,5,30,1,0,23,6.0,0.0,0.0,6.0
29698,29698,207,5,40,1,0,23,8.0,0.0,0.0,8.0
29699,29699,207,5,50,1,0,23,3.0,0.0,0.0,3.0
29700,29700,207,6,0,1,0,23,15.0,0.0,0.0,15.0
29701,29701,207,6,10,1,0,23,19.0,1.0,1.0,18.0
29702,29702,207,6,20,1,0,23,22.0,7.0,7.0,15.0
29703,29703,207,6,30,1,0,23,45.0,3.0,3.0,42.0
29704,29704,207,6,40,1,0,23,51.0,15.0,15.0,36.0
29705,29705,207,6,50,1,0,23,73.0,23.0,23.0,50.0
29706,29706,207,7,0,1,0,23,94.0,39.0,39.0,55.0
29707,29707,207,7,10,1,0,23,120.0,42.0,42.0,78.0
29708,29708,207,7,20,1,0,23,146.0,48.0,48.0,98.0
29709,29709,207,7,30,1,0,23,161.0,55.0,55.0,106.0
29710,29710,207,7,40,1,0,23,206.0,66.0,66.0,140.0
29711,29711,207,7,50,1,0,23,270.0,84.0,84.0,186.0
29712,29712,207,8,0,1,0,23,288.0,117.0,117.0,171.0
29713,29713,207,8,10,1,0,23,308.0,143.0,143.0,165.0
29714,29714,207,8,20,1,0,23,256.0,100.0,100.0,156.0
29715,29715,207,8,30,1,0,23,227.0,119.0,119.0,108.0
29716,29716,207,8,40,1,0,23,140.0,58.0,58.0,82.0
29717,29717,207,8,50,1,0,23,119.0,40.0,40.0,79.0
29718,29718,207,9,0,1,0,23,99.0,25.0,25.0,74.0
29719,29719,207,9,10,1,0,23,86.0,23.0,23.0,63.0
29720,29720,207,9,20,1,0,23,55.0,25.0,25.0,30.0
29721,29721,207,9,30,1,0,23,56.0,17.0,17.0,39.0
29722,29722,207,9,40,1,0,23,36.0,14.0,14.0,22.0
29723,29723,207,9,50,1,0,23,40.0,18.0,18.0,22.0
29724,29724,207,10,0,1,0,23,34.0,17.0,17.0,17.0
29725,29725,207,10,10,1,0,23,42.0,16.0,16.0,26.0
29726,29726,207,10,20,1,0,23,37.0,19.0,19.0,18.0
29727,29727,207,10,30,1,0,23,25.0,4.0,4.0,21.0
29728,29728,207,10,40,1,0,23,19.0,8.0,8.0,11.0
29729,29729,207,10,50,1,0,23,30.0,14.0,14.0,16.0
29730,29730,207,11,0,1,0,23,19.0,6.0,6.0,13.0
29731,29731,207,11,10,1,0,23,26.0,13.0,13.0,13.0
29732,29732,207,11,20,1,0,23,26.0,9.0,9.0,17.0
29733,29733,207,11,30,1,0,23,19.0,9.0,9.0,10.0
29734,29734,207,11,40,1,0,23,12.0,4.0,4.0,8.0
29735,29735,207,11,50,1,0,23,28.0,7.0,7.0,21.0
29736,29736,207,12,0,1,0,23,24.0,10.0,10.0,14.0
29737,29737,207,12,10,1,0,23,35.0,14.0,14.0,21.0
29738,29738,207,12,20,1,0,23,42.0,18.0,18.0,24.0
29739,29739,207,12,30,1,0,23,32.0,16.0,16.0,16.0
29740,29740,207,12,40,1,0,23,26.0,11.0,11.0,15.0
29741,29741,207,12,50,1,0,23,25.0,9.0,9.0,16.0
29742,29742,207,13,0,1,0,23,28.0,12.0,12.0,16.0
29743,29743,207,13,10,1,0,23,21.0,11.0,11.0,10.0
29744,29744,207,13,20,1,0,23,36.0,24.0,24.0,12.0
29745,29745,207,13,30,1,0,23,41.0,16.0,16.0,25.0
29746,29746,207,13,40,1,0,23,42.0,26.0,26.0,16.0
29747,29747,207,13,50,1,0,23,31.0,19.0,19.0,12.0
29748,29748,207,14,0,1,0,23,26.0,12.0,12.0,14.0
29749,29749,207,14,10,1,0,23,27.0,18.0,18.0,9.0
29750,29750,207,14,20,1,0,23,36.0,21.0,21.0,15.0
29751,29751,207,14,30,1,0,23,27.0,15.0,15.0,12.0
29752,29752,207,14,40,1,0,23,46.0,22.0,22.0,24.0
29753,29753,207,14,50,1,0,23,35.0,17.0,17.0,18.0
29754,29754,207,15,0,1,0,23,29.0,14.0,14.0,15.0
29755,29755,207,15,10,1,0,23,31.0,18.0,18.0,13.0
29756,29756,207,15,20,1,0,23,55.0,23.0,23.0,32.0
29757,29757,207,15,30,1,0,23,37.0,21.0,21.0,16.0
29758,29758,207,15,40,1,0,23,66.0,40.0,40.0,26.0
29759,29759,207,15,50,1,0,23,40.0,22.0,22.0,18.0
29760,29760,207,16,0,1,0,23,67.0,36.0,36.0,31.0
29761,29761,207,16,10,1,0,23,55.0,23.0,23.0,32.0
29762,29762,207,16,20,1,0,23,61.0,31.0,31.0,30.0
29763,29763,207,16,30,1,0,23,52.0,19.0,19.0,33.0
29764,29764,207,16,40,1,0,23,89.0,32.0,32.0,57.0
29765,29765,207,16,50,1,0,23,66.0,27.0,27.0,39.0
29766,29766,207,17,0,1,0,23,109.0,36.0,36.0,73.0
29767,29767,207,17,10,1,0,23,147.0,44.0,44.0,103.0
29768,29768,207,17,20,1,0,23,106.0,56.0,56.0,50.0
29769,29769,207,17,30,1,0,23,110.0,62.0,62.0,48.0
29770,29770,207,17,40,1,0,23,211.0,67.0,67.0,144.0
29771,29771,207,17,50,1,0,23,153.0,69.0,69.0,84.0
29772,29772,207,18,0,1,0,23,152.0,92.0,92.0,60.0
29773,29773,207,18,10,1,0,23,214.0,83.0,83.0,131.0
29774,29774,207,18,20,1,0,23,175.0,103.0,103.0,72.0
29775,29775,207,18,30,1,0,23,142.0,113.0,113.0,29.0
29776,29776,207,18,40,1,0,23,211.0,123.0,123.0,88.0
29777,29777,207,18,50,1,0,23,98.0,70.0,70.0,28.0
29778,29778,207,19,0,1,0,23,126.0,98.0,98.0,28.0
29779,29779,207,19,10,1,0,23,100.0,60.0,60.0,40.0
29780,29780,207,19,20,1,0,23,67.0,48.0,48.0,19.0
29781,29781,207,19,30,1,0,23,60.0,37.0,37.0,23.0
29782,29782,207,19,40,1,0,23,63.0,42.0,42.0,21.0
29783,29783,207,19,50,1,0,23,53.0,27.0,27.0,26.0
29784,29784,207,20,0,1,0,23,43.0,30.0,30.0,13.0
29785,29785,207,20,10,1,0,23,48.0,25.0,25.0,23.0
29786,29786,207,20,20,1,0,23,47.0,25.0,25.0,22.0
29787,29787,207,20,30,1,0,23,54.0,21.0,21.0,33.0
29788,29788,207,20,40,1,0,23,69.0,14.0,14.0,55.0
29789,29789,207,20,50,1,0,23,43.0,19.0,19.0,24.0
29790,29790,207,21,0,1,0,23,38.0,24.0,24.0,14.0
29791,29791,207,21,10,1,0,23,26.0,14.0,14.0,12.0
29792,29792,207,21,20,1,0,23,32.0,18.0,18.0,14.0
29793,29793,207,21,30,1,0,23,28.0,23.0,23.0,5.0
29794,29794,207,21,40,1,0,23,21.0,12.0,12.0,9.0
29795,29795,207,21,50,1,0,23,32.0,29.0,29.0,3.0
29796,29796,207,22,0,1,0,23,37.0,33.0,33.0,4.0
29797,29797,207,22,10,1,0,23,26.0,17.0,17.0,9.0
29798,29798,207,22,20,1,0,23,18.0,18.0,18.0,0.0
29799,29799,207,22,30,1,0,23,22.0,19.0,19.0,3.0
29800,29800,207,22,40,1,0,23,24.0,24.0,24.0,0.0
29801,29801,207,22,50,1,0,23,27.0,27.0,27.0,0.0
29838,29838,208,5,0,1,0,23,0.0,0.0,0.0,0.0
29839,29839,208,5,10,1,0,23,0.0,0.0,0.0,0.0
29840,29840,208,5,20,1,0,23,1.0,0.0,0.0,1.0
29841,29841,208,5,30,1,0,23,21.0,0.0,0.0,21.0
29842,29842,208,5,40,1,0,23,23.0,0.0,0.0,23.0
29843,29843,208,5,50,1,0,23,33.0,0.0,0.0,33.0
29844,29844,208,6,0,1,0,23,35.0,0.0,0.0,35.0
29845,29845,208,6,10,1,0,23,53.0,0.0,0.0,53.0
29846,29846,208,6,20,1,0,23,66.0,8.0,8.0,58.0
29847,29847,208,6,30,1,0,23,69.0,4.0,4.0,65.0
29848,29848,208,6,40,1,0,23,107.0,8.0,8.0,99.0
29849,29849,208,6,50,1,0,23,152.0,21.0,21.0,131.0
29850,29850,208,7,0,1,0,23,139.0,10.0,10.0,129.0
29851,29851,208,7,10,1,0,23,225.0,30.0,30.0,195.0
29852,29852,208,7,20,1,0,23,255.0,31.0,31.0,224.0
29853,29853,208,7,30,1,0,23,332.0,64.0,64.0,268.0
29854,29854,208,7,40,1,0,23,431.0,18.0,18.0,413.0
29855,29855,208,7,50,1,0,23,432.0,38.0,38.0,394.0
29856,29856,208,8,0,1,0,23,463.0,19.0,19.0,444.0
29857,29857,208,8,10,1,0,23,370.0,26.0,26.0,344.0
29858,29858,208,8,20,1,0,23,330.0,41.0,41.0,289.0
29859,29859,208,8,30,1,0,23,249.0,30.0,30.0,219.0
29860,29860,208,8,40,1,0,23,205.0,27.0,27.0,178.0
29861,29861,208,8,50,1,0,23,142.0,23.0,23.0,119.0
29862,29862,208,9,0,1,0,23,143.0,45.0,45.0,98.0
29863,29863,208,9,10,1,0,23,93.0,17.0,17.0,76.0
29864,29864,208,9,20,1,0,23,82.0,20.0,20.0,62.0
29865,29865,208,9,30,1,0,23,71.0,19.0,19.0,52.0
29866,29866,208,9,40,1,0,23,69.0,17.0,17.0,52.0
29867,29867,208,9,50,1,0,23,56.0,14.0,14.0,42.0
29868,29868,208,10,0,1,0,23,48.0,13.0,13.0,35.0
29869,29869,208,10,10,1,0,23,32.0,9.0,9.0,23.0
29870,29870,208,10,20,1,0,23,48.0,14.0,14.0,34.0
29871,29871,208,10,30,1,0,23,33.0,13.0,13.0,20.0
29872,29872,208,10,40,1,0,23,55.0,27.0,27.0,28.0
29873,29873,208,10,50,1,0,23,34.0,15.0,15.0,19.0
29874,29874,208,11,0,1,0,23,38.0,11.0,11.0,27.0
29875,29875,208,11,10,1,0,23,49.0,11.0,11.0,38.0
29876,29876,208,11,20,1,0,23,34.0,16.0,16.0,18.0
29877,29877,208,11,30,1,0,23,46.0,20.0,20.0,26.0
29878,29878,208,11,40,1,0,23,40.0,18.0,18.0,22.0
29879,29879,208,11,50,1,0,23,55.0,22.0,22.0,33.0
29880,29880,208,12,0,1,0,23,71.0,37.0,37.0,34.0
29881,29881,208,12,10,1,0,23,72.0,25.0,25.0,47.0
29882,29882,208,12,20,1,0,23,42.0,18.0,18.0,24.0
29883,29883,208,12,30,1,0,23,37.0,12.0,12.0,25.0
29884,29884,208,12,40,1,0,23,50.0,16.0,16.0,34.0
29885,29885,208,12,50,1,0,23,44.0,17.0,17.0,27.0
29886,29886,208,13,0,1,0,23,37.0,13.0,13.0,24.0
29887,29887,208,13,10,1,0,23,32.0,11.0,11.0,21.0
29888,29888,208,13,20,1,0,23,49.0,16.0,16.0,33.0
29889,29889,208,13,30,1,0,23,55.0,36.0,36.0,19.0
29890,29890,208,13,40,1,0,23,46.0,21.0,21.0,25.0
29891,29891,208,13,50,1,0,23,40.0,19.0,19.0,21.0
29892,29892,208,14,0,1,0,23,35.0,14.0,14.0,21.0
29893,29893,208,14,10,1,0,23,43.0,17.0,17.0,26.0
29894,29894,208,14,20,1,0,23,27.0,12.0,12.0,15.0
29895,29895,208,14,30,1,0,23,26.0,10.0,10.0,16.0
29896,29896,208,14,40,1,0,23,47.0,22.0,22.0,25.0
29897,29897,208,14,50,1,0,23,39.0,25.0,25.0,14.0
29898,29898,208,15,0,1,0,23,68.0,52.0,52.0,16.0
29899,29899,208,15,10,1,0,23,50.0,27.0,27.0,23.0
29900,29900,208,15,20,1,0,23,57.0,34.0,34.0,23.0
29901,29901,208,15,30,1,0,23,44.0,23.0,23.0,21.0
29902,29902,208,15,40,1,0,23,57.0,30.0,30.0,27.0
29903,29903,208,15,50,1,0,23,61.0,35.0,35.0,26.0
29904,29904,208,16,0,1,0,23,34.0,17.0,17.0,17.0
29905,29905,208,16,10,1,0,23,66.0,41.0,41.0,25.0
29906,29906,208,16,20,1,0,23,59.0,37.0,37.0,22.0
29907,29907,208,16,30,1,0,23,85.0,59.0,59.0,26.0
29908,29908,208,16,40,1,0,23,93.0,46.0,46.0,47.0
29909,29909,208,16,50,1,0,23,81.0,58.0,58.0,23.0
29910,29910,208,17,0,1,0,23,103.0,68.0,68.0,35.0
29911,29911,208,17,10,1,0,23,98.0,62.0,62.0,36.0
29912,29912,208,17,20,1,0,23,101.0,75.0,75.0,26.0
29913,29913,208,17,30,1,0,23,111.0,77.0,77.0,34.0
29914,29914,208,17,40,1,0,23,232.0,204.0,204.0,28.0
29915,29915,208,17,50,1,0,23,149.0,126.0,126.0,23.0
29916,29916,208,18,0,1,0,23,160.0,133.0,133.0,27.0
29917,29917,208,18,10,1,0,23,174.0,154.0,154.0,20.0
29918,29918,208,18,20,1,0,23,211.0,182.0,182.0,29.0
29919,29919,208,18,30,1,0,23,180.0,160.0,160.0,20.0
29920,29920,208,18,40,1,0,23,202.0,186.0,186.0,16.0
29921,29921,208,18,50,1,0,23,187.0,160.0,160.0,27.0
29922,29922,208,19,0,1,0,23,224.0,210.0,210.0,14.0
29923,29923,208,19,10,1,0,23,237.0,220.0,220.0,17.0
29924,29924,208,19,20,1,0,23,232.0,213.0,213.0,19.0
29925,29925,208,19,30,1,0,23,124.0,113.0,113.0,11.0
29926,29926,208,19,40,1,0,23,128.0,114.0,114.0,14.0
29927,29927,208,19,50,1,0,23,110.0,99.0,99.0,11.0
29928,29928,208,20,0,1,0,23,85.0,76.0,76.0,9.0
29929,29929,208,20,10,1,0,23,77.0,68.0,68.0,9.0
29930,29930,208,20,20,1,0,23,74.0,61.0,61.0,13.0
29931,29931,208,20,30,1,0,23,119.0,109.0,109.0,10.0
29932,29932,208,20,40,1,0,23,97.0,90.0,90.0,7.0
29933,29933,208,20,50,1,0,23,85.0,71.0,71.0,14.0
29934,29934,208,21,0,1,0,23,79.0,70.0,70.0,9.0
29935,29935,208,21,10,1,0,23,87.0,78.0,78.0,9.0
29936,29936,208,21,20,1,0,23,67.0,58.0,58.0,9.0
29937,29937,208,21,30,1,0,23,89.0,83.0,83.0,6.0
29938,29938,208,21,40,1,0,23,67.0,59.0,59.0,8.0
29939,29939,208,21,50,1,0,23,76.0,72.0,72.0,4.0
29940,29940,208,22,0,1,0,23,47.0,44.0,44.0,3.0
29941,29941,208,22,10,1,0,23,52.0,49.0,49.0,3.0
29942,29942,208,22,20,1,0,23,70.0,64.0,64.0,6.0
29943,29943,208,22,30,1,0,23,49.0,47.0,47.0,2.0
29944,29944,208,22,40,1,0,23,62.0,61.0,61.0,1.0
29945,29945,208,22,50,1,0,23,44.0,43.0,43.0,1.0
29982,29982,209,5,0,1,0,23,1.0,0.0,0.0,1.0
29983,29983,209,5,10,1,0,23,0.0,0.0,0.0,0.0
29984,29984,209,5,20,1,0,23,5.0,0.0,0.0,5.0
29985,29985,209,5,30,1,0,23,17.0,0.0,0.0,17.0
29986,29986,209,5,40,1,0,23,12.0,0.0,0.0,12.0
29987,29987,209,5,50,1,0,23,22.0,1.0,1.0,21.0
29988,29988,209,6,0,1,0,23,26.0,0.0,0.0,26.0
29989,29989,209,6,10,1,0,23,48.0,0.0,0.0,48.0
29990,29990,209,6,20,1,0,23,67.0,12.0,12.0,55.0
29991,29991,209,6,30,1,0,23,103.0,16.0,16.0,87.0
29992,29992,209,6,40,1,0,23,121.0,15.0,15.0,106.0
29993,29993,209,6,50,1,0,23,121.0,19.0,19.0,102.0
29994,29994,209,7,0,1,0,23,179.0,22.0,22.0,157.0
29995,29995,209,7,10,1,0,23,201.0,22.0,22.0,179.0
29996,29996,209,7,20,1,0,23,243.0,24.0,24.0,219.0
29997,29997,209,7,30,1,0,23,298.0,44.0,44.0,254.0
29998,29998,209,7,40,1,0,23,407.0,37.0,37.0,370.0
29999,29999,209,7,50,1,0,23,387.0,61.0,61.0,326.0
30000,30000,209,8,0,1,0,23,451.0,59.0,59.0,392.0
30001,30001,209,8,10,1,0,23,468.0,72.0,72.0,396.0
30002,30002,209,8,20,1,0,23,491.0,80.0,80.0,411.0
30003,30003,209,8,30,1,0,23,407.0,99.0,99.0,308.0
30004,30004,209,8,40,1,0,23,368.0,115.0,115.0,253.0
30005,30005,209,8,50,1,0,23,325.0,105.0,105.0,220.0
30006,30006,209,9,0,1,0,23,236.0,45.0,45.0,191.0
30007,30007,209,9,10,1,0,23,167.0,46.0,46.0,121.0
30008,30008,209,9,20,1,0,23,130.0,20.0,20.0,110.0
30009,30009,209,9,30,1,0,23,124.0,43.0,43.0,81.0
30010,30010,209,9,40,1,0,23,80.0,24.0,24.0,56.0
30011,30011,209,9,50,1,0,23,84.0,39.0,39.0,45.0
30012,30012,209,10,0,1,0,23,78.0,28.0,28.0,50.0
30013,30013,209,10,10,1,0,23,89.0,43.0,43.0,46.0
30014,30014,209,10,20,1,0,23,66.0,24.0,24.0,42.0
30015,30015,209,10,30,1,0,23,53.0,25.0,25.0,28.0
30016,30016,209,10,40,1,0,23,67.0,28.0,28.0,39.0
30017,30017,209,10,50,1,0,23,62.0,26.0,26.0,36.0
30018,30018,209,11,0,1,0,23,49.0,30.0,30.0,19.0
30019,30019,209,11,10,1,0,23,61.0,23.0,23.0,38.0
30020,30020,209,11,20,1,0,23,46.0,23.0,23.0,23.0
30021,30021,209,11,30,1,0,23,52.0,25.0,25.0,27.0
30022,30022,209,11,40,1,0,23,81.0,37.0,37.0,44.0
30023,30023,209,11,50,1,0,23,73.0,27.0,27.0,46.0
30024,30024,209,12,0,1,0,23,60.0,22.0,22.0,38.0
30025,30025,209,12,10,1,0,23,65.0,22.0,22.0,43.0
30026,30026,209,12,20,1,0,23,66.0,22.0,22.0,44.0
30027,30027,209,12,30,1,0,23,80.0,35.0,35.0,45.0
30028,30028,209,12,40,1,0,23,76.0,43.0,43.0,33.0
30029,30029,209,12,50,1,0,23,53.0,20.0,20.0,33.0
30030,30030,209,13,0,1,0,23,65.0,34.0,34.0,31.0
30031,30031,209,13,10,1,0,23,72.0,31.0,31.0,41.0
30032,30032,209,13,20,1,0,23,52.0,31.0,31.0,21.0
30033,30033,209,13,30,1,0,23,66.0,37.0,37.0,29.0
30034,30034,209,13,40,1,0,23,51.0,28.0,28.0,23.0
30035,30035,209,13,50,1,0,23,86.0,41.0,41.0,45.0
30036,30036,209,14,0,1,0,23,47.0,22.0,22.0,25.0
30037,30037,209,14,10,1,0,23,64.0,23.0,23.0,41.0
30038,30038,209,14,20,1,0,23,72.0,30.0,30.0,42.0
30039,30039,209,14,30,1,0,23,54.0,27.0,27.0,27.0
30040,30040,209,14,40,1,0,23,62.0,28.0,28.0,34.0
30041,30041,209,14,50,1,0,23,57.0,23.0,23.0,34.0
30042,30042,209,15,0,1,0,23,94.0,50.0,50.0,44.0
30043,30043,209,15,10,1,0,23,74.0,32.0,32.0,42.0
30044,30044,209,15,20,1,0,23,82.0,50.0,50.0,32.0
30045,30045,209,15,30,1,0,23,97.0,47.0,47.0,50.0
30046,30046,209,15,40,1,0,23,89.0,49.0,49.0,40.0
30047,30047,209,15,50,1,0,23,79.0,47.0,47.0,32.0
30048,30048,209,16,0,1,0,23,79.0,49.0,49.0,30.0
30049,30049,209,16,10,1,0,23,95.0,61.0,61.0,34.0
30050,30050,209,16,20,1,0,23,100.0,67.0,67.0,33.0
30051,30051,209,16,30,1,0,23,95.0,61.0,61.0,34.0
30052,30052,209,16,40,1,0,23,129.0,77.0,77.0,52.0
30053,30053,209,16,50,1,0,23,135.0,73.0,73.0,62.0
30054,30054,209,17,0,1,0,23,244.0,146.0,146.0,98.0
30055,30055,209,17,10,1,0,23,166.0,77.0,77.0,89.0
30056,30056,209,17,20,1,0,23,227.0,173.0,173.0,54.0
30057,30057,209,17,30,1,0,23,204.0,154.0,154.0,50.0
30058,30058,209,17,40,1,0,23,256.0,172.0,172.0,84.0
30059,30059,209,17,50,1,0,23,234.0,182.0,182.0,52.0
30060,30060,209,18,0,1,0,23,269.0,210.0,210.0,59.0
30061,30061,209,18,10,1,0,23,284.0,227.0,227.0,57.0
30062,30062,209,18,20,1,0,23,276.0,234.0,234.0,42.0
30063,30063,209,18,30,1,0,23,239.0,210.0,210.0,29.0
30064,30064,209,18,40,1,0,23,258.0,226.0,226.0,32.0
30065,30065,209,18,50,1,0,23,217.0,202.0,202.0,15.0
30066,30066,209,19,0,1,0,23,218.0,190.0,190.0,28.0
30067,30067,209,19,10,1,0,23,205.0,179.0,179.0,26.0
30068,30068,209,19,20,1,0,23,156.0,131.0,131.0,25.0
30069,30069,209,19,30,1,0,23,121.0,99.0,99.0,22.0
30070,30070,209,19,40,1,0,23,107.0,94.0,94.0,13.0
30071,30071,209,19,50,1,0,23,104.0,94.0,94.0,10.0
30072,30072,209,20,0,1,0,23,88.0,68.0,68.0,20.0
30073,30073,209,20,10,1,0,23,82.0,64.0,64.0,18.0
30074,30074,209,20,20,1,0,23,78.0,62.0,62.0,16.0
30075,30075,209,20,30,1,0,23,79.0,62.0,62.0,17.0
30076,30076,209,20,40,1,0,23,113.0,88.0,88.0,25.0
30077,30077,209,20,50,1,0,23,64.0,56.0,56.0,8.0
30078,30078,209,21,0,1,0,23,95.0,72.0,72.0,23.0
30079,30079,209,21,10,1,0,23,118.0,90.0,90.0,28.0
30080,30080,209,21,20,1,0,23,71.0,53.0,53.0,18.0
30081,30081,209,21,30,1,0,23,65.0,46.0,46.0,19.0
30082,30082,209,21,40,1,0,23,101.0,82.0,82.0,19.0
30083,30083,209,21,50,1,0,23,74.0,58.0,58.0,16.0
30084,30084,209,22,0,1,0,23,59.0,49.0,49.0,10.0
30085,30085,209,22,10,1,0,23,58.0,54.0,54.0,4.0
30086,30086,209,22,20,1,0,23,64.0,51.0,51.0,13.0
30087,30087,209,22,30,1,0,23,46.0,45.0,45.0,1.0
30088,30088,209,22,40,1,0,23,36.0,36.0,36.0,0.0
30089,30089,209,22,50,1,0,23,43.0,41.0,41.0,2.0
30126,30126,210,5,0,1,0,23,0.0,0.0,0.0,0.0
30127,30127,210,5,10,1,0,23,14.0,0.0,0.0,14.0
30128,30128,210,5,20,1,0,23,21.0,0.0,0.0,21.0
30129,30129,210,5,30,1,0,23,16.0,0.0,0.0,16.0
30130,30130,210,5,40,1,0,23,22.0,0.0,0.0,22.0
30131,30131,210,5,50,1,0,23,25.0,1.0,1.0,24.0
30132,30132,210,6,0,1,0,23,36.0,0.0,0.0,36.0
30133,30133,210,6,10,1,0,23,41.0,0.0,0.0,41.0
30134,30134,210,6,20,1,0,23,55.0,0.0,0.0,55.0
30135,30135,210,6,30,1,0,23,65.0,5.0,5.0,60.0
30136,30136,210,6,40,1,0,23,80.0,5.0,5.0,75.0
30137,30137,210,6,50,1,0,23,111.0,7.0,7.0,104.0
30138,30138,210,7,0,1,0,23,135.0,11.0,11.0,124.0
30139,30139,210,7,10,1,0,23,127.0,3.0,3.0,124.0
30140,30140,210,7,20,1,0,23,221.0,19.0,19.0,202.0
30141,30141,210,7,30,1,0,23,222.0,5.0,5.0,217.0
30142,30142,210,7,40,1,0,23,267.0,37.0,37.0,230.0
30143,30143,210,7,50,1,0,23,249.0,16.0,16.0,233.0
30144,30144,210,8,0,1,0,23,198.0,26.0,26.0,172.0
30145,30145,210,8,10,1,0,23,169.0,50.0,50.0,119.0
30146,30146,210,8,20,1,0,23,138.0,25.0,25.0,113.0
30147,30147,210,8,30,1,0,23,145.0,57.0,57.0,88.0
30148,30148,210,8,40,1,0,23,100.0,29.0,29.0,71.0
30149,30149,210,8,50,1,0,23,67.0,26.0,26.0,41.0
30150,30150,210,9,0,1,0,23,56.0,27.0,27.0,29.0
30151,30151,210,9,10,1,0,23,60.0,17.0,17.0,43.0
30152,30152,210,9,20,1,0,23,53.0,32.0,32.0,21.0
30153,30153,210,9,30,1,0,23,50.0,29.0,29.0,21.0
30154,30154,210,9,40,1,0,23,49.0,24.0,24.0,25.0
30155,30155,210,9,50,1,0,23,56.0,36.0,36.0,20.0
30156,30156,210,10,0,1,0,23,37.0,13.0,13.0,24.0
30157,30157,210,10,10,1,0,23,39.0,20.0,20.0,19.0
30158,30158,210,10,20,1,0,23,35.0,20.0,20.0,15.0
30159,30159,210,10,30,1,0,23,36.0,18.0,18.0,18.0
30160,30160,210,10,40,1,0,23,38.0,20.0,20.0,18.0
30161,30161,210,10,50,1,0,23,49.0,36.0,36.0,13.0
30162,30162,210,11,0,1,0,23,28.0,10.0,10.0,18.0
30163,30163,210,11,10,1,0,23,25.0,12.0,12.0,13.0
30164,30164,210,11,20,1,0,23,44.0,21.0,21.0,23.0
30165,30165,210,11,30,1,0,23,43.0,21.0,21.0,22.0
30166,30166,210,11,40,1,0,23,44.0,24.0,24.0,20.0
30167,30167,210,11,50,1,0,23,32.0,10.0,10.0,22.0
30168,30168,210,12,0,1,0,23,30.0,16.0,16.0,14.0
30169,30169,210,12,10,1,0,23,57.0,31.0,31.0,26.0
30170,30170,210,12,20,1,0,23,28.0,15.0,15.0,13.0
30171,30171,210,12,30,1,0,23,26.0,7.0,7.0,19.0
30172,30172,210,12,40,1,0,23,42.0,21.0,21.0,21.0
30173,30173,210,12,50,1,0,23,36.0,19.0,19.0,17.0
30174,30174,210,13,0,1,0,23,35.0,20.0,20.0,15.0
30175,30175,210,13,10,1,0,23,31.0,10.0,10.0,21.0
30176,30176,210,13,20,1,0,23,34.0,20.0,20.0,14.0
30177,30177,210,13,30,1,0,23,48.0,21.0,21.0,27.0
30178,30178,210,13,40,1,0,23,46.0,25.0,25.0,21.0
30179,30179,210,13,50,1,0,23,31.0,13.0,13.0,18.0
30180,30180,210,14,0,1,0,23,52.0,21.0,21.0,31.0
30181,30181,210,14,10,1,0,23,27.0,11.0,11.0,16.0
30182,30182,210,14,20,1,0,23,18.0,6.0,6.0,12.0
30183,30183,210,14,30,1,0,23,29.0,14.0,14.0,15.0
30184,30184,210,14,40,1,0,23,51.0,21.0,21.0,30.0
30185,30185,210,14,50,1,0,23,28.0,10.0,10.0,18.0
30186,30186,210,15,0,1,0,23,54.0,37.0,37.0,17.0
30187,30187,210,15,10,1,0,23,57.0,32.0,32.0,25.0
30188,30188,210,15,20,1,0,23,76.0,29.0,29.0,47.0
30189,30189,210,15,30,1,0,23,41.0,20.0,20.0,21.0
30190,30190,210,15,40,1,0,23,41.0,23.0,23.0,18.0
30191,30191,210,15,50,1,0,23,41.0,20.0,20.0,21.0
30192,30192,210,16,0,1,0,23,52.0,26.0,26.0,26.0
30193,30193,210,16,10,1,0,23,31.0,13.0,13.0,18.0
30194,30194,210,16,20,1,0,23,38.0,24.0,24.0,14.0
30195,30195,210,16,30,1,0,23,50.0,30.0,30.0,20.0
30196,30196,210,16,40,1,0,23,79.0,50.0,50.0,29.0
30197,30197,210,16,50,1,0,23,70.0,45.0,45.0,25.0
30198,30198,210,17,0,1,0,23,63.0,33.0,33.0,30.0
30199,30199,210,17,10,1,0,23,94.0,37.0,37.0,57.0
30200,30200,210,17,20,1,0,23,41.0,23.0,23.0,18.0
30201,30201,210,17,30,1,0,23,98.0,74.0,74.0,24.0
30202,30202,210,17,40,1,0,23,78.0,50.0,50.0,28.0
30203,30203,210,17,50,1,0,23,86.0,59.0,59.0,27.0
30204,30204,210,18,0,1,0,23,81.0,70.0,70.0,11.0
30205,30205,210,18,10,1,0,23,78.0,64.0,64.0,14.0
30206,30206,210,18,20,1,0,23,65.0,55.0,55.0,10.0
30207,30207,210,18,30,1,0,23,80.0,70.0,70.0,10.0
30208,30208,210,18,40,1,0,23,73.0,66.0,66.0,7.0
30209,30209,210,18,50,1,0,23,70.0,63.0,63.0,7.0
30210,30210,210,19,0,1,0,23,166.0,160.0,160.0,6.0
30211,30211,210,19,10,1,0,23,100.0,96.0,96.0,4.0
30212,30212,210,19,20,1,0,23,77.0,63.0,63.0,14.0
30213,30213,210,19,30,1,0,23,77.0,61.0,61.0,16.0
30214,30214,210,19,40,1,0,23,70.0,61.0,61.0,9.0
30215,30215,210,19,50,1,0,23,55.0,45.0,45.0,10.0
30216,30216,210,20,0,1,0,23,48.0,42.0,42.0,6.0
30217,30217,210,20,10,1,0,23,47.0,40.0,40.0,7.0
30218,30218,210,20,20,1,0,23,44.0,34.0,34.0,10.0
30219,30219,210,20,30,1,0,23,79.0,73.0,73.0,6.0
30220,30220,210,20,40,1,0,23,33.0,25.0,25.0,8.0
30221,30221,210,20,50,1,0,23,35.0,25.0,25.0,10.0
30222,30222,210,21,0,1,0,23,23.0,17.0,17.0,6.0
30223,30223,210,21,10,1,0,23,24.0,15.0,15.0,9.0
30224,30224,210,21,20,1,0,23,37.0,36.0,36.0,1.0
30225,30225,210,21,30,1,0,23,24.0,20.0,20.0,4.0
30226,30226,210,21,40,1,0,23,54.0,50.0,50.0,4.0
30227,30227,210,21,50,1,0,23,27.0,24.0,24.0,3.0
30228,30228,210,22,0,1,0,23,28.0,26.0,26.0,2.0
30229,30229,210,22,10,1,0,23,19.0,17.0,17.0,2.0
30230,30230,210,22,20,1,0,23,29.0,27.0,27.0,2.0
30231,30231,210,22,30,1,0,23,19.0,19.0,19.0,0.0
30232,30232,210,22,40,1,0,23,17.0,17.0,17.0,0.0
30233,30233,210,22,50,1,0,23,19.0,19.0,19.0,0.0
30270,30270,211,5,0,1,0,23,0.0,0.0,0.0,0.0
30271,30271,211,5,10,1,0,23,0.0,0.0,0.0,0.0
30272,30272,211,5,20,1,0,23,7.0,0.0,0.0,7.0
30273,30273,211,5,30,1,0,23,4.0,0.0,0.0,4.0
30274,30274,211,5,40,1,0,23,16.0,0.0,0.0,16.0
30275,30275,211,5,50,1,0,23,13.0,2.0,2.0,11.0
30276,30276,211,6,0,1,0,23,37.0,6.0,6.0,31.0
30277,30277,211,6,10,1,0,23,57.0,7.0,7.0,50.0
30278,30278,211,6,20,1,0,23,130.0,66.0,66.0,64.0
30279,30279,211,6,30,1,0,23,109.0,21.0,21.0,88.0
30280,30280,211,6,40,1,0,23,134.0,30.0,30.0,104.0
30281,30281,211,6,50,1,0,23,177.0,56.0,56.0,121.0
30282,30282,211,7,0,1,0,23,252.0,78.0,78.0,174.0
30283,30283,211,7,10,1,0,23,320.0,127.0,127.0,193.0
30284,30284,211,7,20,1,0,23,339.0,116.0,116.0,223.0
30285,30285,211,7,30,1,0,23,383.0,103.0,103.0,280.0
30286,30286,211,7,40,1,0,23,443.0,91.0,91.0,352.0
30287,30287,211,7,50,1,0,23,465.0,52.0,52.0,413.0
30288,30288,211,8,0,1,0,23,499.0,116.0,116.0,383.0
30289,30289,211,8,10,1,0,23,577.0,165.0,165.0,412.0
30290,30290,211,8,20,1,0,23,614.0,231.0,231.0,383.0
30291,30291,211,8,30,1,0,23,641.0,341.0,341.0,300.0
30292,30292,211,8,40,1,0,23,718.0,439.0,439.0,279.0
30293,30293,211,8,50,1,0,23,624.0,413.0,413.0,211.0
30294,30294,211,9,0,1,0,23,405.0,218.0,218.0,187.0
30295,30295,211,9,10,1,0,23,348.0,191.0,191.0,157.0
30296,30296,211,9,20,1,0,23,289.0,165.0,165.0,124.0
30297,30297,211,9,30,1,0,23,243.0,118.0,118.0,125.0
30298,30298,211,9,40,1,0,23,156.0,86.0,86.0,70.0
30299,30299,211,9,50,1,0,23,142.0,65.0,65.0,77.0
30300,30300,211,10,0,1,0,23,103.0,47.0,47.0,56.0
30301,30301,211,10,10,1,0,23,86.0,39.0,39.0,47.0
30302,30302,211,10,20,1,0,23,92.0,39.0,39.0,53.0
30303,30303,211,10,30,1,0,23,89.0,45.0,45.0,44.0
30304,30304,211,10,40,1,0,23,66.0,22.0,22.0,44.0
30305,30305,211,10,50,1,0,23,61.0,28.0,28.0,33.0
30306,30306,211,11,0,1,0,23,87.0,40.0,40.0,47.0
30307,30307,211,11,10,1,0,23,65.0,37.0,37.0,28.0
30308,30308,211,11,20,1,0,23,66.0,29.0,29.0,37.0
30309,30309,211,11,30,1,0,23,62.0,28.0,28.0,34.0
30310,30310,211,11,40,1,0,23,79.0,30.0,30.0,49.0
30311,30311,211,11,50,1,0,23,83.0,41.0,41.0,42.0
30312,30312,211,12,0,1,0,23,100.0,37.0,37.0,63.0
30313,30313,211,12,10,1,0,23,83.0,34.0,34.0,49.0
30314,30314,211,12,20,1,0,23,74.0,35.0,35.0,39.0
30315,30315,211,12,30,1,0,23,66.0,34.0,34.0,32.0
30316,30316,211,12,40,1,0,23,81.0,39.0,39.0,42.0
30317,30317,211,12,50,1,0,23,93.0,44.0,44.0,49.0
30318,30318,211,13,0,1,0,23,86.0,40.0,40.0,46.0
30319,30319,211,13,10,1,0,23,69.0,31.0,31.0,38.0
30320,30320,211,13,20,1,0,23,69.0,39.0,39.0,30.0
30321,30321,211,13,30,1,0,23,94.0,49.0,49.0,45.0
30322,30322,211,13,40,1,0,23,85.0,48.0,48.0,37.0
30323,30323,211,13,50,1,0,23,70.0,32.0,32.0,38.0
30324,30324,211,14,0,1,0,23,77.0,33.0,33.0,44.0
30325,30325,211,14,10,1,0,23,86.0,51.0,51.0,35.0
30326,30326,211,14,20,1,0,23,80.0,39.0,39.0,41.0
30327,30327,211,14,30,1,0,23,86.0,50.0,50.0,36.0
30328,30328,211,14,40,1,0,23,98.0,47.0,47.0,51.0
30329,30329,211,14,50,1,0,23,86.0,43.0,43.0,43.0
30330,30330,211,15,0,1,0,23,94.0,49.0,49.0,45.0
30331,30331,211,15,10,1,0,23,118.0,55.0,55.0,63.0
30332,30332,211,15,20,1,0,23,126.0,36.0,36.0,90.0
30333,30333,211,15,30,1,0,23,133.0,47.0,47.0,86.0
30334,30334,211,15,40,1,0,23,108.0,64.0,64.0,44.0
30335,30335,211,15,50,1,0,23,107.0,57.0,57.0,50.0
30336,30336,211,16,0,1,0,23,161.0,78.0,78.0,83.0
30337,30337,211,16,10,1,0,23,133.0,62.0,62.0,71.0
30338,30338,211,16,20,1,0,23,160.0,91.0,91.0,69.0
30339,30339,211,16,30,1,0,23,229.0,79.0,79.0,150.0
30340,30340,211,16,40,1,0,23,252.0,81.0,81.0,171.0
30341,30341,211,16,50,1,0,23,271.0,115.0,115.0,156.0
30342,30342,211,17,0,1,0,23,311.0,115.0,115.0,196.0
30343,30343,211,17,10,1,0,23,388.0,160.0,160.0,228.0
30344,30344,211,17,20,1,0,23,289.0,149.0,149.0,140.0
30345,30345,211,17,30,1,0,23,329.0,183.0,183.0,146.0
30346,30346,211,17,40,1,0,23,394.0,192.0,192.0,202.0
30347,30347,211,17,50,1,0,23,340.0,224.0,224.0,116.0
30348,30348,211,18,0,1,0,23,395.0,217.0,217.0,178.0
30349,30349,211,18,10,1,0,23,517.0,241.0,241.0,276.0
30350,30350,211,18,20,1,0,23,396.0,214.0,214.0,182.0
30351,30351,211,18,30,1,0,23,402.0,287.0,287.0,115.0
30352,30352,211,18,40,1,0,23,361.0,241.0,241.0,120.0
30353,30353,211,18,50,1,0,23,360.0,229.0,229.0,131.0
30354,30354,211,19,0,1,0,23,262.0,191.0,191.0,71.0
30355,30355,211,19,10,1,0,23,218.0,146.0,146.0,72.0
30356,30356,211,19,20,1,0,23,200.0,142.0,142.0,58.0
30357,30357,211,19,30,1,0,23,166.0,122.0,122.0,44.0
30358,30358,211,19,40,1,0,23,169.0,123.0,123.0,46.0
30359,30359,211,19,50,1,0,23,123.0,69.0,69.0,54.0
30360,30360,211,20,0,1,0,23,115.0,70.0,70.0,45.0
30361,30361,211,20,10,1,0,23,120.0,66.0,66.0,54.0
30362,30362,211,20,20,1,0,23,136.0,90.0,90.0,46.0
30363,30363,211,20,30,1,0,23,106.0,76.0,76.0,30.0
30364,30364,211,20,40,1,0,23,118.0,83.0,83.0,35.0
30365,30365,211,20,50,1,0,23,111.0,77.0,77.0,34.0
30366,30366,211,21,0,1,0,23,91.0,57.0,57.0,34.0
30367,30367,211,21,10,1,0,23,144.0,77.0,77.0,67.0
30368,30368,211,21,20,1,0,23,124.0,81.0,81.0,43.0
30369,30369,211,21,30,1,0,23,117.0,66.0,66.0,51.0
30370,30370,211,21,40,1,0,23,100.0,62.0,62.0,38.0
30371,30371,211,21,50,1,0,23,119.0,74.0,74.0,45.0
30372,30372,211,22,0,1,0,23,89.0,64.0,64.0,25.0
30373,30373,211,22,10,1,0,23,77.0,50.0,50.0,27.0
30374,30374,211,22,20,1,0,23,59.0,40.0,40.0,19.0
30375,30375,211,22,30,1,0,23,82.0,64.0,64.0,18.0
30376,30376,211,22,40,1,0,23,46.0,39.0,39.0,7.0
30377,30377,211,22,50,1,0,23,46.0,43.0,43.0,3.0
30414,30414,212,5,0,1,0,23,0.0,0.0,0.0,0.0
30415,30415,212,5,10,1,0,23,1.0,0.0,0.0,1.0
30416,30416,212,5,20,1,0,23,3.0,1.0,1.0,2.0
30417,30417,212,5,30,1,0,23,15.0,0.0,0.0,15.0
30418,30418,212,5,40,1,0,23,15.0,0.0,0.0,15.0
30419,30419,212,5,50,1,0,23,16.0,1.0,1.0,15.0
30420,30420,212,6,0,1,0,23,30.0,0.0,0.0,30.0
30421,30421,212,6,10,1,0,23,37.0,0.0,0.0,37.0
30422,30422,212,6,20,1,0,23,60.0,10.0,10.0,50.0
30423,30423,212,6,30,1,0,23,121.0,4.0,4.0,117.0
30424,30424,212,6,40,1,0,23,121.0,6.0,6.0,115.0
30425,30425,212,6,50,1,0,23,182.0,11.0,11.0,171.0
30426,30426,212,7,0,1,0,23,203.0,17.0,17.0,186.0
30427,30427,212,7,10,1,0,23,270.0,15.0,15.0,255.0
30428,30428,212,7,20,1,0,23,271.0,24.0,24.0,247.0
30429,30429,212,7,30,1,0,23,370.0,26.0,26.0,344.0
30430,30430,212,7,40,1,0,23,478.0,34.0,34.0,444.0
30431,30431,212,7,50,1,0,23,456.0,39.0,39.0,417.0
30432,30432,212,8,0,1,0,23,633.0,44.0,44.0,589.0
30433,30433,212,8,10,1,0,23,629.0,58.0,58.0,571.0
30434,30434,212,8,20,1,0,23,571.0,57.0,57.0,514.0
30435,30435,212,8,30,1,0,23,517.0,77.0,77.0,440.0
30436,30436,212,8,40,1,0,23,415.0,86.0,86.0,329.0
30437,30437,212,8,50,1,0,23,308.0,84.0,84.0,224.0
30438,30438,212,9,0,1,0,23,267.0,75.0,75.0,192.0
30439,30439,212,9,10,1,0,23,213.0,54.0,54.0,159.0
30440,30440,212,9,20,1,0,23,153.0,40.0,40.0,113.0
30441,30441,212,9,30,1,0,23,141.0,34.0,34.0,107.0
30442,30442,212,9,40,1,0,23,118.0,53.0,53.0,65.0
30443,30443,212,9,50,1,0,23,95.0,32.0,32.0,63.0
30444,30444,212,10,0,1,0,23,109.0,40.0,40.0,69.0
30445,30445,212,10,10,1,0,23,65.0,28.0,28.0,37.0
30446,30446,212,10,20,1,0,23,62.0,23.0,23.0,39.0
30447,30447,212,10,30,1,0,23,54.0,20.0,20.0,34.0
30448,30448,212,10,40,1,0,23,62.0,39.0,39.0,23.0
30449,30449,212,10,50,1,0,23,81.0,38.0,38.0,43.0
30450,30450,212,11,0,1,0,23,62.0,26.0,26.0,36.0
30451,30451,212,11,10,1,0,23,56.0,31.0,31.0,25.0
30452,30452,212,11,20,1,0,23,63.0,32.0,32.0,31.0
30453,30453,212,11,30,1,0,23,55.0,27.0,27.0,28.0
30454,30454,212,11,40,1,0,23,75.0,33.0,33.0,42.0
30455,30455,212,11,50,1,0,23,67.0,27.0,27.0,40.0
30456,30456,212,12,0,1,0,23,66.0,31.0,31.0,35.0
30457,30457,212,12,10,1,0,23,61.0,22.0,22.0,39.0
30458,30458,212,12,20,1,0,23,69.0,37.0,37.0,32.0
30459,30459,212,12,30,1,0,23,70.0,20.0,20.0,50.0
30460,30460,212,12,40,1,0,23,72.0,36.0,36.0,36.0
30461,30461,212,12,50,1,0,23,64.0,30.0,30.0,34.0
30462,30462,212,13,0,1,0,23,86.0,43.0,43.0,43.0
30463,30463,212,13,10,1,0,23,81.0,43.0,43.0,38.0
30464,30464,212,13,20,1,0,23,63.0,24.0,24.0,39.0
30465,30465,212,13,30,1,0,23,76.0,38.0,38.0,38.0
30466,30466,212,13,40,1,0,23,66.0,27.0,27.0,39.0
30467,30467,212,13,50,1,0,23,69.0,32.0,32.0,37.0
30468,30468,212,14,0,1,0,23,81.0,46.0,46.0,35.0
30469,30469,212,14,10,1,0,23,86.0,41.0,41.0,45.0
30470,30470,212,14,20,1,0,23,60.0,33.0,33.0,27.0
30471,30471,212,14,30,1,0,23,79.0,42.0,42.0,37.0
30472,30472,212,14,40,1,0,23,98.0,53.0,53.0,45.0
30473,30473,212,14,50,1,0,23,70.0,42.0,42.0,28.0
30474,30474,212,15,0,1,0,23,61.0,29.0,29.0,32.0
30475,30475,212,15,10,1,0,23,80.0,48.0,48.0,32.0
30476,30476,212,15,20,1,0,23,88.0,47.0,47.0,41.0
30477,30477,212,15,30,1,0,23,76.0,46.0,46.0,30.0
30478,30478,212,15,40,1,0,23,89.0,64.0,64.0,25.0
30479,30479,212,15,50,1,0,23,76.0,56.0,56.0,20.0
30480,30480,212,16,0,1,0,23,114.0,89.0,89.0,25.0
30481,30481,212,16,10,1,0,23,98.0,54.0,54.0,44.0
30482,30482,212,16,20,1,0,23,87.0,58.0,58.0,29.0
30483,30483,212,16,30,1,0,23,110.0,68.0,68.0,42.0
30484,30484,212,16,40,1,0,23,144.0,94.0,94.0,50.0
30485,30485,212,16,50,1,0,23,142.0,94.0,94.0,48.0
30486,30486,212,17,0,1,0,23,177.0,134.0,134.0,43.0
30487,30487,212,17,10,1,0,23,176.0,117.0,117.0,59.0
30488,30488,212,17,20,1,0,23,184.0,129.0,129.0,55.0
30489,30489,212,17,30,1,0,23,207.0,141.0,141.0,66.0
30490,30490,212,17,40,1,0,23,328.0,244.0,244.0,84.0
30491,30491,212,17,50,1,0,23,248.0,201.0,201.0,47.0
30492,30492,212,18,0,1,0,23,281.0,225.0,225.0,56.0
30493,30493,212,18,10,1,0,23,341.0,283.0,283.0,58.0
30494,30494,212,18,20,1,0,23,329.0,285.0,285.0,44.0
30495,30495,212,18,30,1,0,23,356.0,310.0,310.0,46.0
30496,30496,212,18,40,1,0,23,333.0,296.0,296.0,37.0
30497,30497,212,18,50,1,0,23,341.0,307.0,307.0,34.0
30498,30498,212,19,0,1,0,23,222.0,194.0,194.0,28.0
30499,30499,212,19,10,1,0,23,259.0,228.0,228.0,31.0
30500,30500,212,19,20,1,0,23,152.0,133.0,133.0,19.0
30501,30501,212,19,30,1,0,23,180.0,158.0,158.0,22.0
30502,30502,212,19,40,1,0,23,142.0,120.0,120.0,22.0
30503,30503,212,19,50,1,0,23,150.0,123.0,123.0,27.0
30504,30504,212,20,0,1,0,23,113.0,96.0,96.0,17.0
30505,30505,212,20,10,1,0,23,134.0,119.0,119.0,15.0
30506,30506,212,20,20,1,0,23,108.0,86.0,86.0,22.0
30507,30507,212,20,30,1,0,23,81.0,65.0,65.0,16.0
30508,30508,212,20,40,1,0,23,105.0,83.0,83.0,22.0
30509,30509,212,20,50,1,0,23,110.0,93.0,93.0,17.0
30510,30510,212,21,0,1,0,23,94.0,73.0,73.0,21.0
30511,30511,212,21,10,1,0,23,94.0,77.0,77.0,17.0
30512,30512,212,21,20,1,0,23,91.0,70.0,70.0,21.0
30513,30513,212,21,30,1,0,23,97.0,87.0,87.0,10.0
30514,30514,212,21,40,1,0,23,105.0,89.0,89.0,16.0
30515,30515,212,21,50,1,0,23,81.0,65.0,65.0,16.0
30516,30516,212,22,0,1,0,23,89.0,69.0,69.0,20.0
30517,30517,212,22,10,1,0,23,50.0,45.0,45.0,5.0
30518,30518,212,22,20,1,0,23,84.0,79.0,79.0,5.0
30519,30519,212,22,30,1,0,23,74.0,73.0,73.0,1.0
30520,30520,212,22,40,1,0,23,44.0,44.0,44.0,0.0
30521,30521,212,22,50,1,0,23,47.0,47.0,47.0,0.0
30558,30558,213,5,0,1,0,23,1.0,0.0,0.0,1.0
30559,30559,213,5,10,1,0,23,5.0,0.0,0.0,5.0
30560,30560,213,5,20,1,0,23,18.0,0.0,0.0,18.0
30561,30561,213,5,30,1,0,23,17.0,1.0,1.0,16.0
30562,30562,213,5,40,1,0,23,21.0,0.0,0.0,21.0
30563,30563,213,5,50,1,0,23,31.0,0.0,0.0,31.0
30564,30564,213,6,0,1,0,23,46.0,0.0,0.0,46.0
30565,30565,213,6,10,1,0,23,49.0,0.0,0.0,49.0
30566,30566,213,6,20,1,0,23,92.0,0.0,0.0,92.0
30567,30567,213,6,30,1,0,23,89.0,16.0,16.0,73.0
30568,30568,213,6,40,1,0,23,141.0,14.0,14.0,127.0
30569,30569,213,6,50,1,0,23,149.0,37.0,37.0,112.0
30570,30570,213,7,0,1,0,23,190.0,52.0,52.0,138.0
30571,30571,213,7,10,1,0,23,208.0,33.0,33.0,175.0
30572,30572,213,7,20,1,0,23,223.0,46.0,46.0,177.0
30573,30573,213,7,30,1,0,23,284.0,56.0,56.0,228.0
30574,30574,213,7,40,1,0,23,316.0,94.0,94.0,222.0
30575,30575,213,7,50,1,0,23,361.0,152.0,152.0,209.0
30576,30576,213,8,0,1,0,23,304.0,167.0,167.0,137.0
30577,30577,213,8,10,1,0,23,327.0,188.0,188.0,139.0
30578,30578,213,8,20,1,0,23,276.0,153.0,153.0,123.0
30579,30579,213,8,30,1,0,23,308.0,207.0,207.0,101.0
30580,30580,213,8,40,1,0,23,483.0,406.0,406.0,77.0
30581,30581,213,8,50,1,0,23,182.0,118.0,118.0,64.0
30582,30582,213,9,0,1,0,23,167.0,109.0,109.0,58.0
30583,30583,213,9,10,1,0,23,188.0,133.0,133.0,55.0
30584,30584,213,9,20,1,0,23,117.0,76.0,76.0,41.0
30585,30585,213,9,30,1,0,23,89.0,53.0,53.0,36.0
30586,30586,213,9,40,1,0,23,87.0,53.0,53.0,34.0
30587,30587,213,9,50,1,0,23,88.0,57.0,57.0,31.0
30588,30588,213,10,0,1,0,23,84.0,44.0,44.0,40.0
30589,30589,213,10,10,1,0,23,65.0,32.0,32.0,33.0
30590,30590,213,10,20,1,0,23,77.0,39.0,39.0,38.0
30591,30591,213,10,30,1,0,23,66.0,42.0,42.0,24.0
30592,30592,213,10,40,1,0,23,69.0,40.0,40.0,29.0
30593,30593,213,10,50,1,0,23,56.0,32.0,32.0,24.0
30594,30594,213,11,0,1,0,23,87.0,43.0,43.0,44.0
30595,30595,213,11,10,1,0,23,85.0,36.0,36.0,49.0
30596,30596,213,11,20,1,0,23,49.0,25.0,25.0,24.0
30597,30597,213,11,30,1,0,23,67.0,28.0,28.0,39.0
30598,30598,213,11,40,1,0,23,69.0,28.0,28.0,41.0
30599,30599,213,11,50,1,0,23,69.0,29.0,29.0,40.0
30600,30600,213,12,0,1,0,23,64.0,24.0,24.0,40.0
30601,30601,213,12,10,1,0,23,62.0,26.0,26.0,36.0
30602,30602,213,12,20,1,0,23,68.0,30.0,30.0,38.0
30603,30603,213,12,30,1,0,23,106.0,59.0,59.0,47.0
30604,30604,213,12,40,1,0,23,63.0,27.0,27.0,36.0
30605,30605,213,12,50,1,0,23,87.0,38.0,38.0,49.0
30606,30606,213,13,0,1,0,23,66.0,41.0,41.0,25.0
30607,30607,213,13,10,1,0,23,74.0,26.0,26.0,48.0
30608,30608,213,13,20,1,0,23,55.0,28.0,28.0,27.0
30609,30609,213,13,30,1,0,23,66.0,32.0,32.0,34.0
30610,30610,213,13,40,1,0,23,85.0,30.0,30.0,55.0
30611,30611,213,13,50,1,0,23,75.0,36.0,36.0,39.0
30612,30612,213,14,0,1,0,23,65.0,24.0,24.0,41.0
30613,30613,213,14,10,1,0,23,94.0,65.0,65.0,29.0
30614,30614,213,14,20,1,0,23,61.0,30.0,30.0,31.0
30615,30615,213,14,30,1,0,23,75.0,40.0,40.0,35.0
30616,30616,213,14,40,1,0,23,74.0,31.0,31.0,43.0
30617,30617,213,14,50,1,0,23,56.0,34.0,34.0,22.0
30618,30618,213,15,0,1,0,23,70.0,30.0,30.0,40.0
30619,30619,213,15,10,1,0,23,72.0,36.0,36.0,36.0
30620,30620,213,15,20,1,0,23,87.0,44.0,44.0,43.0
30621,30621,213,15,30,1,0,23,93.0,66.0,66.0,27.0
30622,30622,213,15,40,1,0,23,100.0,42.0,42.0,58.0
30623,30623,213,15,50,1,0,23,102.0,47.0,47.0,55.0
30624,30624,213,16,0,1,0,23,114.0,40.0,40.0,74.0
30625,30625,213,16,10,1,0,23,104.0,39.0,39.0,65.0
30626,30626,213,16,20,1,0,23,137.0,53.0,53.0,84.0
30627,30627,213,16,30,1,0,23,130.0,39.0,39.0,91.0
30628,30628,213,16,40,1,0,23,148.0,42.0,42.0,106.0
30629,30629,213,16,50,1,0,23,182.0,83.0,83.0,99.0
30630,30630,213,17,0,1,0,23,219.0,78.0,78.0,141.0
30631,30631,213,17,10,1,0,23,215.0,58.0,58.0,157.0
30632,30632,213,17,20,1,0,23,171.0,53.0,53.0,118.0
30633,30633,213,17,30,1,0,23,239.0,71.0,71.0,168.0
30634,30634,213,17,40,1,0,23,271.0,95.0,95.0,176.0
30635,30635,213,17,50,1,0,23,323.0,182.0,182.0,141.0
30636,30636,213,18,0,1,0,23,243.0,132.0,132.0,111.0
30637,30637,213,18,10,1,0,23,169.0,108.0,108.0,61.0
30638,30638,213,18,20,1,0,23,158.0,97.0,97.0,61.0
30639,30639,213,18,30,1,0,23,169.0,132.0,132.0,37.0
30640,30640,213,18,40,1,0,23,147.0,103.0,103.0,44.0
30641,30641,213,18,50,1,0,23,167.0,124.0,124.0,43.0
30642,30642,213,19,0,1,0,23,143.0,114.0,114.0,29.0
30643,30643,213,19,10,1,0,23,156.0,124.0,124.0,32.0
30644,30644,213,19,20,1,0,23,124.0,103.0,103.0,21.0
30645,30645,213,19,30,1,0,23,205.0,188.0,188.0,17.0
30646,30646,213,19,40,1,0,23,107.0,89.0,89.0,18.0
30647,30647,213,19,50,1,0,23,95.0,75.0,75.0,20.0
30648,30648,213,20,0,1,0,23,68.0,52.0,52.0,16.0
30649,30649,213,20,10,1,0,23,65.0,57.0,57.0,8.0
30650,30650,213,20,20,1,0,23,54.0,39.0,39.0,15.0
30651,30651,213,20,30,1,0,23,61.0,48.0,48.0,13.0
30652,30652,213,20,40,1,0,23,71.0,53.0,53.0,18.0
30653,30653,213,20,50,1,0,23,59.0,41.0,41.0,18.0
30654,30654,213,21,0,1,0,23,102.0,77.0,77.0,25.0
30655,30655,213,21,10,1,0,23,70.0,58.0,58.0,12.0
30656,30656,213,21,20,1,0,23,45.0,29.0,29.0,16.0
30657,30657,213,21,30,1,0,23,44.0,34.0,34.0,10.0
30658,30658,213,21,40,1,0,23,45.0,37.0,37.0,8.0
30659,30659,213,21,50,1,0,23,55.0,46.0,46.0,9.0
30660,30660,213,22,0,1,0,23,45.0,44.0,44.0,1.0
30661,30661,213,22,10,1,0,23,32.0,27.0,27.0,5.0
30662,30662,213,22,20,1,0,23,42.0,41.0,41.0,1.0
30663,30663,213,22,30,1,0,23,18.0,18.0,18.0,0.0
30664,30664,213,22,40,1,0,23,33.0,33.0,33.0,0.0
30665,30665,213,22,50,1,0,23,26.0,26.0,26.0,0.0
30702,30702,214,5,0,1,0,23,0.0,0.0,0.0,0.0
30703,30703,214,5,10,1,0,23,0.0,0.0,0.0,0.0
30704,30704,214,5,20,1,0,23,2.0,0.0,0.0,2.0
30705,30705,214,5,30,1,0,23,8.0,0.0,0.0,8.0
30706,30706,214,5,40,1,0,23,9.0,0.0,0.0,9.0
30707,30707,214,5,50,1,0,23,9.0,0.0,0.0,9.0
30708,30708,214,6,0,1,0,23,27.0,0.0,0.0,27.0
30709,30709,214,6,10,1,0,23,19.0,0.0,0.0,19.0
30710,30710,214,6,20,1,0,23,53.0,5.0,5.0,48.0
30711,30711,214,6,30,1,0,23,70.0,12.0,12.0,58.0
30712,30712,214,6,40,1,0,23,124.0,11.0,11.0,113.0
30713,30713,214,6,50,1,0,23,129.0,26.0,26.0,103.0
30714,30714,214,7,0,1,0,23,127.0,20.0,20.0,107.0
30715,30715,214,7,10,1,0,23,210.0,49.0,49.0,161.0
30716,30716,214,7,20,1,0,23,226.0,65.0,65.0,161.0
30717,30717,214,7,30,1,0,23,272.0,89.0,89.0,183.0
30718,30718,214,7,40,1,0,23,303.0,95.0,95.0,208.0
30719,30719,214,7,50,1,0,23,362.0,72.0,72.0,290.0
30720,30720,214,8,0,1,0,23,363.0,54.0,54.0,309.0
30721,30721,214,8,10,1,0,23,367.0,60.0,60.0,307.0
30722,30722,214,8,20,1,0,23,286.0,58.0,58.0,228.0
30723,30723,214,8,30,1,0,23,312.0,53.0,53.0,259.0
30724,30724,214,8,40,1,0,23,237.0,42.0,42.0,195.0
30725,30725,214,8,50,1,0,23,169.0,40.0,40.0,129.0
30726,30726,214,9,0,1,0,23,168.0,35.0,35.0,133.0
30727,30727,214,9,10,1,0,23,111.0,33.0,33.0,78.0
30728,30728,214,9,20,1,0,23,98.0,24.0,24.0,74.0
30729,30729,214,9,30,1,0,23,100.0,28.0,28.0,72.0
30730,30730,214,9,40,1,0,23,85.0,37.0,37.0,48.0
30731,30731,214,9,50,1,0,23,60.0,25.0,25.0,35.0
30732,30732,214,10,0,1,0,23,59.0,15.0,15.0,44.0
30733,30733,214,10,10,1,0,23,64.0,29.0,29.0,35.0
30734,30734,214,10,20,1,0,23,50.0,23.0,23.0,27.0
30735,30735,214,10,30,1,0,23,64.0,33.0,33.0,31.0
30736,30736,214,10,40,1,0,23,86.0,36.0,36.0,50.0
30737,30737,214,10,50,1,0,23,59.0,27.0,27.0,32.0
30738,30738,214,11,0,1,0,23,54.0,20.0,20.0,34.0
30739,30739,214,11,10,1,0,23,56.0,29.0,29.0,27.0
30740,30740,214,11,20,1,0,23,43.0,15.0,15.0,28.0
30741,30741,214,11,30,1,0,23,37.0,9.0,9.0,28.0
30742,30742,214,11,40,1,0,23,56.0,25.0,25.0,31.0
30743,30743,214,11,50,1,0,23,51.0,15.0,15.0,36.0
30744,30744,214,12,0,1,0,23,64.0,23.0,23.0,41.0
30745,30745,214,12,10,1,0,23,72.0,34.0,34.0,38.0
30746,30746,214,12,20,1,0,23,53.0,24.0,24.0,29.0
30747,30747,214,12,30,1,0,23,72.0,27.0,27.0,45.0
30748,30748,214,12,40,1,0,23,46.0,15.0,15.0,31.0
30749,30749,214,12,50,1,0,23,54.0,24.0,24.0,30.0
30750,30750,214,13,0,1,0,23,52.0,27.0,27.0,25.0
30751,30751,214,13,10,1,0,23,51.0,28.0,28.0,23.0
30752,30752,214,13,20,1,0,23,65.0,24.0,24.0,41.0
30753,30753,214,13,30,1,0,23,50.0,31.0,31.0,19.0
30754,30754,214,13,40,1,0,23,61.0,39.0,39.0,22.0
30755,30755,214,13,50,1,0,23,59.0,29.0,29.0,30.0
30756,30756,214,14,0,1,0,23,40.0,14.0,14.0,26.0
30757,30757,214,14,10,1,0,23,74.0,37.0,37.0,37.0
30758,30758,214,14,20,1,0,23,57.0,33.0,33.0,24.0
30759,30759,214,14,30,1,0,23,66.0,19.0,19.0,47.0
30760,30760,214,14,40,1,0,23,37.0,16.0,16.0,21.0
30761,30761,214,14,50,1,0,23,53.0,30.0,30.0,23.0
30762,30762,214,15,0,1,0,23,88.0,52.0,52.0,36.0
30763,30763,214,15,10,1,0,23,74.0,40.0,40.0,34.0
30764,30764,214,15,20,1,0,23,68.0,38.0,38.0,30.0
30765,30765,214,15,30,1,0,23,76.0,49.0,49.0,27.0
30766,30766,214,15,40,1,0,23,65.0,30.0,30.0,35.0
30767,30767,214,15,50,1,0,23,57.0,34.0,34.0,23.0
30768,30768,214,16,0,1,0,23,88.0,40.0,40.0,48.0
30769,30769,214,16,10,1,0,23,64.0,26.0,26.0,38.0
30770,30770,214,16,20,1,0,23,104.0,65.0,65.0,39.0
30771,30771,214,16,30,1,0,23,91.0,60.0,60.0,31.0
30772,30772,214,16,40,1,0,23,97.0,53.0,53.0,44.0
30773,30773,214,16,50,1,0,23,99.0,56.0,56.0,43.0
30774,30774,214,17,0,1,0,23,150.0,94.0,94.0,56.0
30775,30775,214,17,10,1,0,23,156.0,101.0,101.0,55.0
30776,30776,214,17,20,1,0,23,151.0,111.0,111.0,40.0
30777,30777,214,17,30,1,0,23,154.0,116.0,116.0,38.0
30778,30778,214,17,40,1,0,23,180.0,132.0,132.0,48.0
30779,30779,214,17,50,1,0,23,182.0,149.0,149.0,33.0
30780,30780,214,18,0,1,0,23,202.0,180.0,180.0,22.0
30781,30781,214,18,10,1,0,23,225.0,192.0,192.0,33.0
30782,30782,214,18,20,1,0,23,226.0,195.0,195.0,31.0
30783,30783,214,18,30,1,0,23,196.0,167.0,167.0,29.0
30784,30784,214,18,40,1,0,23,180.0,159.0,159.0,21.0
30785,30785,214,18,50,1,0,23,164.0,146.0,146.0,18.0
30786,30786,214,19,0,1,0,23,126.0,106.0,106.0,20.0
30787,30787,214,19,10,1,0,23,114.0,100.0,100.0,14.0
30788,30788,214,19,20,1,0,23,93.0,82.0,82.0,11.0
30789,30789,214,19,30,1,0,23,91.0,82.0,82.0,9.0
30790,30790,214,19,40,1,0,23,72.0,60.0,60.0,12.0
30791,30791,214,19,50,1,0,23,50.0,42.0,42.0,8.0
30792,30792,214,20,0,1,0,23,54.0,41.0,41.0,13.0
30793,30793,214,20,10,1,0,23,59.0,47.0,47.0,12.0
30794,30794,214,20,20,1,0,23,50.0,36.0,36.0,14.0
30795,30795,214,20,30,1,0,23,37.0,30.0,30.0,7.0
30796,30796,214,20,40,1,0,23,40.0,24.0,24.0,16.0
30797,30797,214,20,50,1,0,23,65.0,58.0,58.0,7.0
30798,30798,214,21,0,1,0,23,51.0,40.0,40.0,11.0
30799,30799,214,21,10,1,0,23,38.0,29.0,29.0,9.0
30800,30800,214,21,20,1,0,23,46.0,37.0,37.0,9.0
30801,30801,214,21,30,1,0,23,49.0,38.0,38.0,11.0
30802,30802,214,21,40,1,0,23,37.0,33.0,33.0,4.0
30803,30803,214,21,50,1,0,23,24.0,21.0,21.0,3.0
30804,30804,214,22,0,1,0,23,28.0,25.0,25.0,3.0
30805,30805,214,22,10,1,0,23,32.0,29.0,29.0,3.0
30806,30806,214,22,20,1,0,23,26.0,24.0,24.0,2.0
30807,30807,214,22,30,1,0,23,16.0,13.0,13.0,3.0
30808,30808,214,22,40,1,0,23,26.0,26.0,26.0,0.0
30809,30809,214,22,50,1,0,23,13.0,13.0,13.0,0.0
30846,30846,215,5,0,1,0,23,0.0,0.0,0.0,0.0
30847,30847,215,5,10,1,0,23,0.0,0.0,0.0,0.0
30848,30848,215,5,20,1,0,23,0.0,0.0,0.0,0.0
30849,30849,215,5,30,1,0,23,10.0,0.0,0.0,10.0
30850,30850,215,5,40,1,0,23,21.0,0.0,0.0,21.0
30851,30851,215,5,50,1,0,23,30.0,3.0,3.0,27.0
30852,30852,215,6,0,1,0,23,52.0,1.0,1.0,51.0
30853,30853,215,6,10,1,0,23,82.0,22.0,22.0,60.0
30854,30854,215,6,20,1,0,23,93.0,12.0,12.0,81.0
30855,30855,215,6,30,1,0,23,151.0,37.0,37.0,114.0
30856,30856,215,6,40,1,0,23,184.0,59.0,59.0,125.0
30857,30857,215,6,50,1,0,23,243.0,83.0,83.0,160.0
30858,30858,215,7,0,1,0,23,241.0,84.0,84.0,157.0
30859,30859,215,7,10,1,0,23,328.0,92.0,92.0,236.0
30860,30860,215,7,20,1,0,23,397.0,122.0,122.0,275.0
30861,30861,215,7,30,1,0,23,504.0,125.0,125.0,379.0
30862,30862,215,7,40,1,0,23,638.0,200.0,200.0,438.0
30863,30863,215,7,50,1,0,23,711.0,196.0,196.0,515.0
30864,30864,215,8,0,1,0,23,737.0,201.0,201.0,536.0
30865,30865,215,8,10,1,0,23,879.0,380.0,380.0,499.0
30866,30866,215,8,20,1,0,23,664.0,244.0,244.0,420.0
30867,30867,215,8,30,1,0,23,559.0,267.0,267.0,292.0
30868,30868,215,8,40,1,0,23,507.0,247.0,247.0,260.0
30869,30869,215,8,50,1,0,23,504.0,274.0,274.0,230.0
30870,30870,215,9,0,1,0,23,382.0,189.0,189.0,193.0
30871,30871,215,9,10,1,0,23,338.0,184.0,184.0,154.0
30872,30872,215,9,20,1,0,23,282.0,137.0,137.0,145.0
30873,30873,215,9,30,1,0,23,233.0,124.0,124.0,109.0
30874,30874,215,9,40,1,0,23,229.0,135.0,135.0,94.0
30875,30875,215,9,50,1,0,23,212.0,118.0,118.0,94.0
30876,30876,215,10,0,1,0,23,187.0,97.0,97.0,90.0
30877,30877,215,10,10,1,0,23,141.0,82.0,82.0,59.0
30878,30878,215,10,20,1,0,23,176.0,111.0,111.0,65.0
30879,30879,215,10,30,1,0,23,133.0,78.0,78.0,55.0
30880,30880,215,10,40,1,0,23,151.0,83.0,83.0,68.0
30881,30881,215,10,50,1,0,23,135.0,71.0,71.0,64.0
30882,30882,215,11,0,1,0,23,121.0,57.0,57.0,64.0
30883,30883,215,11,10,1,0,23,119.0,71.0,71.0,48.0
30884,30884,215,11,20,1,0,23,128.0,66.0,66.0,62.0
30885,30885,215,11,30,1,0,23,144.0,73.0,73.0,71.0
30886,30886,215,11,40,1,0,23,131.0,63.0,63.0,68.0
30887,30887,215,11,50,1,0,23,182.0,85.0,85.0,97.0
30888,30888,215,12,0,1,0,23,157.0,86.0,86.0,71.0
30889,30889,215,12,10,1,0,23,138.0,56.0,56.0,82.0
30890,30890,215,12,20,1,0,23,161.0,70.0,70.0,91.0
30891,30891,215,12,30,1,0,23,158.0,75.0,75.0,83.0
30892,30892,215,12,40,1,0,23,147.0,76.0,76.0,71.0
30893,30893,215,12,50,1,0,23,195.0,112.0,112.0,83.0
30894,30894,215,13,0,1,0,23,162.0,81.0,81.0,81.0
30895,30895,215,13,10,1,0,23,124.0,55.0,55.0,69.0
30896,30896,215,13,20,1,0,23,162.0,96.0,96.0,66.0
30897,30897,215,13,30,1,0,23,198.0,70.0,70.0,128.0
30898,30898,215,13,40,1,0,23,173.0,101.0,101.0,72.0
30899,30899,215,13,50,1,0,23,136.0,69.0,69.0,67.0
30900,30900,215,14,0,1,0,23,151.0,71.0,71.0,80.0
30901,30901,215,14,10,1,0,23,166.0,89.0,89.0,77.0
30902,30902,215,14,20,1,0,23,143.0,87.0,87.0,56.0
30903,30903,215,14,30,1,0,23,148.0,69.0,69.0,79.0
30904,30904,215,14,40,1,0,23,147.0,67.0,67.0,80.0
30905,30905,215,14,50,1,0,23,147.0,86.0,86.0,61.0
30906,30906,215,15,0,1,0,23,174.0,93.0,93.0,81.0
30907,30907,215,15,10,1,0,23,195.0,104.0,104.0,91.0
30908,30908,215,15,20,1,0,23,153.0,73.0,73.0,80.0
30909,30909,215,15,30,1,0,23,121.0,63.0,63.0,58.0
30910,30910,215,15,40,1,0,23,172.0,101.0,101.0,71.0
30911,30911,215,15,50,1,0,23,208.0,98.0,98.0,110.0
30912,30912,215,16,0,1,0,23,229.0,105.0,105.0,124.0
30913,30913,215,16,10,1,0,23,188.0,93.0,93.0,95.0
30914,30914,215,16,20,1,0,23,197.0,110.0,110.0,87.0
30915,30915,215,16,30,1,0,23,203.0,103.0,103.0,100.0
30916,30916,215,16,40,1,0,23,242.0,115.0,115.0,127.0
30917,30917,215,16,50,1,0,23,244.0,112.0,112.0,132.0
30918,30918,215,17,0,1,0,23,286.0,164.0,164.0,122.0
30919,30919,215,17,10,1,0,23,344.0,176.0,176.0,168.0
30920,30920,215,17,20,1,0,23,385.0,194.0,194.0,191.0
30921,30921,215,17,30,1,0,23,452.0,276.0,276.0,176.0
30922,30922,215,17,40,1,0,23,440.0,249.0,249.0,191.0
30923,30923,215,17,50,1,0,23,430.0,275.0,275.0,155.0
30924,30924,215,18,0,1,0,23,491.0,308.0,308.0,183.0
30925,30925,215,18,10,1,0,23,511.0,320.0,320.0,191.0
30926,30926,215,18,20,1,0,23,527.0,337.0,337.0,190.0
30927,30927,215,18,30,1,0,23,545.0,373.0,373.0,172.0
30928,30928,215,18,40,1,0,23,459.0,325.0,325.0,134.0
30929,30929,215,18,50,1,0,23,398.0,272.0,272.0,126.0
30930,30930,215,19,0,1,0,23,423.0,312.0,312.0,111.0
30931,30931,215,19,10,1,0,23,394.0,304.0,304.0,90.0
30932,30932,215,19,20,1,0,23,309.0,220.0,220.0,89.0
30933,30933,215,19,30,1,0,23,292.0,215.0,215.0,77.0
30934,30934,215,19,40,1,0,23,279.0,191.0,191.0,88.0
30935,30935,215,19,50,1,0,23,203.0,124.0,124.0,79.0
30936,30936,215,20,0,1,0,23,223.0,144.0,144.0,79.0
30937,30937,215,20,10,1,0,23,201.0,116.0,116.0,85.0
30938,30938,215,20,20,1,0,23,214.0,118.0,118.0,96.0
30939,30939,215,20,30,1,0,23,219.0,139.0,139.0,80.0
30940,30940,215,20,40,1,0,23,216.0,103.0,103.0,113.0
30941,30941,215,20,50,1,0,23,168.0,92.0,92.0,76.0
30942,30942,215,21,0,1,0,23,220.0,116.0,116.0,104.0
30943,30943,215,21,10,1,0,23,205.0,100.0,100.0,105.0
30944,30944,215,21,20,1,0,23,194.0,95.0,95.0,99.0
30945,30945,215,21,30,1,0,23,153.0,106.0,106.0,47.0
30946,30946,215,21,40,1,0,23,182.0,123.0,123.0,59.0
30947,30947,215,21,50,1,0,23,110.0,65.0,65.0,45.0
30948,30948,215,22,0,1,0,23,163.0,120.0,120.0,43.0
30949,30949,215,22,10,1,0,23,138.0,91.0,91.0,47.0
30950,30950,215,22,20,1,0,23,63.0,39.0,39.0,24.0
30951,30951,215,22,30,1,0,23,120.0,106.0,106.0,14.0
30952,30952,215,22,40,1,0,23,73.0,63.0,63.0,10.0
30953,30953,215,22,50,1,0,23,65.0,62.0,62.0,3.0
30990,30990,216,5,0,1,0,23,0.0,0.0,0.0,0.0
30991,30991,216,5,10,1,0,23,0.0,0.0,0.0,0.0
30992,30992,216,5,20,1,0,23,0.0,0.0,0.0,0.0
30993,30993,216,5,30,1,0,23,20.0,0.0,0.0,20.0
30994,30994,216,5,40,1,0,23,25.0,0.0,0.0,25.0
30995,30995,216,5,50,1,0,23,47.0,1.0,1.0,46.0
30996,30996,216,6,0,1,0,23,48.0,0.0,0.0,48.0
30997,30997,216,6,10,1,0,23,43.0,5.0,5.0,38.0
30998,30998,216,6,20,1,0,23,70.0,12.0,12.0,58.0
30999,30999,216,6,30,1,0,23,110.0,5.0,5.0,105.0
31000,31000,216,6,40,1,0,23,135.0,11.0,11.0,124.0
31001,31001,216,6,50,1,0,23,139.0,16.0,16.0,123.0
31002,31002,216,7,0,1,0,23,170.0,23.0,23.0,147.0
31003,31003,216,7,10,1,0,23,269.0,20.0,20.0,249.0
31004,31004,216,7,20,1,0,23,277.0,38.0,38.0,239.0
31005,31005,216,7,30,1,0,23,355.0,29.0,29.0,326.0
31006,31006,216,7,40,1,0,23,431.0,55.0,55.0,376.0
31007,31007,216,7,50,1,0,23,419.0,43.0,43.0,376.0
31008,31008,216,8,0,1,0,23,422.0,71.0,71.0,351.0
31009,31009,216,8,10,1,0,23,363.0,44.0,44.0,319.0
31010,31010,216,8,20,1,0,23,357.0,40.0,40.0,317.0
31011,31011,216,8,30,1,0,23,298.0,52.0,52.0,246.0
31012,31012,216,8,40,1,0,23,233.0,32.0,32.0,201.0
31013,31013,216,8,50,1,0,23,181.0,24.0,24.0,157.0
31014,31014,216,9,0,1,0,23,142.0,19.0,19.0,123.0
31015,31015,216,9,10,1,0,23,130.0,19.0,19.0,111.0
31016,31016,216,9,20,1,0,23,113.0,22.0,22.0,91.0
31017,31017,216,9,30,1,0,23,97.0,25.0,25.0,72.0
31018,31018,216,9,40,1,0,23,85.0,17.0,17.0,68.0
31019,31019,216,9,50,1,0,23,60.0,21.0,21.0,39.0
31020,31020,216,10,0,1,0,23,65.0,26.0,26.0,39.0
31021,31021,216,10,10,1,0,23,60.0,24.0,24.0,36.0
31022,31022,216,10,20,1,0,23,63.0,27.0,27.0,36.0
31023,31023,216,10,30,1,0,23,45.0,17.0,17.0,28.0
31024,31024,216,10,40,1,0,23,43.0,22.0,22.0,21.0
31025,31025,216,10,50,1,0,23,53.0,20.0,20.0,33.0
31026,31026,216,11,0,1,0,23,48.0,24.0,24.0,24.0
31027,31027,216,11,10,1,0,23,44.0,21.0,21.0,23.0
31028,31028,216,11,20,1,0,23,52.0,23.0,23.0,29.0
31029,31029,216,11,30,1,0,23,51.0,23.0,23.0,28.0
31030,31030,216,11,40,1,0,23,44.0,14.0,14.0,30.0
31031,31031,216,11,50,1,0,23,65.0,23.0,23.0,42.0
31032,31032,216,12,0,1,0,23,46.0,21.0,21.0,25.0
31033,31033,216,12,10,1,0,23,69.0,27.0,27.0,42.0
31034,31034,216,12,20,1,0,23,62.0,24.0,24.0,38.0
31035,31035,216,12,30,1,0,23,75.0,42.0,42.0,33.0
31036,31036,216,12,40,1,0,23,62.0,36.0,36.0,26.0
31037,31037,216,12,50,1,0,23,69.0,35.0,35.0,34.0
31038,31038,216,13,0,1,0,23,59.0,22.0,22.0,37.0
31039,31039,216,13,10,1,0,23,63.0,34.0,34.0,29.0
31040,31040,216,13,20,1,0,23,46.0,26.0,26.0,20.0
31041,31041,216,13,30,1,0,23,57.0,24.0,24.0,33.0
31042,31042,216,13,40,1,0,23,51.0,24.0,24.0,27.0
31043,31043,216,13,50,1,0,23,58.0,28.0,28.0,30.0
31044,31044,216,14,0,1,0,23,63.0,40.0,40.0,23.0
31045,31045,216,14,10,1,0,23,55.0,30.0,30.0,25.0
31046,31046,216,14,20,1,0,23,62.0,32.0,32.0,30.0
31047,31047,216,14,30,1,0,23,56.0,30.0,30.0,26.0
31048,31048,216,14,40,1,0,23,67.0,40.0,40.0,27.0
31049,31049,216,14,50,1,0,23,62.0,30.0,30.0,32.0
31050,31050,216,15,0,1,0,23,62.0,39.0,39.0,23.0
31051,31051,216,15,10,1,0,23,65.0,40.0,40.0,25.0
31052,31052,216,15,20,1,0,23,79.0,53.0,53.0,26.0
31053,31053,216,15,30,1,0,23,80.0,55.0,55.0,25.0
31054,31054,216,15,40,1,0,23,86.0,58.0,58.0,28.0
31055,31055,216,15,50,1,0,23,79.0,54.0,54.0,25.0
31056,31056,216,16,0,1,0,23,100.0,60.0,60.0,40.0
31057,31057,216,16,10,1,0,23,115.0,71.0,71.0,44.0
31058,31058,216,16,20,1,0,23,90.0,53.0,53.0,37.0
31059,31059,216,16,30,1,0,23,119.0,77.0,77.0,42.0
31060,31060,216,16,40,1,0,23,103.0,62.0,62.0,41.0
31061,31061,216,16,50,1,0,23,161.0,78.0,78.0,83.0
31062,31062,216,17,0,1,0,23,169.0,92.0,92.0,77.0
31063,31063,216,17,10,1,0,23,167.0,108.0,108.0,59.0
31064,31064,216,17,20,1,0,23,218.0,109.0,109.0,109.0
31065,31065,216,17,30,1,0,23,211.0,144.0,144.0,67.0
31066,31066,216,17,40,1,0,23,217.0,136.0,136.0,81.0
31067,31067,216,17,50,1,0,23,292.0,179.0,179.0,113.0
31068,31068,216,18,0,1,0,23,277.0,162.0,162.0,115.0
31069,31069,216,18,10,1,0,23,257.0,199.0,199.0,58.0
31070,31070,216,18,20,1,0,23,222.0,185.0,185.0,37.0
31071,31071,216,18,30,1,0,23,243.0,197.0,197.0,46.0
31072,31072,216,18,40,1,0,23,241.0,213.0,213.0,28.0
31073,31073,216,18,50,1,0,23,203.0,180.0,180.0,23.0
31074,31074,216,19,0,1,0,23,153.0,129.0,129.0,24.0
31075,31075,216,19,10,1,0,23,194.0,167.0,167.0,27.0
31076,31076,216,19,20,1,0,23,143.0,117.0,117.0,26.0
31077,31077,216,19,30,1,0,23,86.0,74.0,74.0,12.0
31078,31078,216,19,40,1,0,23,127.0,101.0,101.0,26.0
31079,31079,216,19,50,1,0,23,89.0,71.0,71.0,18.0
31080,31080,216,20,0,1,0,23,99.0,78.0,78.0,21.0
31081,31081,216,20,10,1,0,23,96.0,78.0,78.0,18.0
31082,31082,216,20,20,1,0,23,125.0,100.0,100.0,25.0
31083,31083,216,20,30,1,0,23,82.0,52.0,52.0,30.0
31084,31084,216,20,40,1,0,23,102.0,75.0,75.0,27.0
31085,31085,216,20,50,1,0,23,80.0,62.0,62.0,18.0
31086,31086,216,21,0,1,0,23,69.0,56.0,56.0,13.0
31087,31087,216,21,10,1,0,23,80.0,61.0,61.0,19.0
31088,31088,216,21,20,1,0,23,96.0,65.0,65.0,31.0
31089,31089,216,21,30,1,0,23,62.0,50.0,50.0,12.0
31090,31090,216,21,40,1,0,23,70.0,57.0,57.0,13.0
31091,31091,216,21,50,1,0,23,59.0,52.0,52.0,7.0
31092,31092,216,22,0,1,0,23,68.0,58.0,58.0,10.0
31093,31093,216,22,10,1,0,23,63.0,50.0,50.0,13.0
31094,31094,216,22,20,1,0,23,53.0,45.0,45.0,8.0
31095,31095,216,22,30,1,0,23,56.0,53.0,53.0,3.0
31096,31096,216,22,40,1,0,23,38.0,35.0,35.0,3.0
31097,31097,216,22,50,1,0,23,37.0,37.0,37.0,0.0
31134,31134,217,5,0,1,0,23,0.0,0.0,0.0,0.0
31135,31135,217,5,10,1,0,23,0.0,0.0,0.0,0.0
31136,31136,217,5,20,1,0,23,0.0,0.0,0.0,0.0
31137,31137,217,5,30,1,0,23,2.0,0.0,0.0,2.0
31138,31138,217,5,40,1,0,23,6.0,0.0,0.0,6.0
31139,31139,217,5,50,1,0,23,16.0,1.0,1.0,15.0
31140,31140,217,6,0,1,0,23,26.0,3.0,3.0,23.0
31141,31141,217,6,10,1,0,23,34.0,3.0,3.0,31.0
31142,31142,217,6,20,1,0,23,47.0,9.0,9.0,38.0
31143,31143,217,6,30,1,0,23,52.0,8.0,8.0,44.0
31144,31144,217,6,40,1,0,23,82.0,21.0,21.0,61.0
31145,31145,217,6,50,1,0,23,102.0,28.0,28.0,74.0
31146,31146,217,7,0,1,0,23,148.0,48.0,48.0,100.0
31147,31147,217,7,10,1,0,23,154.0,50.0,50.0,104.0
31148,31148,217,7,20,1,0,23,185.0,51.0,51.0,134.0
31149,31149,217,7,30,1,0,23,189.0,32.0,32.0,157.0
31150,31150,217,7,40,1,0,23,239.0,73.0,73.0,166.0
31151,31151,217,7,50,1,0,23,298.0,65.0,65.0,233.0
31152,31152,217,8,0,1,0,23,331.0,57.0,57.0,274.0
31153,31153,217,8,10,1,0,23,378.0,124.0,124.0,254.0
31154,31154,217,8,20,1,0,23,329.0,76.0,76.0,253.0
31155,31155,217,8,30,1,0,23,345.0,83.0,83.0,262.0
31156,31156,217,8,40,1,0,23,279.0,103.0,103.0,176.0
31157,31157,217,8,50,1,0,23,226.0,89.0,89.0,137.0
31158,31158,217,9,0,1,0,23,189.0,65.0,65.0,124.0
31159,31159,217,9,10,1,0,23,129.0,47.0,47.0,82.0
31160,31160,217,9,20,1,0,23,131.0,52.0,52.0,79.0
31161,31161,217,9,30,1,0,23,99.0,31.0,31.0,68.0
31162,31162,217,9,40,1,0,23,85.0,33.0,33.0,52.0
31163,31163,217,9,50,1,0,23,67.0,31.0,31.0,36.0
31164,31164,217,10,0,1,0,23,66.0,29.0,29.0,37.0
31165,31165,217,10,10,1,0,23,62.0,29.0,29.0,33.0
31166,31166,217,10,20,1,0,23,64.0,21.0,21.0,43.0
31167,31167,217,10,30,1,0,23,53.0,25.0,25.0,28.0
31168,31168,217,10,40,1,0,23,53.0,26.0,26.0,27.0
31169,31169,217,10,50,1,0,23,39.0,17.0,17.0,22.0
31170,31170,217,11,0,1,0,23,50.0,21.0,21.0,29.0
31171,31171,217,11,10,1,0,23,47.0,17.0,17.0,30.0
31172,31172,217,11,20,1,0,23,56.0,21.0,21.0,35.0
31173,31173,217,11,30,1,0,23,50.0,28.0,28.0,22.0
31174,31174,217,11,40,1,0,23,57.0,29.0,29.0,28.0
31175,31175,217,11,50,1,0,23,52.0,33.0,33.0,19.0
31176,31176,217,12,0,1,0,23,63.0,26.0,26.0,37.0
31177,31177,217,12,10,1,0,23,72.0,32.0,32.0,40.0
31178,31178,217,12,20,1,0,23,81.0,40.0,40.0,41.0
31179,31179,217,12,30,1,0,23,63.0,30.0,30.0,33.0
31180,31180,217,12,40,1,0,23,80.0,28.0,28.0,52.0
31181,31181,217,12,50,1,0,23,67.0,39.0,39.0,28.0
31182,31182,217,13,0,1,0,23,65.0,21.0,21.0,44.0
31183,31183,217,13,10,1,0,23,66.0,28.0,28.0,38.0
31184,31184,217,13,20,1,0,23,68.0,34.0,34.0,34.0
31185,31185,217,13,30,1,0,23,38.0,19.0,19.0,19.0
31186,31186,217,13,40,1,0,23,55.0,25.0,25.0,30.0
31187,31187,217,13,50,1,0,23,71.0,34.0,34.0,37.0
31188,31188,217,14,0,1,0,23,45.0,23.0,23.0,22.0
31189,31189,217,14,10,1,0,23,53.0,20.0,20.0,33.0
31190,31190,217,14,20,1,0,23,58.0,28.0,28.0,30.0
31191,31191,217,14,30,1,0,23,44.0,24.0,24.0,20.0
31192,31192,217,14,40,1,0,23,59.0,24.0,24.0,35.0
31193,31193,217,14,50,1,0,23,56.0,30.0,30.0,26.0
31194,31194,217,15,0,1,0,23,81.0,46.0,46.0,35.0
31195,31195,217,15,10,1,0,23,104.0,35.0,35.0,69.0
31196,31196,217,15,20,1,0,23,79.0,40.0,40.0,39.0
31197,31197,217,15,30,1,0,23,71.0,30.0,30.0,41.0
31198,31198,217,15,40,1,0,23,79.0,47.0,47.0,32.0
31199,31199,217,15,50,1,0,23,53.0,29.0,29.0,24.0
31200,31200,217,16,0,1,0,23,73.0,43.0,43.0,30.0
31201,31201,217,16,10,1,0,23,63.0,32.0,32.0,31.0
31202,31202,217,16,20,1,0,23,84.0,44.0,44.0,40.0
31203,31203,217,16,30,1,0,23,87.0,44.0,44.0,43.0
31204,31204,217,16,40,1,0,23,97.0,54.0,54.0,43.0
31205,31205,217,16,50,1,0,23,110.0,84.0,84.0,26.0
31206,31206,217,17,0,1,0,23,126.0,78.0,78.0,48.0
31207,31207,217,17,10,1,0,23,187.0,117.0,117.0,70.0
31208,31208,217,17,20,1,0,23,208.0,125.0,125.0,83.0
31209,31209,217,17,30,1,0,23,186.0,113.0,113.0,73.0
31210,31210,217,17,40,1,0,23,203.0,141.0,141.0,62.0
31211,31211,217,17,50,1,0,23,197.0,148.0,148.0,49.0
31212,31212,217,18,0,1,0,23,204.0,151.0,151.0,53.0
31213,31213,217,18,10,1,0,23,224.0,162.0,162.0,62.0
31214,31214,217,18,20,1,0,23,192.0,129.0,129.0,63.0
31215,31215,217,18,30,1,0,23,202.0,154.0,154.0,48.0
31216,31216,217,18,40,1,0,23,223.0,165.0,165.0,58.0
31217,31217,217,18,50,1,0,23,183.0,142.0,142.0,41.0
31218,31218,217,19,0,1,0,23,162.0,127.0,127.0,35.0
31219,31219,217,19,10,1,0,23,148.0,99.0,99.0,49.0
31220,31220,217,19,20,1,0,23,142.0,96.0,96.0,46.0
31221,31221,217,19,30,1,0,23,91.0,63.0,63.0,28.0
31222,31222,217,19,40,1,0,23,129.0,79.0,79.0,50.0
31223,31223,217,19,50,1,0,23,108.0,65.0,65.0,43.0
31224,31224,217,20,0,1,0,23,81.0,53.0,53.0,28.0
31225,31225,217,20,10,1,0,23,85.0,51.0,51.0,34.0
31226,31226,217,20,20,1,0,23,99.0,60.0,60.0,39.0
31227,31227,217,20,30,1,0,23,81.0,47.0,47.0,34.0
31228,31228,217,20,40,1,0,23,101.0,68.0,68.0,33.0
31229,31229,217,20,50,1,0,23,75.0,41.0,41.0,34.0
31230,31230,217,21,0,1,0,23,78.0,48.0,48.0,30.0
31231,31231,217,21,10,1,0,23,74.0,53.0,53.0,21.0
31232,31232,217,21,20,1,0,23,102.0,68.0,68.0,34.0
31233,31233,217,21,30,1,0,23,85.0,48.0,48.0,37.0
31234,31234,217,21,40,1,0,23,87.0,58.0,58.0,29.0
31235,31235,217,21,50,1,0,23,67.0,50.0,50.0,17.0
31236,31236,217,22,0,1,0,23,51.0,30.0,30.0,21.0
31237,31237,217,22,10,1,0,23,69.0,52.0,52.0,17.0
31238,31238,217,22,20,1,0,23,47.0,35.0,35.0,12.0
31239,31239,217,22,30,1,0,23,58.0,50.0,50.0,8.0
31240,31240,217,22,40,1,0,23,33.0,28.0,28.0,5.0
31241,31241,217,22,50,1,0,23,29.0,28.0,28.0,1.0
31278,31278,218,5,0,1,0,23,0.0,0.0,0.0,0.0
31279,31279,218,5,10,1,0,23,0.0,0.0,0.0,0.0
31280,31280,218,5,20,1,0,23,3.0,1.0,1.0,2.0
31281,31281,218,5,30,1,0,23,8.0,1.0,1.0,7.0
31282,31282,218,5,40,1,0,23,21.0,1.0,1.0,20.0
31283,31283,218,5,50,1,0,23,25.0,1.0,1.0,24.0
31284,31284,218,6,0,1,0,23,22.0,0.0,0.0,22.0
31285,31285,218,6,10,1,0,23,45.0,14.0,14.0,31.0
31286,31286,218,6,20,1,0,23,52.0,13.0,13.0,39.0
31287,31287,218,6,30,1,0,23,72.0,11.0,11.0,61.0
31288,31288,218,6,40,1,0,23,111.0,27.0,27.0,84.0
31289,31289,218,6,50,1,0,23,147.0,35.0,35.0,112.0
31290,31290,218,7,0,1,0,23,214.0,111.0,111.0,103.0
31291,31291,218,7,10,1,0,23,220.0,71.0,71.0,149.0
31292,31292,218,7,20,1,0,23,262.0,100.0,100.0,162.0
31293,31293,218,7,30,1,0,23,362.0,173.0,173.0,189.0
31294,31294,218,7,40,1,0,23,417.0,187.0,187.0,230.0
31295,31295,218,7,50,1,0,23,472.0,209.0,209.0,263.0
31296,31296,218,8,0,1,0,23,439.0,123.0,123.0,316.0
31297,31297,218,8,10,1,0,23,535.0,222.0,222.0,313.0
31298,31298,218,8,20,1,0,23,557.0,269.0,269.0,288.0
31299,31299,218,8,30,1,0,23,555.0,291.0,291.0,264.0
31300,31300,218,8,40,1,0,23,661.0,429.0,429.0,232.0
31301,31301,218,8,50,1,0,23,562.0,382.0,382.0,180.0
31302,31302,218,9,0,1,0,23,426.0,252.0,252.0,174.0
31303,31303,218,9,10,1,0,23,347.0,233.0,233.0,114.0
31304,31304,218,9,20,1,0,23,214.0,108.0,108.0,106.0
31305,31305,218,9,30,1,0,23,184.0,111.0,111.0,73.0
31306,31306,218,9,40,1,0,23,136.0,76.0,76.0,60.0
31307,31307,218,9,50,1,0,23,129.0,66.0,66.0,63.0
31308,31308,218,10,0,1,0,23,83.0,46.0,46.0,37.0
31309,31309,218,10,10,1,0,23,100.0,49.0,49.0,51.0
31310,31310,218,10,20,1,0,23,61.0,29.0,29.0,32.0
31311,31311,218,10,30,1,0,23,62.0,32.0,32.0,30.0
31312,31312,218,10,40,1,0,23,59.0,32.0,32.0,27.0
31313,31313,218,10,50,1,0,23,71.0,39.0,39.0,32.0
31314,31314,218,11,0,1,0,23,69.0,31.0,31.0,38.0
31315,31315,218,11,10,1,0,23,55.0,25.0,25.0,30.0
31316,31316,218,11,20,1,0,23,73.0,24.0,24.0,49.0
31317,31317,218,11,30,1,0,23,61.0,28.0,28.0,33.0
31318,31318,218,11,40,1,0,23,102.0,60.0,60.0,42.0
31319,31319,218,11,50,1,0,23,79.0,42.0,42.0,37.0
31320,31320,218,12,0,1,0,23,68.0,24.0,24.0,44.0
31321,31321,218,12,10,1,0,23,77.0,25.0,25.0,52.0
31322,31322,218,12,20,1,0,23,87.0,48.0,48.0,39.0
31323,31323,218,12,30,1,0,23,90.0,43.0,43.0,47.0
31324,31324,218,12,40,1,0,23,84.0,39.0,39.0,45.0
31325,31325,218,12,50,1,0,23,72.0,39.0,39.0,33.0
31326,31326,218,13,0,1,0,23,93.0,53.0,53.0,40.0
31327,31327,218,13,10,1,0,23,90.0,54.0,54.0,36.0
31328,31328,218,13,20,1,0,23,90.0,47.0,47.0,43.0
31329,31329,218,13,30,1,0,23,88.0,51.0,51.0,37.0
31330,31330,218,13,40,1,0,23,53.0,25.0,25.0,28.0
31331,31331,218,13,50,1,0,23,62.0,36.0,36.0,26.0
31332,31332,218,14,0,1,0,23,89.0,44.0,44.0,45.0
31333,31333,218,14,10,1,0,23,72.0,37.0,37.0,35.0
31334,31334,218,14,20,1,0,23,59.0,26.0,26.0,33.0
31335,31335,218,14,30,1,0,23,72.0,35.0,35.0,37.0
31336,31336,218,14,40,1,0,23,66.0,40.0,40.0,26.0
31337,31337,218,14,50,1,0,23,96.0,41.0,41.0,55.0
31338,31338,218,15,0,1,0,23,109.0,58.0,58.0,51.0
31339,31339,218,15,10,1,0,23,80.0,44.0,44.0,36.0
31340,31340,218,15,20,1,0,23,123.0,48.0,48.0,75.0
31341,31341,218,15,30,1,0,23,98.0,59.0,59.0,39.0
31342,31342,218,15,40,1,0,23,108.0,60.0,60.0,48.0
31343,31343,218,15,50,1,0,23,91.0,37.0,37.0,54.0
31344,31344,218,16,0,1,0,23,140.0,70.0,70.0,70.0
31345,31345,218,16,10,1,0,23,92.0,53.0,53.0,39.0
31346,31346,218,16,20,1,0,23,102.0,53.0,53.0,49.0
31347,31347,218,16,30,1,0,23,122.0,78.0,78.0,44.0
31348,31348,218,16,40,1,0,23,124.0,51.0,51.0,73.0
31349,31349,218,16,50,1,0,23,147.0,97.0,97.0,50.0
31350,31350,218,17,0,1,0,23,305.0,105.0,105.0,200.0
31351,31351,218,17,10,1,0,23,389.0,117.0,117.0,272.0
31352,31352,218,17,20,1,0,23,289.0,144.0,144.0,145.0
31353,31353,218,17,30,1,0,23,401.0,132.0,132.0,269.0
31354,31354,218,17,40,1,0,23,455.0,161.0,161.0,294.0
31355,31355,218,17,50,1,0,23,351.0,182.0,182.0,169.0
31356,31356,218,18,0,1,0,23,359.0,170.0,170.0,189.0
31357,31357,218,18,10,1,0,23,405.0,197.0,197.0,208.0
31358,31358,218,18,20,1,0,23,357.0,208.0,208.0,149.0
31359,31359,218,18,30,1,0,23,297.0,165.0,165.0,132.0
31360,31360,218,18,40,1,0,23,271.0,141.0,141.0,130.0
31361,31361,218,18,50,1,0,23,305.0,205.0,205.0,100.0
31362,31362,218,19,0,1,0,23,200.0,137.0,137.0,63.0
31363,31363,218,19,10,1,0,23,160.0,103.0,103.0,57.0
31364,31364,218,19,20,1,0,23,158.0,108.0,108.0,50.0
31365,31365,218,19,30,1,0,23,129.0,73.0,73.0,56.0
31366,31366,218,19,40,1,0,23,144.0,88.0,88.0,56.0
31367,31367,218,19,50,1,0,23,132.0,70.0,70.0,62.0
31368,31368,218,20,0,1,0,23,104.0,61.0,61.0,43.0
31369,31369,218,20,10,1,0,23,113.0,64.0,64.0,49.0
31370,31370,218,20,20,1,0,23,94.0,48.0,48.0,46.0
31371,31371,218,20,30,1,0,23,117.0,69.0,69.0,48.0
31372,31372,218,20,40,1,0,23,123.0,64.0,64.0,59.0
31373,31373,218,20,50,1,0,23,120.0,63.0,63.0,57.0
31374,31374,218,21,0,1,0,23,97.0,41.0,41.0,56.0
31375,31375,218,21,10,1,0,23,134.0,43.0,43.0,91.0
31376,31376,218,21,20,1,0,23,132.0,71.0,71.0,61.0
31377,31377,218,21,30,1,0,23,141.0,62.0,62.0,79.0
31378,31378,218,21,40,1,0,23,130.0,62.0,62.0,68.0
31379,31379,218,21,50,1,0,23,114.0,50.0,50.0,64.0
31380,31380,218,22,0,1,0,23,99.0,52.0,52.0,47.0
31381,31381,218,22,10,1,0,23,91.0,54.0,54.0,37.0
31382,31382,218,22,20,1,0,23,73.0,46.0,46.0,27.0
31383,31383,218,22,30,1,0,23,78.0,58.0,58.0,20.0
31384,31384,218,22,40,1,0,23,49.0,43.0,43.0,6.0
31385,31385,218,22,50,1,0,23,18.0,16.0,16.0,2.0
31422,31422,219,5,0,1,0,23,0.0,0.0,0.0,0.0
31423,31423,219,5,10,1,0,23,2.0,0.0,0.0,2.0
31424,31424,219,5,20,1,0,23,7.0,0.0,0.0,7.0
31425,31425,219,5,30,1,0,23,11.0,0.0,0.0,11.0
31426,31426,219,5,40,1,0,23,13.0,0.0,0.0,13.0
31427,31427,219,5,50,1,0,23,18.0,0.0,0.0,18.0
31428,31428,219,6,0,1,0,23,28.0,1.0,1.0,27.0
31429,31429,219,6,10,1,0,23,49.0,1.0,1.0,48.0
31430,31430,219,6,20,1,0,23,75.0,3.0,3.0,72.0
31431,31431,219,6,30,1,0,23,141.0,20.0,20.0,121.0
31432,31432,219,6,40,1,0,23,161.0,59.0,59.0,102.0
31433,31433,219,6,50,1,0,23,209.0,68.0,68.0,141.0
31434,31434,219,7,0,1,0,23,299.0,97.0,97.0,202.0
31435,31435,219,7,10,1,0,23,234.0,50.0,50.0,184.0
31436,31436,219,7,20,1,0,23,267.0,30.0,30.0,237.0
31437,31437,219,7,30,1,0,23,291.0,21.0,21.0,270.0
31438,31438,219,7,40,1,0,23,348.0,32.0,32.0,316.0
31439,31439,219,7,50,1,0,23,409.0,15.0,15.0,394.0
31440,31440,219,8,0,1,0,23,449.0,35.0,35.0,414.0
31441,31441,219,8,10,1,0,23,447.0,33.0,33.0,414.0
31442,31442,219,8,20,1,0,23,394.0,32.0,32.0,362.0
31443,31443,219,8,30,1,0,23,277.0,35.0,35.0,242.0
31444,31444,219,8,40,1,0,23,302.0,49.0,49.0,253.0
31445,31445,219,8,50,1,0,23,243.0,48.0,48.0,195.0
31446,31446,219,9,0,1,0,23,179.0,38.0,38.0,141.0
31447,31447,219,9,10,1,0,23,153.0,35.0,35.0,118.0
31448,31448,219,9,20,1,0,23,116.0,21.0,21.0,95.0
31449,31449,219,9,30,1,0,23,89.0,26.0,26.0,63.0
31450,31450,219,9,40,1,0,23,82.0,35.0,35.0,47.0
31451,31451,219,9,50,1,0,23,89.0,31.0,31.0,58.0
31452,31452,219,10,0,1,0,23,68.0,33.0,33.0,35.0
31453,31453,219,10,10,1,0,23,67.0,25.0,25.0,42.0
31454,31454,219,10,20,1,0,23,63.0,32.0,32.0,31.0
31455,31455,219,10,30,1,0,23,54.0,20.0,20.0,34.0
31456,31456,219,10,40,1,0,23,60.0,33.0,33.0,27.0
31457,31457,219,10,50,1,0,23,65.0,25.0,25.0,40.0
31458,31458,219,11,0,1,0,23,46.0,22.0,22.0,24.0
31459,31459,219,11,10,1,0,23,72.0,38.0,38.0,34.0
31460,31460,219,11,20,1,0,23,57.0,28.0,28.0,29.0
31461,31461,219,11,30,1,0,23,43.0,23.0,23.0,20.0
31462,31462,219,11,40,1,0,23,57.0,17.0,17.0,40.0
31463,31463,219,11,50,1,0,23,67.0,15.0,15.0,52.0
31464,31464,219,12,0,1,0,23,59.0,15.0,15.0,44.0
31465,31465,219,12,10,1,0,23,66.0,33.0,33.0,33.0
31466,31466,219,12,20,1,0,23,77.0,32.0,32.0,45.0
31467,31467,219,12,30,1,0,23,71.0,32.0,32.0,39.0
31468,31468,219,12,40,1,0,23,63.0,26.0,26.0,37.0
31469,31469,219,12,50,1,0,23,63.0,31.0,31.0,32.0
31470,31470,219,13,0,1,0,23,68.0,32.0,32.0,36.0
31471,31471,219,13,10,1,0,23,63.0,26.0,26.0,37.0
31472,31472,219,13,20,1,0,23,54.0,22.0,22.0,32.0
31473,31473,219,13,30,1,0,23,52.0,20.0,20.0,32.0
31474,31474,219,13,40,1,0,23,44.0,28.0,28.0,16.0
31475,31475,219,13,50,1,0,23,56.0,28.0,28.0,28.0
31476,31476,219,14,0,1,0,23,51.0,23.0,23.0,28.0
31477,31477,219,14,10,1,0,23,64.0,43.0,43.0,21.0
31478,31478,219,14,20,1,0,23,55.0,37.0,37.0,18.0
31479,31479,219,14,30,1,0,23,55.0,36.0,36.0,19.0
31480,31480,219,14,40,1,0,23,82.0,38.0,38.0,44.0
31481,31481,219,14,50,1,0,23,108.0,39.0,39.0,69.0
31482,31482,219,15,0,1,0,23,69.0,24.0,24.0,45.0
31483,31483,219,15,10,1,0,23,74.0,32.0,32.0,42.0
31484,31484,219,15,20,1,0,23,61.0,30.0,30.0,31.0
31485,31485,219,15,30,1,0,23,80.0,56.0,56.0,24.0
31486,31486,219,15,40,1,0,23,86.0,60.0,60.0,26.0
31487,31487,219,15,50,1,0,23,121.0,94.0,94.0,27.0
31488,31488,219,16,0,1,0,23,108.0,64.0,64.0,44.0
31489,31489,219,16,10,1,0,23,79.0,50.0,50.0,29.0
31490,31490,219,16,20,1,0,23,98.0,67.0,67.0,31.0
31491,31491,219,16,30,1,0,23,109.0,66.0,66.0,43.0
31492,31492,219,16,40,1,0,23,205.0,80.0,80.0,125.0
31493,31493,219,16,50,1,0,23,199.0,107.0,107.0,92.0
31494,31494,219,17,0,1,0,23,187.0,105.0,105.0,82.0
31495,31495,219,17,10,1,0,23,165.0,103.0,103.0,62.0
31496,31496,219,17,20,1,0,23,194.0,152.0,152.0,42.0
31497,31497,219,17,30,1,0,23,199.0,165.0,165.0,34.0
31498,31498,219,17,40,1,0,23,243.0,198.0,198.0,45.0
31499,31499,219,17,50,1,0,23,173.0,150.0,150.0,23.0
31500,31500,219,18,0,1,0,23,208.0,179.0,179.0,29.0
31501,31501,219,18,10,1,0,23,246.0,206.0,206.0,40.0
31502,31502,219,18,20,1,0,23,272.0,236.0,236.0,36.0
31503,31503,219,18,30,1,0,23,248.0,212.0,212.0,36.0
31504,31504,219,18,40,1,0,23,230.0,216.0,216.0,14.0
31505,31505,219,18,50,1,0,23,383.0,365.0,365.0,18.0
31506,31506,219,19,0,1,0,23,272.0,258.0,258.0,14.0
31507,31507,219,19,10,1,0,23,163.0,150.0,150.0,13.0
31508,31508,219,19,20,1,0,23,151.0,132.0,132.0,19.0
31509,31509,219,19,30,1,0,23,108.0,95.0,95.0,13.0
31510,31510,219,19,40,1,0,23,110.0,101.0,101.0,9.0
31511,31511,219,19,50,1,0,23,115.0,95.0,95.0,20.0
31512,31512,219,20,0,1,0,23,90.0,78.0,78.0,12.0
31513,31513,219,20,10,1,0,23,101.0,85.0,85.0,16.0
31514,31514,219,20,20,1,0,23,106.0,98.0,98.0,8.0
31515,31515,219,20,30,1,0,23,79.0,65.0,65.0,14.0
31516,31516,219,20,40,1,0,23,90.0,75.0,75.0,15.0
31517,31517,219,20,50,1,0,23,74.0,65.0,65.0,9.0
31518,31518,219,21,0,1,0,23,87.0,65.0,65.0,22.0
31519,31519,219,21,10,1,0,23,93.0,79.0,79.0,14.0
31520,31520,219,21,20,1,0,23,114.0,87.0,87.0,27.0
31521,31521,219,21,30,1,0,23,69.0,56.0,56.0,13.0
31522,31522,219,21,40,1,0,23,72.0,64.0,64.0,8.0
31523,31523,219,21,50,1,0,23,60.0,47.0,47.0,13.0
31524,31524,219,22,0,1,0,23,55.0,45.0,45.0,10.0
31525,31525,219,22,10,1,0,23,103.0,95.0,95.0,8.0
31526,31526,219,22,20,1,0,23,32.0,26.0,26.0,6.0
31527,31527,219,22,30,1,0,23,39.0,31.0,31.0,8.0
31528,31528,219,22,40,1,0,23,10.0,10.0,10.0,0.0
31529,31529,219,22,50,1,0,23,19.0,19.0,19.0,0.0
31566,31566,220,5,0,1,0,23,0.0,0.0,0.0,0.0
31567,31567,220,5,10,1,0,23,0.0,0.0,0.0,0.0
31568,31568,220,5,20,1,0,23,0.0,0.0,0.0,0.0
31569,31569,220,5,30,1,0,23,0.0,0.0,0.0,0.0
31570,31570,220,5,40,1,0,23,1.0,0.0,0.0,1.0
31571,31571,220,5,50,1,0,23,17.0,0.0,0.0,17.0
31572,31572,220,6,0,1,0,23,19.0,3.0,3.0,16.0
31573,31573,220,6,10,1,0,23,31.0,2.0,2.0,29.0
31574,31574,220,6,20,1,0,23,55.0,8.0,8.0,47.0
31575,31575,220,6,30,1,0,23,74.0,23.0,23.0,51.0
31576,31576,220,6,40,1,0,23,100.0,33.0,33.0,67.0
31577,31577,220,6,50,1,0,23,149.0,65.0,65.0,84.0
31578,31578,220,7,0,1,0,23,226.0,121.0,121.0,105.0
31579,31579,220,7,10,1,0,23,270.0,153.0,153.0,117.0
31580,31580,220,7,20,1,0,23,343.0,214.0,214.0,129.0
31581,31581,220,7,30,1,0,23,318.0,172.0,172.0,146.0
31582,31582,220,7,40,1,0,23,319.0,128.0,128.0,191.0
31583,31583,220,7,50,1,0,23,345.0,138.0,138.0,207.0
31584,31584,220,8,0,1,0,23,414.0,200.0,200.0,214.0
31585,31585,220,8,10,1,0,23,447.0,249.0,249.0,198.0
31586,31586,220,8,20,1,0,23,435.0,253.0,253.0,182.0
31587,31587,220,8,30,1,0,23,346.0,192.0,192.0,154.0
31588,31588,220,8,40,1,0,23,294.0,164.0,164.0,130.0
31589,31589,220,8,50,1,0,23,332.0,211.0,211.0,121.0
31590,31590,220,9,0,1,0,23,254.0,137.0,137.0,117.0
31591,31591,220,9,10,1,0,23,180.0,86.0,86.0,94.0
31592,31592,220,9,20,1,0,23,140.0,54.0,54.0,86.0
31593,31593,220,9,30,1,0,23,119.0,52.0,52.0,67.0
31594,31594,220,9,40,1,0,23,128.0,62.0,62.0,66.0
31595,31595,220,9,50,1,0,23,120.0,63.0,63.0,57.0
31596,31596,220,10,0,1,0,23,87.0,31.0,31.0,56.0
31597,31597,220,10,10,1,0,23,74.0,21.0,21.0,53.0
31598,31598,220,10,20,1,0,23,96.0,40.0,40.0,56.0
31599,31599,220,10,30,1,0,23,92.0,35.0,35.0,57.0
31600,31600,220,10,40,1,0,23,66.0,32.0,32.0,34.0
31601,31601,220,10,50,1,0,23,58.0,22.0,22.0,36.0
31602,31602,220,11,0,1,0,23,84.0,39.0,39.0,45.0
31603,31603,220,11,10,1,0,23,78.0,35.0,35.0,43.0
31604,31604,220,11,20,1,0,23,82.0,38.0,38.0,44.0
31605,31605,220,11,30,1,0,23,76.0,24.0,24.0,52.0
31606,31606,220,11,40,1,0,23,89.0,29.0,29.0,60.0
31607,31607,220,11,50,1,0,23,83.0,40.0,40.0,43.0
31608,31608,220,12,0,1,0,23,69.0,28.0,28.0,41.0
31609,31609,220,12,10,1,0,23,82.0,39.0,39.0,43.0
31610,31610,220,12,20,1,0,23,100.0,30.0,30.0,70.0
31611,31611,220,12,30,1,0,23,93.0,45.0,45.0,48.0
31612,31612,220,12,40,1,0,23,100.0,48.0,48.0,52.0
31613,31613,220,12,50,1,0,23,79.0,37.0,37.0,42.0
31614,31614,220,13,0,1,0,23,66.0,33.0,33.0,33.0
31615,31615,220,13,10,1,0,23,129.0,46.0,46.0,83.0
31616,31616,220,13,20,1,0,23,76.0,41.0,41.0,35.0
31617,31617,220,13,30,1,0,23,121.0,56.0,56.0,65.0
31618,31618,220,13,40,1,0,23,84.0,31.0,31.0,53.0
31619,31619,220,13,50,1,0,23,94.0,44.0,44.0,50.0
31620,31620,220,14,0,1,0,23,82.0,41.0,41.0,41.0
31621,31621,220,14,10,1,0,23,92.0,49.0,49.0,43.0
31622,31622,220,14,20,1,0,23,80.0,34.0,34.0,46.0
31623,31623,220,14,30,1,0,23,105.0,38.0,38.0,67.0
31624,31624,220,14,40,1,0,23,154.0,44.0,44.0,110.0
31625,31625,220,14,50,1,0,23,133.0,56.0,56.0,77.0
31626,31626,220,15,0,1,0,23,130.0,53.0,53.0,77.0
31627,31627,220,15,10,1,0,23,132.0,41.0,41.0,91.0
31628,31628,220,15,20,1,0,23,139.0,60.0,60.0,79.0
31629,31629,220,15,30,1,0,23,134.0,54.0,54.0,80.0
31630,31630,220,15,40,1,0,23,121.0,59.0,59.0,62.0
31631,31631,220,15,50,1,0,23,131.0,64.0,64.0,67.0
31632,31632,220,16,0,1,0,23,144.0,61.0,61.0,83.0
31633,31633,220,16,10,1,0,23,208.0,68.0,68.0,140.0
31634,31634,220,16,20,1,0,23,215.0,102.0,102.0,113.0
31635,31635,220,16,30,1,0,23,191.0,70.0,70.0,121.0
31636,31636,220,16,40,1,0,23,192.0,59.0,59.0,133.0
31637,31637,220,16,50,1,0,23,177.0,90.0,90.0,87.0
31638,31638,220,17,0,1,0,23,262.0,73.0,73.0,189.0
31639,31639,220,17,10,1,0,23,332.0,103.0,103.0,229.0
31640,31640,220,17,20,1,0,23,270.0,108.0,108.0,162.0
31641,31641,220,17,30,1,0,23,266.0,91.0,91.0,175.0
31642,31642,220,17,40,1,0,23,337.0,161.0,161.0,176.0
31643,31643,220,17,50,1,0,23,274.0,161.0,161.0,113.0
31644,31644,220,18,0,1,0,23,295.0,172.0,172.0,123.0
31645,31645,220,18,10,1,0,23,256.0,140.0,140.0,116.0
31646,31646,220,18,20,1,0,23,256.0,168.0,168.0,88.0
31647,31647,220,18,30,1,0,23,249.0,184.0,184.0,65.0
31648,31648,220,18,40,1,0,23,184.0,133.0,133.0,51.0
31649,31649,220,18,50,1,0,23,205.0,139.0,139.0,66.0
31650,31650,220,19,0,1,0,23,201.0,162.0,162.0,39.0
31651,31651,220,19,10,1,0,23,150.0,101.0,101.0,49.0
31652,31652,220,19,20,1,0,23,131.0,92.0,92.0,39.0
31653,31653,220,19,30,1,0,23,140.0,110.0,110.0,30.0
31654,31654,220,19,40,1,0,23,108.0,76.0,76.0,32.0
31655,31655,220,19,50,1,0,23,116.0,61.0,61.0,55.0
31656,31656,220,20,0,1,0,23,111.0,75.0,75.0,36.0
31657,31657,220,20,10,1,0,23,114.0,48.0,48.0,66.0
31658,31658,220,20,20,1,0,23,123.0,76.0,76.0,47.0
31659,31659,220,20,30,1,0,23,82.0,51.0,51.0,31.0
31660,31660,220,20,40,1,0,23,84.0,51.0,51.0,33.0
31661,31661,220,20,50,1,0,23,88.0,62.0,62.0,26.0
31662,31662,220,21,0,1,0,23,94.0,52.0,52.0,42.0
31663,31663,220,21,10,1,0,23,74.0,38.0,38.0,36.0
31664,31664,220,21,20,1,0,23,102.0,75.0,75.0,27.0
31665,31665,220,21,30,1,0,23,105.0,69.0,69.0,36.0
31666,31666,220,21,40,1,0,23,67.0,42.0,42.0,25.0
31667,31667,220,21,50,1,0,23,76.0,55.0,55.0,21.0
31668,31668,220,22,0,1,0,23,56.0,36.0,36.0,20.0
31669,31669,220,22,10,1,0,23,74.0,56.0,56.0,18.0
31670,31670,220,22,20,1,0,23,56.0,51.0,51.0,5.0
31671,31671,220,22,30,1,0,23,39.0,30.0,30.0,9.0
31672,31672,220,22,40,1,0,23,39.0,36.0,36.0,3.0
31673,31673,220,22,50,1,0,23,23.0,21.0,21.0,2.0
31710,31710,221,5,0,1,0,23,0.0,0.0,0.0,0.0
31711,31711,221,5,10,1,0,23,0.0,0.0,0.0,0.0
31712,31712,221,5,20,1,0,23,0.0,0.0,0.0,0.0
31713,31713,221,5,30,1,0,23,1.0,0.0,0.0,1.0
31714,31714,221,5,40,1,0,23,8.0,0.0,0.0,8.0
31715,31715,221,5,50,1,0,23,19.0,4.0,4.0,15.0
31716,31716,221,6,0,1,0,23,14.0,2.0,2.0,12.0
31717,31717,221,6,10,1,0,23,30.0,10.0,10.0,20.0
31718,31718,221,6,20,1,0,23,30.0,11.0,11.0,19.0
31719,31719,221,6,30,1,0,23,66.0,17.0,17.0,49.0
31720,31720,221,6,40,1,0,23,88.0,32.0,32.0,56.0
31721,31721,221,6,50,1,0,23,106.0,31.0,31.0,75.0
31722,31722,221,7,0,1,0,23,130.0,61.0,61.0,69.0
31723,31723,221,7,10,1,0,23,163.0,64.0,64.0,99.0
31724,31724,221,7,20,1,0,23,205.0,110.0,110.0,95.0
31725,31725,221,7,30,1,0,23,311.0,196.0,196.0,115.0
31726,31726,221,7,40,1,0,23,363.0,225.0,225.0,138.0
31727,31727,221,7,50,1,0,23,548.0,338.0,338.0,210.0
31728,31728,221,8,0,1,0,23,601.0,394.0,394.0,207.0
31729,31729,221,8,10,1,0,23,1063.0,851.0,851.0,212.0
31730,31730,221,8,20,1,0,23,1013.0,790.0,790.0,223.0
31731,31731,221,8,30,1,0,23,1435.0,1235.0,1235.0,200.0
31732,31732,221,8,40,1,0,23,1782.0,1606.0,1606.0,176.0
31733,31733,221,8,50,1,0,23,1530.0,1399.0,1399.0,131.0
31734,31734,221,9,0,1,0,23,822.0,691.0,691.0,131.0
31735,31735,221,9,10,1,0,23,682.0,571.0,571.0,111.0
31736,31736,221,9,20,1,0,23,437.0,341.0,341.0,96.0
31737,31737,221,9,30,1,0,23,387.0,309.0,309.0,78.0
31738,31738,221,9,40,1,0,23,351.0,276.0,276.0,75.0
31739,31739,221,9,50,1,0,23,247.0,172.0,172.0,75.0
31740,31740,221,10,0,1,0,23,170.0,126.0,126.0,44.0
31741,31741,221,10,10,1,0,23,158.0,93.0,93.0,65.0
31742,31742,221,10,20,1,0,23,151.0,83.0,83.0,68.0
31743,31743,221,10,30,1,0,23,143.0,98.0,98.0,45.0
31744,31744,221,10,40,1,0,23,109.0,57.0,57.0,52.0
31745,31745,221,10,50,1,0,23,103.0,50.0,50.0,53.0
31746,31746,221,11,0,1,0,23,94.0,51.0,51.0,43.0
31747,31747,221,11,10,1,0,23,136.0,65.0,65.0,71.0
31748,31748,221,11,20,1,0,23,102.0,45.0,45.0,57.0
31749,31749,221,11,30,1,0,23,104.0,38.0,38.0,66.0
31750,31750,221,11,40,1,0,23,118.0,58.0,58.0,60.0
31751,31751,221,11,50,1,0,23,96.0,40.0,40.0,56.0
31752,31752,221,12,0,1,0,23,146.0,73.0,73.0,73.0
31753,31753,221,12,10,1,0,23,125.0,54.0,54.0,71.0
31754,31754,221,12,20,1,0,23,129.0,65.0,65.0,64.0
31755,31755,221,12,30,1,0,23,114.0,65.0,65.0,49.0
31756,31756,221,12,40,1,0,23,177.0,99.0,99.0,78.0
31757,31757,221,12,50,1,0,23,121.0,66.0,66.0,55.0
31758,31758,221,13,0,1,0,23,137.0,75.0,75.0,62.0
31759,31759,221,13,10,1,0,23,120.0,57.0,57.0,63.0
31760,31760,221,13,20,1,0,23,123.0,53.0,53.0,70.0
31761,31761,221,13,30,1,0,23,138.0,78.0,78.0,60.0
31762,31762,221,13,40,1,0,23,139.0,70.0,70.0,69.0
31763,31763,221,13,50,1,0,23,115.0,54.0,54.0,61.0
31764,31764,221,14,0,1,0,23,142.0,63.0,63.0,79.0
31765,31765,221,14,10,1,0,23,96.0,49.0,49.0,47.0
31766,31766,221,14,20,1,0,23,79.0,36.0,36.0,43.0
31767,31767,221,14,30,1,0,23,116.0,55.0,55.0,61.0
31768,31768,221,14,40,1,0,23,114.0,56.0,56.0,58.0
31769,31769,221,14,50,1,0,23,105.0,57.0,57.0,48.0
31770,31770,221,15,0,1,0,23,148.0,70.0,70.0,78.0
31771,31771,221,15,10,1,0,23,127.0,35.0,35.0,92.0
31772,31772,221,15,20,1,0,23,144.0,54.0,54.0,90.0
31773,31773,221,15,30,1,0,23,140.0,54.0,54.0,86.0
31774,31774,221,15,40,1,0,23,122.0,58.0,58.0,64.0
31775,31775,221,15,50,1,0,23,132.0,52.0,52.0,80.0
31776,31776,221,16,0,1,0,23,121.0,52.0,52.0,69.0
31777,31777,221,16,10,1,0,23,135.0,42.0,42.0,93.0
31778,31778,221,16,20,1,0,23,138.0,44.0,44.0,94.0
31779,31779,221,16,30,1,0,23,142.0,53.0,53.0,89.0
31780,31780,221,16,40,1,0,23,195.0,54.0,54.0,141.0
31781,31781,221,16,50,1,0,23,183.0,56.0,56.0,127.0
31782,31782,221,17,0,1,0,23,325.0,83.0,83.0,242.0
31783,31783,221,17,10,1,0,23,456.0,98.0,98.0,358.0
31784,31784,221,17,20,1,0,23,405.0,124.0,124.0,281.0
31785,31785,221,17,30,1,0,23,462.0,93.0,93.0,369.0
31786,31786,221,17,40,1,0,23,824.0,115.0,115.0,709.0
31787,31787,221,17,50,1,0,23,602.0,143.0,143.0,459.0
31788,31788,221,18,0,1,0,23,771.0,121.0,121.0,650.0
31789,31789,221,18,10,1,0,23,1165.0,170.0,170.0,995.0
31790,31790,221,18,20,1,0,23,852.0,138.0,138.0,714.0
31791,31791,221,18,30,1,0,23,582.0,121.0,121.0,461.0
31792,31792,221,18,40,1,0,23,595.0,156.0,156.0,439.0
31793,31793,221,18,50,1,0,23,505.0,131.0,131.0,374.0
31794,31794,221,19,0,1,0,23,423.0,119.0,119.0,304.0
31795,31795,221,19,10,1,0,23,371.0,98.0,98.0,273.0
31796,31796,221,19,20,1,0,23,299.0,73.0,73.0,226.0
31797,31797,221,19,30,1,0,23,276.0,80.0,80.0,196.0
31798,31798,221,19,40,1,0,23,240.0,67.0,67.0,173.0
31799,31799,221,19,50,1,0,23,183.0,63.0,63.0,120.0
31800,31800,221,20,0,1,0,23,191.0,37.0,37.0,154.0
31801,31801,221,20,10,1,0,23,232.0,52.0,52.0,180.0
31802,31802,221,20,20,1,0,23,194.0,36.0,36.0,158.0
31803,31803,221,20,30,1,0,23,202.0,49.0,49.0,153.0
31804,31804,221,20,40,1,0,23,198.0,51.0,51.0,147.0
31805,31805,221,20,50,1,0,23,189.0,48.0,48.0,141.0
31806,31806,221,21,0,1,0,23,179.0,47.0,47.0,132.0
31807,31807,221,21,10,1,0,23,236.0,57.0,57.0,179.0
31808,31808,221,21,20,1,0,23,183.0,55.0,55.0,128.0
31809,31809,221,21,30,1,0,23,139.0,52.0,52.0,87.0
31810,31810,221,21,40,1,0,23,107.0,40.0,40.0,67.0
31811,31811,221,21,50,1,0,23,99.0,38.0,38.0,61.0
31812,31812,221,22,0,1,0,23,146.0,55.0,55.0,91.0
31813,31813,221,22,10,1,0,23,104.0,35.0,35.0,69.0
31814,31814,221,22,20,1,0,23,84.0,43.0,43.0,41.0
31815,31815,221,22,30,1,0,23,46.0,21.0,21.0,25.0
31816,31816,221,22,40,1,0,23,44.0,29.0,29.0,15.0
31817,31817,221,22,50,1,0,23,16.0,12.0,12.0,4.0
31854,31854,222,5,0,1,0,23,0.0,0.0,0.0,0.0
31855,31855,222,5,10,1,0,23,0.0,0.0,0.0,0.0
31856,31856,222,5,20,1,0,23,0.0,0.0,0.0,0.0
31857,31857,222,5,30,1,0,23,1.0,0.0,0.0,1.0
31858,31858,222,5,40,1,0,23,8.0,3.0,3.0,5.0
31859,31859,222,5,50,1,0,23,10.0,3.0,3.0,7.0
31860,31860,222,6,0,1,0,23,17.0,3.0,3.0,14.0
31861,31861,222,6,10,1,0,23,46.0,29.0,29.0,17.0
31862,31862,222,6,20,1,0,23,33.0,12.0,12.0,21.0
31863,31863,222,6,30,1,0,23,94.0,38.0,38.0,56.0
31864,31864,222,6,40,1,0,23,73.0,26.0,26.0,47.0
31865,31865,222,6,50,1,0,23,96.0,44.0,44.0,52.0
31866,31866,222,7,0,1,0,23,175.0,86.0,86.0,89.0
31867,31867,222,7,10,1,0,23,182.0,78.0,78.0,104.0
31868,31868,222,7,20,1,0,23,211.0,107.0,107.0,104.0
31869,31869,222,7,30,1,0,23,315.0,171.0,171.0,144.0
31870,31870,222,7,40,1,0,23,347.0,177.0,177.0,170.0
31871,31871,222,7,50,1,0,23,363.0,167.0,167.0,196.0
31872,31872,222,8,0,1,0,23,304.0,120.0,120.0,184.0
31873,31873,222,8,10,1,0,23,408.0,169.0,169.0,239.0
31874,31874,222,8,20,1,0,23,323.0,118.0,118.0,205.0
31875,31875,222,8,30,1,0,23,365.0,173.0,173.0,192.0
31876,31876,222,8,40,1,0,23,339.0,170.0,170.0,169.0
31877,31877,222,8,50,1,0,23,284.0,125.0,125.0,159.0
31878,31878,222,9,0,1,0,23,239.0,119.0,119.0,120.0
31879,31879,222,9,10,1,0,23,223.0,101.0,101.0,122.0
31880,31880,222,9,20,1,0,23,178.0,82.0,82.0,96.0
31881,31881,222,9,30,1,0,23,138.0,58.0,58.0,80.0
31882,31882,222,9,40,1,0,23,174.0,85.0,85.0,89.0
31883,31883,222,9,50,1,0,23,145.0,80.0,80.0,65.0
31884,31884,222,10,0,1,0,23,111.0,57.0,57.0,54.0
31885,31885,222,10,10,1,0,23,109.0,44.0,44.0,65.0
31886,31886,222,10,20,1,0,23,79.0,37.0,37.0,42.0
31887,31887,222,10,30,1,0,23,107.0,57.0,57.0,50.0
31888,31888,222,10,40,1,0,23,93.0,30.0,30.0,63.0
31889,31889,222,10,50,1,0,23,95.0,41.0,41.0,54.0
31890,31890,222,11,0,1,0,23,91.0,37.0,37.0,54.0
31891,31891,222,11,10,1,0,23,99.0,39.0,39.0,60.0
31892,31892,222,11,20,1,0,23,67.0,28.0,28.0,39.0
31893,31893,222,11,30,1,0,23,85.0,33.0,33.0,52.0
31894,31894,222,11,40,1,0,23,82.0,26.0,26.0,56.0
31895,31895,222,11,50,1,0,23,98.0,33.0,33.0,65.0
31896,31896,222,12,0,1,0,23,62.0,24.0,24.0,38.0
31897,31897,222,12,10,1,0,23,77.0,38.0,38.0,39.0
31898,31898,222,12,20,1,0,23,73.0,33.0,33.0,40.0
31899,31899,222,12,30,1,0,23,76.0,45.0,45.0,31.0
31900,31900,222,12,40,1,0,23,94.0,51.0,51.0,43.0
31901,31901,222,12,50,1,0,23,106.0,56.0,56.0,50.0
31902,31902,222,13,0,1,0,23,72.0,41.0,41.0,31.0
31903,31903,222,13,10,1,0,23,81.0,36.0,36.0,45.0
31904,31904,222,13,20,1,0,23,85.0,48.0,48.0,37.0
31905,31905,222,13,30,1,0,23,87.0,49.0,49.0,38.0
31906,31906,222,13,40,1,0,23,79.0,38.0,38.0,41.0
31907,31907,222,13,50,1,0,23,88.0,40.0,40.0,48.0
31908,31908,222,14,0,1,0,23,95.0,46.0,46.0,49.0
31909,31909,222,14,10,1,0,23,93.0,43.0,43.0,50.0
31910,31910,222,14,20,1,0,23,102.0,45.0,45.0,57.0
31911,31911,222,14,30,1,0,23,94.0,42.0,42.0,52.0
31912,31912,222,14,40,1,0,23,117.0,42.0,42.0,75.0
31913,31913,222,14,50,1,0,23,124.0,49.0,49.0,75.0
31914,31914,222,15,0,1,0,23,114.0,63.0,63.0,51.0
31915,31915,222,15,10,1,0,23,91.0,34.0,34.0,57.0
31916,31916,222,15,20,1,0,23,88.0,31.0,31.0,57.0
31917,31917,222,15,30,1,0,23,121.0,48.0,48.0,73.0
31918,31918,222,15,40,1,0,23,123.0,70.0,70.0,53.0
31919,31919,222,15,50,1,0,23,116.0,59.0,59.0,57.0
31920,31920,222,16,0,1,0,23,116.0,48.0,48.0,68.0
31921,31921,222,16,10,1,0,23,130.0,53.0,53.0,77.0
31922,31922,222,16,20,1,0,23,133.0,59.0,59.0,74.0
31923,31923,222,16,30,1,0,23,143.0,60.0,60.0,83.0
31924,31924,222,16,40,1,0,23,159.0,79.0,79.0,80.0
31925,31925,222,16,50,1,0,23,165.0,78.0,78.0,87.0
31926,31926,222,17,0,1,0,23,198.0,90.0,90.0,108.0
31927,31927,222,17,10,1,0,23,227.0,94.0,94.0,133.0
31928,31928,222,17,20,1,0,23,183.0,83.0,83.0,100.0
31929,31929,222,17,30,1,0,23,232.0,142.0,142.0,90.0
31930,31930,222,17,40,1,0,23,249.0,125.0,125.0,124.0
31931,31931,222,17,50,1,0,23,188.0,102.0,102.0,86.0
31932,31932,222,18,0,1,0,23,228.0,143.0,143.0,85.0
31933,31933,222,18,10,1,0,23,237.0,143.0,143.0,94.0
31934,31934,222,18,20,1,0,23,203.0,98.0,98.0,105.0
31935,31935,222,18,30,1,0,23,222.0,159.0,159.0,63.0
31936,31936,222,18,40,1,0,23,154.0,107.0,107.0,47.0
31937,31937,222,18,50,1,0,23,153.0,108.0,108.0,45.0
31938,31938,222,19,0,1,0,23,166.0,123.0,123.0,43.0
31939,31939,222,19,10,1,0,23,109.0,77.0,77.0,32.0
31940,31940,222,19,20,1,0,23,103.0,80.0,80.0,23.0
31941,31941,222,19,30,1,0,23,92.0,54.0,54.0,38.0
31942,31942,222,19,40,1,0,23,78.0,51.0,51.0,27.0
31943,31943,222,19,50,1,0,23,80.0,53.0,53.0,27.0
31944,31944,222,20,0,1,0,23,82.0,49.0,49.0,33.0
31945,31945,222,20,10,1,0,23,88.0,56.0,56.0,32.0
31946,31946,222,20,20,1,0,23,75.0,42.0,42.0,33.0
31947,31947,222,20,30,1,0,23,82.0,47.0,47.0,35.0
31948,31948,222,20,40,1,0,23,58.0,37.0,37.0,21.0
31949,31949,222,20,50,1,0,23,66.0,31.0,31.0,35.0
31950,31950,222,21,0,1,0,23,80.0,48.0,48.0,32.0
31951,31951,222,21,10,1,0,23,53.0,26.0,26.0,27.0
31952,31952,222,21,20,1,0,23,64.0,35.0,35.0,29.0
31953,31953,222,21,30,1,0,23,65.0,44.0,44.0,21.0
31954,31954,222,21,40,1,0,23,57.0,37.0,37.0,20.0
31955,31955,222,21,50,1,0,23,40.0,36.0,36.0,4.0
31956,31956,222,22,0,1,0,23,48.0,36.0,36.0,12.0
31957,31957,222,22,10,1,0,23,45.0,36.0,36.0,9.0
31958,31958,222,22,20,1,0,23,43.0,36.0,36.0,7.0
31959,31959,222,22,30,1,0,23,33.0,22.0,22.0,11.0
31960,31960,222,22,40,1,0,23,21.0,16.0,16.0,5.0
31961,31961,222,22,50,1,0,23,15.0,15.0,15.0,0.0
31998,31998,223,5,0,1,0,23,1.0,0.0,0.0,1.0
31999,31999,223,5,10,1,0,23,2.0,0.0,0.0,2.0
32000,32000,223,5,20,1,0,23,7.0,0.0,0.0,7.0
32001,32001,223,5,30,1,0,23,13.0,0.0,0.0,13.0
32002,32002,223,5,40,1,0,23,17.0,0.0,0.0,17.0
32003,32003,223,5,50,1,0,23,24.0,0.0,0.0,24.0
32004,32004,223,6,0,1,0,23,30.0,0.0,0.0,30.0
32005,32005,223,6,10,1,0,23,55.0,1.0,1.0,54.0
32006,32006,223,6,20,1,0,23,75.0,1.0,1.0,74.0
32007,32007,223,6,30,1,0,23,124.0,34.0,34.0,90.0
32008,32008,223,6,40,1,0,23,112.0,23.0,23.0,89.0
32009,32009,223,6,50,1,0,23,188.0,26.0,26.0,162.0
32010,32010,223,7,0,1,0,23,168.0,11.0,11.0,157.0
32011,32011,223,7,10,1,0,23,206.0,35.0,35.0,171.0
32012,32012,223,7,20,1,0,23,285.0,71.0,71.0,214.0
32013,32013,223,7,30,1,0,23,331.0,65.0,65.0,266.0
32014,32014,223,7,40,1,0,23,342.0,70.0,70.0,272.0
32015,32015,223,7,50,1,0,23,380.0,57.0,57.0,323.0
32016,32016,223,8,0,1,0,23,431.0,50.0,50.0,381.0
32017,32017,223,8,10,1,0,23,431.0,72.0,72.0,359.0
32018,32018,223,8,20,1,0,23,447.0,65.0,65.0,382.0
32019,32019,223,8,30,1,0,23,316.0,52.0,52.0,264.0
32020,32020,223,8,40,1,0,23,275.0,59.0,59.0,216.0
32021,32021,223,8,50,1,0,23,236.0,48.0,48.0,188.0
32022,32022,223,9,0,1,0,23,155.0,22.0,22.0,133.0
32023,32023,223,9,10,1,0,23,149.0,41.0,41.0,108.0
32024,32024,223,9,20,1,0,23,115.0,22.0,22.0,93.0
32025,32025,223,9,30,1,0,23,106.0,33.0,33.0,73.0
32026,32026,223,9,40,1,0,23,94.0,24.0,24.0,70.0
32027,32027,223,9,50,1,0,23,92.0,33.0,33.0,59.0
32028,32028,223,10,0,1,0,23,63.0,16.0,16.0,47.0
32029,32029,223,10,10,1,0,23,85.0,31.0,31.0,54.0
32030,32030,223,10,20,1,0,23,69.0,25.0,25.0,44.0
32031,32031,223,10,30,1,0,23,53.0,22.0,22.0,31.0
32032,32032,223,10,40,1,0,23,50.0,23.0,23.0,27.0
32033,32033,223,10,50,1,0,23,72.0,42.0,42.0,30.0
32034,32034,223,11,0,1,0,23,50.0,23.0,23.0,27.0
32035,32035,223,11,10,1,0,23,55.0,20.0,20.0,35.0
32036,32036,223,11,20,1,0,23,58.0,25.0,25.0,33.0
32037,32037,223,11,30,1,0,23,57.0,23.0,23.0,34.0
32038,32038,223,11,40,1,0,23,41.0,16.0,16.0,25.0
32039,32039,223,11,50,1,0,23,61.0,23.0,23.0,38.0
32040,32040,223,12,0,1,0,23,60.0,27.0,27.0,33.0
32041,32041,223,12,10,1,0,23,78.0,41.0,41.0,37.0
32042,32042,223,12,20,1,0,23,81.0,44.0,44.0,37.0
32043,32043,223,12,30,1,0,23,51.0,19.0,19.0,32.0
32044,32044,223,12,40,1,0,23,80.0,36.0,36.0,44.0
32045,32045,223,12,50,1,0,23,44.0,24.0,24.0,20.0
32046,32046,223,13,0,1,0,23,65.0,37.0,37.0,28.0
32047,32047,223,13,10,1,0,23,46.0,25.0,25.0,21.0
32048,32048,223,13,20,1,0,23,69.0,30.0,30.0,39.0
32049,32049,223,13,30,1,0,23,56.0,23.0,23.0,33.0
32050,32050,223,13,40,1,0,23,60.0,28.0,28.0,32.0
32051,32051,223,13,50,1,0,23,60.0,34.0,34.0,26.0
32052,32052,223,14,0,1,0,23,74.0,28.0,28.0,46.0
32053,32053,223,14,10,1,0,23,55.0,32.0,32.0,23.0
32054,32054,223,14,20,1,0,23,49.0,21.0,21.0,28.0
32055,32055,223,14,30,1,0,23,56.0,30.0,30.0,26.0
32056,32056,223,14,40,1,0,23,58.0,29.0,29.0,29.0
32057,32057,223,14,50,1,0,23,51.0,30.0,30.0,21.0
32058,32058,223,15,0,1,0,23,46.0,22.0,22.0,24.0
32059,32059,223,15,10,1,0,23,61.0,32.0,32.0,29.0
32060,32060,223,15,20,1,0,23,112.0,64.0,64.0,48.0
32061,32061,223,15,30,1,0,23,96.0,53.0,53.0,43.0
32062,32062,223,15,40,1,0,23,59.0,33.0,33.0,26.0
32063,32063,223,15,50,1,0,23,61.0,38.0,38.0,23.0
32064,32064,223,16,0,1,0,23,84.0,41.0,41.0,43.0
32065,32065,223,16,10,1,0,23,88.0,51.0,51.0,37.0
32066,32066,223,16,20,1,0,23,105.0,68.0,68.0,37.0
32067,32067,223,16,30,1,0,23,63.0,34.0,34.0,29.0
32068,32068,223,16,40,1,0,23,133.0,81.0,81.0,52.0
32069,32069,223,16,50,1,0,23,114.0,65.0,65.0,49.0
32070,32070,223,17,0,1,0,23,169.0,89.0,89.0,80.0
32071,32071,223,17,10,1,0,23,173.0,78.0,78.0,95.0
32072,32072,223,17,20,1,0,23,175.0,92.0,92.0,83.0
32073,32073,223,17,30,1,0,23,208.0,112.0,112.0,96.0
32074,32074,223,17,40,1,0,23,303.0,173.0,173.0,130.0
32075,32075,223,17,50,1,0,23,230.0,138.0,138.0,92.0
32076,32076,223,18,0,1,0,23,220.0,150.0,150.0,70.0
32077,32077,223,18,10,1,0,23,229.0,149.0,149.0,80.0
32078,32078,223,18,20,1,0,23,245.0,191.0,191.0,54.0
32079,32079,223,18,30,1,0,23,258.0,202.0,202.0,56.0
32080,32080,223,18,40,1,0,23,256.0,212.0,212.0,44.0
32081,32081,223,18,50,1,0,23,253.0,208.0,208.0,45.0
32082,32082,223,19,0,1,0,23,160.0,129.0,129.0,31.0
32083,32083,223,19,10,1,0,23,190.0,162.0,162.0,28.0
32084,32084,223,19,20,1,0,23,120.0,101.0,101.0,19.0
32085,32085,223,19,30,1,0,23,99.0,80.0,80.0,19.0
32086,32086,223,19,40,1,0,23,102.0,73.0,73.0,29.0
32087,32087,223,19,50,1,0,23,126.0,110.0,110.0,16.0
32088,32088,223,20,0,1,0,23,84.0,65.0,65.0,19.0
32089,32089,223,20,10,1,0,23,82.0,54.0,54.0,28.0
32090,32090,223,20,20,1,0,23,59.0,40.0,40.0,19.0
32091,32091,223,20,30,1,0,23,86.0,62.0,62.0,24.0
32092,32092,223,20,40,1,0,23,83.0,67.0,67.0,16.0
32093,32093,223,20,50,1,0,23,114.0,96.0,96.0,18.0
32094,32094,223,21,0,1,0,23,89.0,67.0,67.0,22.0
32095,32095,223,21,10,1,0,23,65.0,52.0,52.0,13.0
32096,32096,223,21,20,1,0,23,71.0,59.0,59.0,12.0
32097,32097,223,21,30,1,0,23,73.0,58.0,58.0,15.0
32098,32098,223,21,40,1,0,23,46.0,39.0,39.0,7.0
32099,32099,223,21,50,1,0,23,55.0,42.0,42.0,13.0
32100,32100,223,22,0,1,0,23,72.0,66.0,66.0,6.0
32101,32101,223,22,10,1,0,23,51.0,41.0,41.0,10.0
32102,32102,223,22,20,1,0,23,37.0,34.0,34.0,3.0
32103,32103,223,22,30,1,0,23,36.0,35.0,35.0,1.0
32104,32104,223,22,40,1,0,23,46.0,45.0,45.0,1.0
32105,32105,223,22,50,1,0,23,12.0,11.0,11.0,1.0
32142,32142,224,5,0,1,0,23,0.0,0.0,0.0,0.0
32143,32143,224,5,10,1,0,23,6.0,0.0,0.0,6.0
32144,32144,224,5,20,1,0,23,9.0,0.0,0.0,9.0
32145,32145,224,5,30,1,0,23,18.0,1.0,1.0,17.0
32146,32146,224,5,40,1,0,23,23.0,0.0,0.0,23.0
32147,32147,224,5,50,1,0,23,17.0,0.0,0.0,17.0
32148,32148,224,6,0,1,0,23,29.0,0.0,0.0,29.0
32149,32149,224,6,10,1,0,23,49.0,0.0,0.0,49.0
32150,32150,224,6,20,1,0,23,43.0,0.0,0.0,43.0
32151,32151,224,6,30,1,0,23,92.0,23.0,23.0,69.0
32152,32152,224,6,40,1,0,23,124.0,43.0,43.0,81.0
32153,32153,224,6,50,1,0,23,140.0,72.0,72.0,68.0
32154,32154,224,7,0,1,0,23,181.0,81.0,81.0,100.0
32155,32155,224,7,10,1,0,23,236.0,88.0,88.0,148.0
32156,32156,224,7,20,1,0,23,193.0,64.0,64.0,129.0
32157,32157,224,7,30,1,0,23,203.0,34.0,34.0,169.0
32158,32158,224,7,40,1,0,23,224.0,46.0,46.0,178.0
32159,32159,224,7,50,1,0,23,213.0,39.0,39.0,174.0
32160,32160,224,8,0,1,0,23,234.0,119.0,119.0,115.0
32161,32161,224,8,10,1,0,23,274.0,177.0,177.0,97.0
32162,32162,224,8,20,1,0,23,208.0,136.0,136.0,72.0
32163,32163,224,8,30,1,0,23,250.0,160.0,160.0,90.0
32164,32164,224,8,40,1,0,23,220.0,151.0,151.0,69.0
32165,32165,224,8,50,1,0,23,202.0,161.0,161.0,41.0
32166,32166,224,9,0,1,0,23,236.0,190.0,190.0,46.0
32167,32167,224,9,10,1,0,23,167.0,130.0,130.0,37.0
32168,32168,224,9,20,1,0,23,116.0,86.0,86.0,30.0
32169,32169,224,9,30,1,0,23,88.0,59.0,59.0,29.0
32170,32170,224,9,40,1,0,23,76.0,38.0,38.0,38.0
32171,32171,224,9,50,1,0,23,55.0,34.0,34.0,21.0
32172,32172,224,10,0,1,0,23,67.0,35.0,35.0,32.0
32173,32173,224,10,10,1,0,23,70.0,41.0,41.0,29.0
32174,32174,224,10,20,1,0,23,61.0,31.0,31.0,30.0
32175,32175,224,10,30,1,0,23,67.0,46.0,46.0,21.0
32176,32176,224,10,40,1,0,23,66.0,30.0,30.0,36.0
32177,32177,224,10,50,1,0,23,50.0,29.0,29.0,21.0
32178,32178,224,11,0,1,0,23,41.0,19.0,19.0,22.0
32179,32179,224,11,10,1,0,23,52.0,23.0,23.0,29.0
32180,32180,224,11,20,1,0,23,56.0,15.0,15.0,41.0
32181,32181,224,11,30,1,0,23,53.0,23.0,23.0,30.0
32182,32182,224,11,40,1,0,23,50.0,17.0,17.0,33.0
32183,32183,224,11,50,1,0,23,53.0,25.0,25.0,28.0
32184,32184,224,12,0,1,0,23,58.0,21.0,21.0,37.0
32185,32185,224,12,10,1,0,23,67.0,17.0,17.0,50.0
32186,32186,224,12,20,1,0,23,49.0,17.0,17.0,32.0
32187,32187,224,12,30,1,0,23,55.0,30.0,30.0,25.0
32188,32188,224,12,40,1,0,23,51.0,16.0,16.0,35.0
32189,32189,224,12,50,1,0,23,33.0,15.0,15.0,18.0
32190,32190,224,13,0,1,0,23,59.0,47.0,47.0,12.0
32191,32191,224,13,10,1,0,23,60.0,26.0,26.0,34.0
32192,32192,224,13,20,1,0,23,52.0,33.0,33.0,19.0
32193,32193,224,13,30,1,0,23,52.0,30.0,30.0,22.0
32194,32194,224,13,40,1,0,23,62.0,25.0,25.0,37.0
32195,32195,224,13,50,1,0,23,64.0,29.0,29.0,35.0
32196,32196,224,14,0,1,0,23,68.0,31.0,31.0,37.0
32197,32197,224,14,10,1,0,23,57.0,28.0,28.0,29.0
32198,32198,224,14,20,1,0,23,51.0,21.0,21.0,30.0
32199,32199,224,14,30,1,0,23,81.0,54.0,54.0,27.0
32200,32200,224,14,40,1,0,23,60.0,32.0,32.0,28.0
32201,32201,224,14,50,1,0,23,56.0,30.0,30.0,26.0
32202,32202,224,15,0,1,0,23,49.0,18.0,18.0,31.0
32203,32203,224,15,10,1,0,23,63.0,21.0,21.0,42.0
32204,32204,224,15,20,1,0,23,58.0,26.0,26.0,32.0
32205,32205,224,15,30,1,0,23,77.0,33.0,33.0,44.0
32206,32206,224,15,40,1,0,23,70.0,28.0,28.0,42.0
32207,32207,224,15,50,1,0,23,56.0,15.0,15.0,41.0
32208,32208,224,16,0,1,0,23,127.0,60.0,60.0,67.0
32209,32209,224,16,10,1,0,23,134.0,22.0,22.0,112.0
32210,32210,224,16,20,1,0,23,134.0,35.0,35.0,99.0
32211,32211,224,16,30,1,0,23,173.0,30.0,30.0,143.0
32212,32212,224,16,40,1,0,23,197.0,40.0,40.0,157.0
32213,32213,224,16,50,1,0,23,172.0,36.0,36.0,136.0
32214,32214,224,17,0,1,0,23,177.0,45.0,45.0,132.0
32215,32215,224,17,10,1,0,23,180.0,40.0,40.0,140.0
32216,32216,224,17,20,1,0,23,173.0,75.0,75.0,98.0
32217,32217,224,17,30,1,0,23,135.0,40.0,40.0,95.0
32218,32218,224,17,40,1,0,23,178.0,54.0,54.0,124.0
32219,32219,224,17,50,1,0,23,155.0,49.0,49.0,106.0
32220,32220,224,18,0,1,0,23,117.0,50.0,50.0,67.0
32221,32221,224,18,10,1,0,23,117.0,61.0,61.0,56.0
32222,32222,224,18,20,1,0,23,105.0,56.0,56.0,49.0
32223,32223,224,18,30,1,0,23,171.0,125.0,125.0,46.0
32224,32224,224,18,40,1,0,23,116.0,82.0,82.0,34.0
32225,32225,224,18,50,1,0,23,100.0,76.0,76.0,24.0
32226,32226,224,19,0,1,0,23,92.0,72.0,72.0,20.0
32227,32227,224,19,10,1,0,23,96.0,79.0,79.0,17.0
32228,32228,224,19,20,1,0,23,67.0,56.0,56.0,11.0
32229,32229,224,19,30,1,0,23,82.0,64.0,64.0,18.0
32230,32230,224,19,40,1,0,23,58.0,41.0,41.0,17.0
32231,32231,224,19,50,1,0,23,47.0,34.0,34.0,13.0
32232,32232,224,20,0,1,0,23,72.0,65.0,65.0,7.0
32233,32233,224,20,10,1,0,23,42.0,29.0,29.0,13.0
32234,32234,224,20,20,1,0,23,44.0,26.0,26.0,18.0
32235,32235,224,20,30,1,0,23,34.0,25.0,25.0,9.0
32236,32236,224,20,40,1,0,23,37.0,26.0,26.0,11.0
32237,32237,224,20,50,1,0,23,25.0,21.0,21.0,4.0
32238,32238,224,21,0,1,0,23,30.0,20.0,20.0,10.0
32239,32239,224,21,10,1,0,23,38.0,32.0,32.0,6.0
32240,32240,224,21,20,1,0,23,55.0,40.0,40.0,15.0
32241,32241,224,21,30,1,0,23,38.0,30.0,30.0,8.0
32242,32242,224,21,40,1,0,23,25.0,18.0,18.0,7.0
32243,32243,224,21,50,1,0,23,26.0,19.0,19.0,7.0
32244,32244,224,22,0,1,0,23,29.0,24.0,24.0,5.0
32245,32245,224,22,10,1,0,23,33.0,29.0,29.0,4.0
32246,32246,224,22,20,1,0,23,23.0,22.0,22.0,1.0
32247,32247,224,22,30,1,0,23,26.0,25.0,25.0,1.0
32248,32248,224,22,40,1,0,23,14.0,14.0,14.0,0.0
32249,32249,224,22,50,1,0,23,16.0,16.0,16.0,0.0
32286,32286,225,5,0,1,0,23,0.0,0.0,0.0,0.0
32287,32287,225,5,10,1,0,23,0.0,0.0,0.0,0.0
32288,32288,225,5,20,1,0,23,5.0,0.0,0.0,5.0
32289,32289,225,5,30,1,0,23,15.0,1.0,1.0,14.0
32290,32290,225,5,40,1,0,23,9.0,0.0,0.0,9.0
32291,32291,225,5,50,1,0,23,3.0,0.0,0.0,3.0
32292,32292,225,6,0,1,0,23,18.0,0.0,0.0,18.0
32293,32293,225,6,10,1,0,23,20.0,1.0,1.0,19.0
32294,32294,225,6,20,1,0,23,37.0,5.0,5.0,32.0
32295,32295,225,6,30,1,0,23,52.0,8.0,8.0,44.0
32296,32296,225,6,40,1,0,23,70.0,15.0,15.0,55.0
32297,32297,225,6,50,1,0,23,63.0,2.0,2.0,61.0
32298,32298,225,7,0,1,0,23,93.0,11.0,11.0,82.0
32299,32299,225,7,10,1,0,23,129.0,45.0,45.0,84.0
32300,32300,225,7,20,1,0,23,145.0,18.0,18.0,127.0
32301,32301,225,7,30,1,0,23,256.0,111.0,111.0,145.0
32302,32302,225,7,40,1,0,23,250.0,98.0,98.0,152.0
32303,32303,225,7,50,1,0,23,298.0,147.0,147.0,151.0
32304,32304,225,8,0,1,0,23,378.0,219.0,219.0,159.0
32305,32305,225,8,10,1,0,23,436.0,307.0,307.0,129.0
32306,32306,225,8,20,1,0,23,370.0,289.0,289.0,81.0
32307,32307,225,8,30,1,0,23,474.0,397.0,397.0,77.0
32308,32308,225,8,40,1,0,23,370.0,323.0,323.0,47.0
32309,32309,225,8,50,1,0,23,305.0,259.0,259.0,46.0
32310,32310,225,9,0,1,0,23,223.0,180.0,180.0,43.0
32311,32311,225,9,10,1,0,23,159.0,122.0,122.0,37.0
32312,32312,225,9,20,1,0,23,128.0,107.0,107.0,21.0
32313,32313,225,9,30,1,0,23,115.0,85.0,85.0,30.0
32314,32314,225,9,40,1,0,23,114.0,78.0,78.0,36.0
32315,32315,225,9,50,1,0,23,93.0,64.0,64.0,29.0
32316,32316,225,10,0,1,0,23,72.0,49.0,49.0,23.0
32317,32317,225,10,10,1,0,23,73.0,39.0,39.0,34.0
32318,32318,225,10,20,1,0,23,70.0,40.0,40.0,30.0
32319,32319,225,10,30,1,0,23,66.0,39.0,39.0,27.0
32320,32320,225,10,40,1,0,23,88.0,59.0,59.0,29.0
32321,32321,225,10,50,1,0,23,57.0,30.0,30.0,27.0
32322,32322,225,11,0,1,0,23,72.0,30.0,30.0,42.0
32323,32323,225,11,10,1,0,23,74.0,30.0,30.0,44.0
32324,32324,225,11,20,1,0,23,48.0,19.0,19.0,29.0
32325,32325,225,11,30,1,0,23,65.0,31.0,31.0,34.0
32326,32326,225,11,40,1,0,23,86.0,33.0,33.0,53.0
32327,32327,225,11,50,1,0,23,71.0,26.0,26.0,45.0
32328,32328,225,12,0,1,0,23,88.0,57.0,57.0,31.0
32329,32329,225,12,10,1,0,23,84.0,39.0,39.0,45.0
32330,32330,225,12,20,1,0,23,47.0,26.0,26.0,21.0
32331,32331,225,12,30,1,0,23,68.0,22.0,22.0,46.0
32332,32332,225,12,40,1,0,23,76.0,28.0,28.0,48.0
32333,32333,225,12,50,1,0,23,72.0,35.0,35.0,37.0
32334,32334,225,13,0,1,0,23,65.0,36.0,36.0,29.0
32335,32335,225,13,10,1,0,23,79.0,38.0,38.0,41.0
32336,32336,225,13,20,1,0,23,68.0,32.0,32.0,36.0
32337,32337,225,13,30,1,0,23,111.0,76.0,76.0,35.0
32338,32338,225,13,40,1,0,23,81.0,37.0,37.0,44.0
32339,32339,225,13,50,1,0,23,81.0,43.0,43.0,38.0
32340,32340,225,14,0,1,0,23,61.0,27.0,27.0,34.0
32341,32341,225,14,10,1,0,23,92.0,37.0,37.0,55.0
32342,32342,225,14,20,1,0,23,57.0,26.0,26.0,31.0
32343,32343,225,14,30,1,0,23,68.0,27.0,27.0,41.0
32344,32344,225,14,40,1,0,23,60.0,28.0,28.0,32.0
32345,32345,225,14,50,1,0,23,61.0,30.0,30.0,31.0
32346,32346,225,15,0,1,0,23,115.0,44.0,44.0,71.0
32347,32347,225,15,10,1,0,23,57.0,24.0,24.0,33.0
32348,32348,225,15,20,1,0,23,69.0,23.0,23.0,46.0
32349,32349,225,15,30,1,0,23,64.0,20.0,20.0,44.0
32350,32350,225,15,40,1,0,23,83.0,18.0,18.0,65.0
32351,32351,225,15,50,1,0,23,90.0,24.0,24.0,66.0
32352,32352,225,16,0,1,0,23,69.0,23.0,23.0,46.0
32353,32353,225,16,10,1,0,23,94.0,22.0,22.0,72.0
32354,32354,225,16,20,1,0,23,92.0,21.0,21.0,71.0
32355,32355,225,16,30,1,0,23,101.0,51.0,51.0,50.0
32356,32356,225,16,40,1,0,23,133.0,22.0,22.0,111.0
32357,32357,225,16,50,1,0,23,134.0,24.0,24.0,110.0
32358,32358,225,17,0,1,0,23,133.0,19.0,19.0,114.0
32359,32359,225,17,10,1,0,23,231.0,32.0,32.0,199.0
32360,32360,225,17,20,1,0,23,168.0,41.0,41.0,127.0
32361,32361,225,17,30,1,0,23,274.0,60.0,60.0,214.0
32362,32362,225,17,40,1,0,23,341.0,55.0,55.0,286.0
32363,32363,225,17,50,1,0,23,197.0,43.0,43.0,154.0
32364,32364,225,18,0,1,0,23,147.0,41.0,41.0,106.0
32365,32365,225,18,10,1,0,23,150.0,35.0,35.0,115.0
32366,32366,225,18,20,1,0,23,155.0,60.0,60.0,95.0
32367,32367,225,18,30,1,0,23,137.0,69.0,69.0,68.0
32368,32368,225,18,40,1,0,23,105.0,63.0,63.0,42.0
32369,32369,225,18,50,1,0,23,165.0,105.0,105.0,60.0
32370,32370,225,19,0,1,0,23,177.0,115.0,115.0,62.0
32371,32371,225,19,10,1,0,23,124.0,70.0,70.0,54.0
32372,32372,225,19,20,1,0,23,123.0,77.0,77.0,46.0
32373,32373,225,19,30,1,0,23,156.0,83.0,83.0,73.0
32374,32374,225,19,40,1,0,23,109.0,54.0,54.0,55.0
32375,32375,225,19,50,1,0,23,97.0,55.0,55.0,42.0
32376,32376,225,20,0,1,0,23,109.0,62.0,62.0,47.0
32377,32377,225,20,10,1,0,23,88.0,46.0,46.0,42.0
32378,32378,225,20,20,1,0,23,86.0,56.0,56.0,30.0
32379,32379,225,20,30,1,0,23,88.0,55.0,55.0,33.0
32380,32380,225,20,40,1,0,23,53.0,31.0,31.0,22.0
32381,32381,225,20,50,1,0,23,41.0,24.0,24.0,17.0
32382,32382,225,21,0,1,0,23,44.0,24.0,24.0,20.0
32383,32383,225,21,10,1,0,23,56.0,30.0,30.0,26.0
32384,32384,225,21,20,1,0,23,46.0,26.0,26.0,20.0
32385,32385,225,21,30,1,0,23,74.0,60.0,60.0,14.0
32386,32386,225,21,40,1,0,23,53.0,32.0,32.0,21.0
32387,32387,225,21,50,1,0,23,41.0,36.0,36.0,5.0
32388,32388,225,22,0,1,0,23,35.0,29.0,29.0,6.0
32389,32389,225,22,10,1,0,23,30.0,27.0,27.0,3.0
32390,32390,225,22,20,1,0,23,30.0,21.0,21.0,9.0
32391,32391,225,22,30,1,0,23,21.0,19.0,19.0,2.0
32392,32392,225,22,40,1,0,23,9.0,9.0,9.0,0.0
32393,32393,225,22,50,1,0,23,25.0,25.0,25.0,0.0
32430,32430,226,5,0,1,0,23,0.0,0.0,0.0,0.0
32431,32431,226,5,10,1,0,23,0.0,0.0,0.0,0.0
32432,32432,226,5,20,1,0,23,0.0,0.0,0.0,0.0
32433,32433,226,5,30,1,0,23,14.0,0.0,0.0,14.0
32434,32434,226,5,40,1,0,23,28.0,0.0,0.0,28.0
32435,32435,226,5,50,1,0,23,34.0,1.0,1.0,33.0
32436,32436,226,6,0,1,0,23,56.0,0.0,0.0,56.0
32437,32437,226,6,10,1,0,23,73.0,6.0,6.0,67.0
32438,32438,226,6,20,1,0,23,87.0,8.0,8.0,79.0
32439,32439,226,6,30,1,0,23,141.0,17.0,17.0,124.0
32440,32440,226,6,40,1,0,23,195.0,17.0,17.0,178.0
32441,32441,226,6,50,1,0,23,233.0,39.0,39.0,194.0
32442,32442,226,7,0,1,0,23,271.0,31.0,31.0,240.0
32443,32443,226,7,10,1,0,23,318.0,40.0,40.0,278.0
32444,32444,226,7,20,1,0,23,366.0,45.0,45.0,321.0
32445,32445,226,7,30,1,0,23,443.0,40.0,40.0,403.0
32446,32446,226,7,40,1,0,23,569.0,41.0,41.0,528.0
32447,32447,226,7,50,1,0,23,556.0,47.0,47.0,509.0
32448,32448,226,8,0,1,0,23,494.0,36.0,36.0,458.0
32449,32449,226,8,10,1,0,23,537.0,47.0,47.0,490.0
32450,32450,226,8,20,1,0,23,448.0,38.0,38.0,410.0
32451,32451,226,8,30,1,0,23,333.0,38.0,38.0,295.0
32452,32452,226,8,40,1,0,23,277.0,51.0,51.0,226.0
32453,32453,226,8,50,1,0,23,256.0,48.0,48.0,208.0
32454,32454,226,9,0,1,0,23,164.0,50.0,50.0,114.0
32455,32455,226,9,10,1,0,23,188.0,67.0,67.0,121.0
32456,32456,226,9,20,1,0,23,168.0,55.0,55.0,113.0
32457,32457,226,9,30,1,0,23,120.0,43.0,43.0,77.0
32458,32458,226,9,40,1,0,23,116.0,38.0,38.0,78.0
32459,32459,226,9,50,1,0,23,112.0,56.0,56.0,56.0
32460,32460,226,10,0,1,0,23,114.0,52.0,52.0,62.0
32461,32461,226,10,10,1,0,23,108.0,52.0,52.0,56.0
32462,32462,226,10,20,1,0,23,83.0,40.0,40.0,43.0
32463,32463,226,10,30,1,0,23,93.0,51.0,51.0,42.0
32464,32464,226,10,40,1,0,23,80.0,46.0,46.0,34.0
32465,32465,226,10,50,1,0,23,76.0,35.0,35.0,41.0
32466,32466,226,11,0,1,0,23,64.0,33.0,33.0,31.0
32467,32467,226,11,10,1,0,23,100.0,47.0,47.0,53.0
32468,32468,226,11,20,1,0,23,90.0,39.0,39.0,51.0
32469,32469,226,11,30,1,0,23,81.0,37.0,37.0,44.0
32470,32470,226,11,40,1,0,23,89.0,27.0,27.0,62.0
32471,32471,226,11,50,1,0,23,105.0,54.0,54.0,51.0
32472,32472,226,12,0,1,0,23,97.0,49.0,49.0,48.0
32473,32473,226,12,10,1,0,23,106.0,46.0,46.0,60.0
32474,32474,226,12,20,1,0,23,95.0,38.0,38.0,57.0
32475,32475,226,12,30,1,0,23,89.0,40.0,40.0,49.0
32476,32476,226,12,40,1,0,23,124.0,52.0,52.0,72.0
32477,32477,226,12,50,1,0,23,96.0,51.0,51.0,45.0
32478,32478,226,13,0,1,0,23,105.0,50.0,50.0,55.0
32479,32479,226,13,10,1,0,23,93.0,43.0,43.0,50.0
32480,32480,226,13,20,1,0,23,81.0,38.0,38.0,43.0
32481,32481,226,13,30,1,0,23,95.0,48.0,48.0,47.0
32482,32482,226,13,40,1,0,23,90.0,41.0,41.0,49.0
32483,32483,226,13,50,1,0,23,88.0,44.0,44.0,44.0
32484,32484,226,14,0,1,0,23,102.0,37.0,37.0,65.0
32485,32485,226,14,10,1,0,23,100.0,48.0,48.0,52.0
32486,32486,226,14,20,1,0,23,105.0,69.0,69.0,36.0
32487,32487,226,14,30,1,0,23,120.0,80.0,80.0,40.0
32488,32488,226,14,40,1,0,23,102.0,57.0,57.0,45.0
32489,32489,226,14,50,1,0,23,98.0,58.0,58.0,40.0
32490,32490,226,15,0,1,0,23,147.0,102.0,102.0,45.0
32491,32491,226,15,10,1,0,23,93.0,63.0,63.0,30.0
32492,32492,226,15,20,1,0,23,121.0,82.0,82.0,39.0
32493,32493,226,15,30,1,0,23,121.0,76.0,76.0,45.0
32494,32494,226,15,40,1,0,23,169.0,114.0,114.0,55.0
32495,32495,226,15,50,1,0,23,139.0,99.0,99.0,40.0
32496,32496,226,16,0,1,0,23,158.0,91.0,91.0,67.0
32497,32497,226,16,10,1,0,23,152.0,102.0,102.0,50.0
32498,32498,226,16,20,1,0,23,156.0,98.0,98.0,58.0
32499,32499,226,16,30,1,0,23,230.0,154.0,154.0,76.0
32500,32500,226,16,40,1,0,23,192.0,110.0,110.0,82.0
32501,32501,226,16,50,1,0,23,196.0,138.0,138.0,58.0
32502,32502,226,17,0,1,0,23,267.0,205.0,205.0,62.0
32503,32503,226,17,10,1,0,23,272.0,195.0,195.0,77.0
32504,32504,226,17,20,1,0,23,291.0,228.0,228.0,63.0
32505,32505,226,17,30,1,0,23,303.0,214.0,214.0,89.0
32506,32506,226,17,40,1,0,23,352.0,273.0,273.0,79.0
32507,32507,226,17,50,1,0,23,375.0,304.0,304.0,71.0
32508,32508,226,18,0,1,0,23,335.0,270.0,270.0,65.0
32509,32509,226,18,10,1,0,23,371.0,312.0,312.0,59.0
32510,32510,226,18,20,1,0,23,404.0,354.0,354.0,50.0
32511,32511,226,18,30,1,0,23,326.0,275.0,275.0,51.0
32512,32512,226,18,40,1,0,23,393.0,338.0,338.0,55.0
32513,32513,226,18,50,1,0,23,444.0,402.0,402.0,42.0
32514,32514,226,19,0,1,0,23,294.0,249.0,249.0,45.0
32515,32515,226,19,10,1,0,23,320.0,284.0,284.0,36.0
32516,32516,226,19,20,1,0,23,220.0,187.0,187.0,33.0
32517,32517,226,19,30,1,0,23,189.0,137.0,137.0,52.0
32518,32518,226,19,40,1,0,23,179.0,140.0,140.0,39.0
32519,32519,226,19,50,1,0,23,220.0,178.0,178.0,42.0
32520,32520,226,20,0,1,0,23,145.0,104.0,104.0,41.0
32521,32521,226,20,10,1,0,23,166.0,120.0,120.0,46.0
32522,32522,226,20,20,1,0,23,120.0,82.0,82.0,38.0
32523,32523,226,20,30,1,0,23,115.0,75.0,75.0,40.0
32524,32524,226,20,40,1,0,23,141.0,99.0,99.0,42.0
32525,32525,226,20,50,1,0,23,123.0,84.0,84.0,39.0
32526,32526,226,21,0,1,0,23,113.0,69.0,69.0,44.0
32527,32527,226,21,10,1,0,23,137.0,99.0,99.0,38.0
32528,32528,226,21,20,1,0,23,110.0,84.0,84.0,26.0
32529,32529,226,21,30,1,0,23,113.0,89.0,89.0,24.0
32530,32530,226,21,40,1,0,23,108.0,77.0,77.0,31.0
32531,32531,226,21,50,1,0,23,119.0,92.0,92.0,27.0
32532,32532,226,22,0,1,0,23,115.0,51.0,51.0,64.0
32533,32533,226,22,10,1,0,23,86.0,69.0,69.0,17.0
32534,32534,226,22,20,1,0,23,51.0,45.0,45.0,6.0
32535,32535,226,22,30,1,0,23,66.0,57.0,57.0,9.0
32536,32536,226,22,40,1,0,23,65.0,63.0,63.0,2.0
32537,32537,226,22,50,1,0,23,36.0,36.0,36.0,0.0
32574,32574,227,5,0,1,0,23,0.0,0.0,0.0,0.0
32575,32575,227,5,10,1,0,23,1.0,0.0,0.0,1.0
32576,32576,227,5,20,1,0,23,4.0,0.0,0.0,4.0
32577,32577,227,5,30,1,0,23,7.0,0.0,0.0,7.0
32578,32578,227,5,40,1,0,23,16.0,5.0,5.0,11.0
32579,32579,227,5,50,1,0,23,17.0,3.0,3.0,14.0
32580,32580,227,6,0,1,0,23,16.0,1.0,1.0,15.0
32581,32581,227,6,10,1,0,23,22.0,1.0,1.0,21.0
32582,32582,227,6,20,1,0,23,41.0,27.0,27.0,14.0
32583,32583,227,6,30,1,0,23,55.0,17.0,17.0,38.0
32584,32584,227,6,40,1,0,23,56.0,20.0,20.0,36.0
32585,32585,227,6,50,1,0,23,75.0,34.0,34.0,41.0
32586,32586,227,7,0,1,0,23,110.0,11.0,11.0,99.0
32587,32587,227,7,10,1,0,23,102.0,34.0,34.0,68.0
32588,32588,227,7,20,1,0,23,108.0,35.0,35.0,73.0
32589,32589,227,7,30,1,0,23,157.0,29.0,29.0,128.0
32590,32590,227,7,40,1,0,23,135.0,40.0,40.0,95.0
32591,32591,227,7,50,1,0,23,132.0,27.0,27.0,105.0
32592,32592,227,8,0,1,0,23,110.0,21.0,21.0,89.0
32593,32593,227,8,10,1,0,23,124.0,29.0,29.0,95.0
32594,32594,227,8,20,1,0,23,112.0,30.0,30.0,82.0
32595,32595,227,8,30,1,0,23,116.0,40.0,40.0,76.0
32596,32596,227,8,40,1,0,23,65.0,20.0,20.0,45.0
32597,32597,227,8,50,1,0,23,92.0,58.0,58.0,34.0
32598,32598,227,9,0,1,0,23,101.0,45.0,45.0,56.0
32599,32599,227,9,10,1,0,23,65.0,25.0,25.0,40.0
32600,32600,227,9,20,1,0,23,62.0,26.0,26.0,36.0
32601,32601,227,9,30,1,0,23,45.0,27.0,27.0,18.0
32602,32602,227,9,40,1,0,23,58.0,29.0,29.0,29.0
32603,32603,227,9,50,1,0,23,53.0,28.0,28.0,25.0
32604,32604,227,10,0,1,0,23,27.0,14.0,14.0,13.0
32605,32605,227,10,10,1,0,23,33.0,12.0,12.0,21.0
32606,32606,227,10,20,1,0,23,31.0,16.0,16.0,15.0
32607,32607,227,10,30,1,0,23,40.0,23.0,23.0,17.0
32608,32608,227,10,40,1,0,23,40.0,22.0,22.0,18.0
32609,32609,227,10,50,1,0,23,33.0,20.0,20.0,13.0
32610,32610,227,11,0,1,0,23,54.0,21.0,21.0,33.0
32611,32611,227,11,10,1,0,23,40.0,32.0,32.0,8.0
32612,32612,227,11,20,1,0,23,40.0,11.0,11.0,29.0
32613,32613,227,11,30,1,0,23,35.0,19.0,19.0,16.0
32614,32614,227,11,40,1,0,23,35.0,13.0,13.0,22.0
32615,32615,227,11,50,1,0,23,37.0,10.0,10.0,27.0
32616,32616,227,12,0,1,0,23,22.0,14.0,14.0,8.0
32617,32617,227,12,10,1,0,23,25.0,14.0,14.0,11.0
32618,32618,227,12,20,1,0,23,26.0,12.0,12.0,14.0
32619,32619,227,12,30,1,0,23,38.0,21.0,21.0,17.0
32620,32620,227,12,40,1,0,23,51.0,17.0,17.0,34.0
32621,32621,227,12,50,1,0,23,27.0,20.0,20.0,7.0
32622,32622,227,13,0,1,0,23,28.0,16.0,16.0,12.0
32623,32623,227,13,10,1,0,23,46.0,11.0,11.0,35.0
32624,32624,227,13,20,1,0,23,34.0,17.0,17.0,17.0
32625,32625,227,13,30,1,0,23,41.0,23.0,23.0,18.0
32626,32626,227,13,40,1,0,23,45.0,19.0,19.0,26.0
32627,32627,227,13,50,1,0,23,43.0,18.0,18.0,25.0
32628,32628,227,14,0,1,0,23,40.0,23.0,23.0,17.0
32629,32629,227,14,10,1,0,23,60.0,32.0,32.0,28.0
32630,32630,227,14,20,1,0,23,34.0,13.0,13.0,21.0
32631,32631,227,14,30,1,0,23,52.0,18.0,18.0,34.0
32632,32632,227,14,40,1,0,23,45.0,30.0,30.0,15.0
32633,32633,227,14,50,1,0,23,61.0,23.0,23.0,38.0
32634,32634,227,15,0,1,0,23,34.0,23.0,23.0,11.0
32635,32635,227,15,10,1,0,23,29.0,22.0,22.0,7.0
32636,32636,227,15,20,1,0,23,44.0,24.0,24.0,20.0
32637,32637,227,15,30,1,0,23,68.0,24.0,24.0,44.0
32638,32638,227,15,40,1,0,23,80.0,46.0,46.0,34.0
32639,32639,227,15,50,1,0,23,50.0,32.0,32.0,18.0
32640,32640,227,16,0,1,0,23,47.0,33.0,33.0,14.0
32641,32641,227,16,10,1,0,23,62.0,28.0,28.0,34.0
32642,32642,227,16,20,1,0,23,61.0,24.0,24.0,37.0
32643,32643,227,16,30,1,0,23,82.0,23.0,23.0,59.0
32644,32644,227,16,40,1,0,23,67.0,42.0,42.0,25.0
32645,32645,227,16,50,1,0,23,84.0,61.0,61.0,23.0
32646,32646,227,17,0,1,0,23,83.0,37.0,37.0,46.0
32647,32647,227,17,10,1,0,23,70.0,35.0,35.0,35.0
32648,32648,227,17,20,1,0,23,84.0,41.0,41.0,43.0
32649,32649,227,17,30,1,0,23,67.0,41.0,41.0,26.0
32650,32650,227,17,40,1,0,23,73.0,50.0,50.0,23.0
32651,32651,227,17,50,1,0,23,107.0,58.0,58.0,49.0
32652,32652,227,18,0,1,0,23,98.0,81.0,81.0,17.0
32653,32653,227,18,10,1,0,23,88.0,58.0,58.0,30.0
32654,32654,227,18,20,1,0,23,82.0,51.0,51.0,31.0
32655,32655,227,18,30,1,0,23,76.0,45.0,45.0,31.0
32656,32656,227,18,40,1,0,23,42.0,29.0,29.0,13.0
32657,32657,227,18,50,1,0,23,67.0,47.0,47.0,20.0
32658,32658,227,19,0,1,0,23,53.0,41.0,41.0,12.0
32659,32659,227,19,10,1,0,23,48.0,24.0,24.0,24.0
32660,32660,227,19,20,1,0,23,50.0,34.0,34.0,16.0
32661,32661,227,19,30,1,0,23,60.0,45.0,45.0,15.0
32662,32662,227,19,40,1,0,23,34.0,18.0,18.0,16.0
32663,32663,227,19,50,1,0,23,42.0,25.0,25.0,17.0
32664,32664,227,20,0,1,0,23,33.0,21.0,21.0,12.0
32665,32665,227,20,10,1,0,23,25.0,19.0,19.0,6.0
32666,32666,227,20,20,1,0,23,37.0,16.0,16.0,21.0
32667,32667,227,20,30,1,0,23,26.0,16.0,16.0,10.0
32668,32668,227,20,40,1,0,23,9.0,8.0,8.0,1.0
32669,32669,227,20,50,1,0,23,13.0,10.0,10.0,3.0
32670,32670,227,21,0,1,0,23,34.0,14.0,14.0,20.0
32671,32671,227,21,10,1,0,23,18.0,13.0,13.0,5.0
32672,32672,227,21,20,1,0,23,18.0,11.0,11.0,7.0
32673,32673,227,21,30,1,0,23,14.0,12.0,12.0,2.0
32674,32674,227,21,40,1,0,23,21.0,14.0,14.0,7.0
32675,32675,227,21,50,1,0,23,9.0,7.0,7.0,2.0
32676,32676,227,22,0,1,0,23,7.0,6.0,6.0,1.0
32677,32677,227,22,10,1,0,23,11.0,10.0,10.0,1.0
32678,32678,227,22,20,1,0,23,7.0,6.0,6.0,1.0
32679,32679,227,22,30,1,0,23,12.0,12.0,12.0,0.0
32680,32680,227,22,40,1,0,23,7.0,7.0,7.0,0.0
32681,32681,227,22,50,1,0,23,0.0,0.0,0.0,0.0
32718,32718,228,5,0,1,0,23,0.0,0.0,0.0,0.0
32719,32719,228,5,10,1,0,23,0.0,0.0,0.0,0.0
32720,32720,228,5,20,1,0,23,0.0,0.0,0.0,0.0
32721,32721,228,5,30,1,0,23,1.0,0.0,0.0,1.0
32722,32722,228,5,40,1,0,23,1.0,0.0,0.0,1.0
32723,32723,228,5,50,1,0,23,16.0,3.0,3.0,13.0
32724,32724,228,6,0,1,0,23,14.0,1.0,1.0,13.0
32725,32725,228,6,10,1,0,23,21.0,4.0,4.0,17.0
32726,32726,228,6,20,1,0,23,35.0,17.0,17.0,18.0
32727,32727,228,6,30,1,0,23,60.0,36.0,36.0,24.0
32728,32728,228,6,40,1,0,23,153.0,114.0,114.0,39.0
32729,32729,228,6,50,1,0,23,228.0,205.0,205.0,23.0
32730,32730,228,7,0,1,0,23,333.0,281.0,281.0,52.0
32731,32731,228,7,10,1,0,23,353.0,308.0,308.0,45.0
32732,32732,228,7,20,1,0,23,302.0,247.0,247.0,55.0
32733,32733,228,7,30,1,0,23,416.0,344.0,344.0,72.0
32734,32734,228,7,40,1,0,23,339.0,264.0,264.0,75.0
32735,32735,228,7,50,1,0,23,287.0,209.0,209.0,78.0
32736,32736,228,8,0,1,0,23,475.0,361.0,361.0,114.0
32737,32737,228,8,10,1,0,23,411.0,326.0,326.0,85.0
32738,32738,228,8,20,1,0,23,404.0,314.0,314.0,90.0
32739,32739,228,8,30,1,0,23,511.0,423.0,423.0,88.0
32740,32740,228,8,40,1,0,23,459.0,400.0,400.0,59.0
32741,32741,228,8,50,1,0,23,382.0,304.0,304.0,78.0
32742,32742,228,9,0,1,0,23,257.0,198.0,198.0,59.0
32743,32743,228,9,10,1,0,23,238.0,178.0,178.0,60.0
32744,32744,228,9,20,1,0,23,155.0,100.0,100.0,55.0
32745,32745,228,9,30,1,0,23,162.0,115.0,115.0,47.0
32746,32746,228,9,40,1,0,23,130.0,97.0,97.0,33.0
32747,32747,228,9,50,1,0,23,136.0,92.0,92.0,44.0
32748,32748,228,10,0,1,0,23,113.0,76.0,76.0,37.0
32749,32749,228,10,10,1,0,23,120.0,55.0,55.0,65.0
32750,32750,228,10,20,1,0,23,113.0,60.0,60.0,53.0
32751,32751,228,10,30,1,0,23,94.0,48.0,48.0,46.0
32752,32752,228,10,40,1,0,23,87.0,42.0,42.0,45.0
32753,32753,228,10,50,1,0,23,104.0,48.0,48.0,56.0
32754,32754,228,11,0,1,0,23,107.0,38.0,38.0,69.0
32755,32755,228,11,10,1,0,23,94.0,33.0,33.0,61.0
32756,32756,228,11,20,1,0,23,117.0,47.0,47.0,70.0
32757,32757,228,11,30,1,0,23,128.0,62.0,62.0,66.0
32758,32758,228,11,40,1,0,23,114.0,60.0,60.0,54.0
32759,32759,228,11,50,1,0,23,131.0,46.0,46.0,85.0
32760,32760,228,12,0,1,0,23,127.0,51.0,51.0,76.0
32761,32761,228,12,10,1,0,23,135.0,56.0,56.0,79.0
32762,32762,228,12,20,1,0,23,118.0,47.0,47.0,71.0
32763,32763,228,12,30,1,0,23,84.0,46.0,46.0,38.0
32764,32764,228,12,40,1,0,23,93.0,40.0,40.0,53.0
32765,32765,228,12,50,1,0,23,101.0,36.0,36.0,65.0
32766,32766,228,13,0,1,0,23,124.0,61.0,61.0,63.0
32767,32767,228,13,10,1,0,23,136.0,53.0,53.0,83.0
32768,32768,228,13,20,1,0,23,123.0,46.0,46.0,77.0
32769,32769,228,13,30,1,0,23,105.0,42.0,42.0,63.0
32770,32770,228,13,40,1,0,23,114.0,48.0,48.0,66.0
32771,32771,228,13,50,1,0,23,146.0,71.0,71.0,75.0
32772,32772,228,14,0,1,0,23,100.0,42.0,42.0,58.0
32773,32773,228,14,10,1,0,23,122.0,53.0,53.0,69.0
32774,32774,228,14,20,1,0,23,106.0,40.0,40.0,66.0
32775,32775,228,14,30,1,0,23,99.0,44.0,44.0,55.0
32776,32776,228,14,40,1,0,23,205.0,56.0,56.0,149.0
32777,32777,228,14,50,1,0,23,234.0,59.0,59.0,175.0
32778,32778,228,15,0,1,0,23,196.0,40.0,40.0,156.0
32779,32779,228,15,10,1,0,23,201.0,46.0,46.0,155.0
32780,32780,228,15,20,1,0,23,179.0,65.0,65.0,114.0
32781,32781,228,15,30,1,0,23,203.0,65.0,65.0,138.0
32782,32782,228,15,40,1,0,23,194.0,58.0,58.0,136.0
32783,32783,228,15,50,1,0,23,183.0,51.0,51.0,132.0
32784,32784,228,16,0,1,0,23,215.0,66.0,66.0,149.0
32785,32785,228,16,10,1,0,23,211.0,47.0,47.0,164.0
32786,32786,228,16,20,1,0,23,233.0,54.0,54.0,179.0
32787,32787,228,16,30,1,0,23,239.0,61.0,61.0,178.0
32788,32788,228,16,40,1,0,23,291.0,55.0,55.0,236.0
32789,32789,228,16,50,1,0,23,277.0,71.0,71.0,206.0
32790,32790,228,17,0,1,0,23,328.0,75.0,75.0,253.0
32791,32791,228,17,10,1,0,23,327.0,87.0,87.0,240.0
32792,32792,228,17,20,1,0,23,302.0,86.0,86.0,216.0
32793,32793,228,17,30,1,0,23,365.0,84.0,84.0,281.0
32794,32794,228,17,40,1,0,23,437.0,109.0,109.0,328.0
32795,32795,228,17,50,1,0,23,349.0,95.0,95.0,254.0
32796,32796,228,18,0,1,0,23,370.0,131.0,131.0,239.0
32797,32797,228,18,10,1,0,23,368.0,146.0,146.0,222.0
32798,32798,228,18,20,1,0,23,343.0,131.0,131.0,212.0
32799,32799,228,18,30,1,0,23,233.0,77.0,77.0,156.0
32800,32800,228,18,40,1,0,23,230.0,127.0,127.0,103.0
32801,32801,228,18,50,1,0,23,206.0,103.0,103.0,103.0
32802,32802,228,19,0,1,0,23,177.0,100.0,100.0,77.0
32803,32803,228,19,10,1,0,23,191.0,92.0,92.0,99.0
32804,32804,228,19,20,1,0,23,139.0,79.0,79.0,60.0
32805,32805,228,19,30,1,0,23,123.0,59.0,59.0,64.0
32806,32806,228,19,40,1,0,23,138.0,68.0,68.0,70.0
32807,32807,228,19,50,1,0,23,118.0,36.0,36.0,82.0
32808,32808,228,20,0,1,0,23,153.0,50.0,50.0,103.0
32809,32809,228,20,10,1,0,23,144.0,50.0,50.0,94.0
32810,32810,228,20,20,1,0,23,88.0,34.0,34.0,54.0
32811,32811,228,20,30,1,0,23,119.0,58.0,58.0,61.0
32812,32812,228,20,40,1,0,23,97.0,35.0,35.0,62.0
32813,32813,228,20,50,1,0,23,115.0,37.0,37.0,78.0
32814,32814,228,21,0,1,0,23,93.0,32.0,32.0,61.0
32815,32815,228,21,10,1,0,23,112.0,46.0,46.0,66.0
32816,32816,228,21,20,1,0,23,102.0,33.0,33.0,69.0
32817,32817,228,21,30,1,0,23,98.0,47.0,47.0,51.0
32818,32818,228,21,40,1,0,23,101.0,49.0,49.0,52.0
32819,32819,228,21,50,1,0,23,54.0,19.0,19.0,35.0
32820,32820,228,22,0,1,0,23,81.0,28.0,28.0,53.0
32821,32821,228,22,10,1,0,23,54.0,25.0,25.0,29.0
32822,32822,228,22,20,1,0,23,59.0,30.0,30.0,29.0
32823,32823,228,22,30,1,0,23,37.0,24.0,24.0,13.0
32824,32824,228,22,40,1,0,23,29.0,23.0,23.0,6.0
32825,32825,228,22,50,1,0,23,19.0,15.0,15.0,4.0
32862,32862,229,5,0,1,0,23,0.0,0.0,0.0,0.0
32863,32863,229,5,10,1,0,23,0.0,0.0,0.0,0.0
32864,32864,229,5,20,1,0,23,1.0,0.0,0.0,1.0
32865,32865,229,5,30,1,0,23,6.0,0.0,0.0,6.0
32866,32866,229,5,40,1,0,23,15.0,0.0,0.0,15.0
32867,32867,229,5,50,1,0,23,46.0,0.0,0.0,46.0
32868,32868,229,6,0,1,0,23,50.0,8.0,8.0,42.0
32869,32869,229,6,10,1,0,23,62.0,7.0,7.0,55.0
32870,32870,229,6,20,1,0,23,92.0,11.0,11.0,81.0
32871,32871,229,6,30,1,0,23,139.0,13.0,13.0,126.0
32872,32872,229,6,40,1,0,23,165.0,23.0,23.0,142.0
32873,32873,229,6,50,1,0,23,217.0,24.0,24.0,193.0
32874,32874,229,7,0,1,0,23,255.0,34.0,34.0,221.0
32875,32875,229,7,10,1,0,23,294.0,54.0,54.0,240.0
32876,32876,229,7,20,1,0,23,374.0,61.0,61.0,313.0
32877,32877,229,7,30,1,0,23,528.0,74.0,74.0,454.0
32878,32878,229,7,40,1,0,23,631.0,82.0,82.0,549.0
32879,32879,229,7,50,1,0,23,653.0,99.0,99.0,554.0
32880,32880,229,8,0,1,0,23,610.0,101.0,101.0,509.0
32881,32881,229,8,10,1,0,23,588.0,109.0,109.0,479.0
32882,32882,229,8,20,1,0,23,482.0,108.0,108.0,374.0
32883,32883,229,8,30,1,0,23,462.0,138.0,138.0,324.0
32884,32884,229,8,40,1,0,23,395.0,124.0,124.0,271.0
32885,32885,229,8,50,1,0,23,354.0,97.0,97.0,257.0
32886,32886,229,9,0,1,0,23,286.0,89.0,89.0,197.0
32887,32887,229,9,10,1,0,23,227.0,79.0,79.0,148.0
32888,32888,229,9,20,1,0,23,204.0,76.0,76.0,128.0
32889,32889,229,9,30,1,0,23,169.0,52.0,52.0,117.0
32890,32890,229,9,40,1,0,23,146.0,49.0,49.0,97.0
32891,32891,229,9,50,1,0,23,124.0,53.0,53.0,71.0
32892,32892,229,10,0,1,0,23,136.0,52.0,52.0,84.0
32893,32893,229,10,10,1,0,23,100.0,45.0,45.0,55.0
32894,32894,229,10,20,1,0,23,112.0,32.0,32.0,80.0
32895,32895,229,10,30,1,0,23,111.0,53.0,53.0,58.0
32896,32896,229,10,40,1,0,23,84.0,38.0,38.0,46.0
32897,32897,229,10,50,1,0,23,94.0,42.0,42.0,52.0
32898,32898,229,11,0,1,0,23,87.0,40.0,40.0,47.0
32899,32899,229,11,10,1,0,23,78.0,31.0,31.0,47.0
32900,32900,229,11,20,1,0,23,83.0,33.0,33.0,50.0
32901,32901,229,11,30,1,0,23,90.0,51.0,51.0,39.0
32902,32902,229,11,40,1,0,23,87.0,40.0,40.0,47.0
32903,32903,229,11,50,1,0,23,95.0,42.0,42.0,53.0
32904,32904,229,12,0,1,0,23,120.0,45.0,45.0,75.0
32905,32905,229,12,10,1,0,23,110.0,42.0,42.0,68.0
32906,32906,229,12,20,1,0,23,106.0,49.0,49.0,57.0
32907,32907,229,12,30,1,0,23,127.0,62.0,62.0,65.0
32908,32908,229,12,40,1,0,23,103.0,53.0,53.0,50.0
32909,32909,229,12,50,1,0,23,122.0,69.0,69.0,53.0
32910,32910,229,13,0,1,0,23,89.0,51.0,51.0,38.0
32911,32911,229,13,10,1,0,23,75.0,34.0,34.0,41.0
32912,32912,229,13,20,1,0,23,102.0,49.0,49.0,53.0
32913,32913,229,13,30,1,0,23,79.0,35.0,35.0,44.0
32914,32914,229,13,40,1,0,23,95.0,45.0,45.0,50.0
32915,32915,229,13,50,1,0,23,103.0,65.0,65.0,38.0
32916,32916,229,14,0,1,0,23,105.0,56.0,56.0,49.0
32917,32917,229,14,10,1,0,23,101.0,50.0,50.0,51.0
32918,32918,229,14,20,1,0,23,92.0,49.0,49.0,43.0
32919,32919,229,14,30,1,0,23,113.0,56.0,56.0,57.0
32920,32920,229,14,40,1,0,23,112.0,63.0,63.0,49.0
32921,32921,229,14,50,1,0,23,132.0,68.0,68.0,64.0
32922,32922,229,15,0,1,0,23,128.0,69.0,69.0,59.0
32923,32923,229,15,10,1,0,23,128.0,75.0,75.0,53.0
32924,32924,229,15,20,1,0,23,118.0,77.0,77.0,41.0
32925,32925,229,15,30,1,0,23,133.0,60.0,60.0,73.0
32926,32926,229,15,40,1,0,23,133.0,84.0,84.0,49.0
32927,32927,229,15,50,1,0,23,124.0,72.0,72.0,52.0
32928,32928,229,16,0,1,0,23,168.0,118.0,118.0,50.0
32929,32929,229,16,10,1,0,23,185.0,83.0,83.0,102.0
32930,32930,229,16,20,1,0,23,155.0,89.0,89.0,66.0
32931,32931,229,16,30,1,0,23,159.0,76.0,76.0,83.0
32932,32932,229,16,40,1,0,23,219.0,137.0,137.0,82.0
32933,32933,229,16,50,1,0,23,217.0,127.0,127.0,90.0
32934,32934,229,17,0,1,0,23,257.0,151.0,151.0,106.0
32935,32935,229,17,10,1,0,23,274.0,151.0,151.0,123.0
32936,32936,229,17,20,1,0,23,330.0,198.0,198.0,132.0
32937,32937,229,17,30,1,0,23,319.0,228.0,228.0,91.0
32938,32938,229,17,40,1,0,23,383.0,272.0,272.0,111.0
32939,32939,229,17,50,1,0,23,360.0,250.0,250.0,110.0
32940,32940,229,18,0,1,0,23,416.0,338.0,338.0,78.0
32941,32941,229,18,10,1,0,23,386.0,292.0,292.0,94.0
32942,32942,229,18,20,1,0,23,392.0,303.0,303.0,89.0
32943,32943,229,18,30,1,0,23,401.0,295.0,295.0,106.0
32944,32944,229,18,40,1,0,23,381.0,318.0,318.0,63.0
32945,32945,229,18,50,1,0,23,324.0,266.0,266.0,58.0
32946,32946,229,19,0,1,0,23,336.0,298.0,298.0,38.0
32947,32947,229,19,10,1,0,23,297.0,244.0,244.0,53.0
32948,32948,229,19,20,1,0,23,189.0,172.0,172.0,17.0
32949,32949,229,19,30,1,0,23,213.0,173.0,173.0,40.0
32950,32950,229,19,40,1,0,23,146.0,111.0,111.0,35.0
32951,32951,229,19,50,1,0,23,194.0,137.0,137.0,57.0
32952,32952,229,20,0,1,0,23,167.0,118.0,118.0,49.0
32953,32953,229,20,10,1,0,23,131.0,88.0,88.0,43.0
32954,32954,229,20,20,1,0,23,131.0,99.0,99.0,32.0
32955,32955,229,20,30,1,0,23,134.0,93.0,93.0,41.0
32956,32956,229,20,40,1,0,23,121.0,92.0,92.0,29.0
32957,32957,229,20,50,1,0,23,139.0,89.0,89.0,50.0
32958,32958,229,21,0,1,0,23,144.0,91.0,91.0,53.0
32959,32959,229,21,10,1,0,23,133.0,87.0,87.0,46.0
32960,32960,229,21,20,1,0,23,77.0,52.0,52.0,25.0
32961,32961,229,21,30,1,0,23,121.0,91.0,91.0,30.0
32962,32962,229,21,40,1,0,23,124.0,90.0,90.0,34.0
32963,32963,229,21,50,1,0,23,119.0,101.0,101.0,18.0
32964,32964,229,22,0,1,0,23,90.0,71.0,71.0,19.0
32965,32965,229,22,10,1,0,23,94.0,87.0,87.0,7.0
32966,32966,229,22,20,1,0,23,54.0,45.0,45.0,9.0
32967,32967,229,22,30,1,0,23,86.0,79.0,79.0,7.0
32968,32968,229,22,40,1,0,23,65.0,61.0,61.0,4.0
32969,32969,229,22,50,1,0,23,45.0,44.0,44.0,1.0
33006,33006,230,5,0,1,0,23,0.0,0.0,0.0,0.0
33007,33007,230,5,10,1,0,23,0.0,0.0,0.0,0.0
33008,33008,230,5,20,1,0,23,2.0,0.0,0.0,2.0
33009,33009,230,5,30,1,0,23,11.0,0.0,0.0,11.0
33010,33010,230,5,40,1,0,23,9.0,0.0,0.0,9.0
33011,33011,230,5,50,1,0,23,9.0,0.0,0.0,9.0
33012,33012,230,6,0,1,0,23,19.0,0.0,0.0,19.0
33013,33013,230,6,10,1,0,23,22.0,0.0,0.0,22.0
33014,33014,230,6,20,1,0,23,35.0,2.0,2.0,33.0
33015,33015,230,6,30,1,0,23,31.0,3.0,3.0,28.0
33016,33016,230,6,40,1,0,23,96.0,17.0,17.0,79.0
33017,33017,230,6,50,1,0,23,70.0,19.0,19.0,51.0
33018,33018,230,7,0,1,0,23,107.0,17.0,17.0,90.0
33019,33019,230,7,10,1,0,23,95.0,24.0,24.0,71.0
33020,33020,230,7,20,1,0,23,149.0,48.0,48.0,101.0
33021,33021,230,7,30,1,0,23,179.0,26.0,26.0,153.0
33022,33022,230,7,40,1,0,23,223.0,28.0,28.0,195.0
33023,33023,230,7,50,1,0,23,250.0,30.0,30.0,220.0
33024,33024,230,8,0,1,0,23,232.0,84.0,84.0,148.0
33025,33025,230,8,10,1,0,23,150.0,34.0,34.0,116.0
33026,33026,230,8,20,1,0,23,136.0,38.0,38.0,98.0
33027,33027,230,8,30,1,0,23,129.0,46.0,46.0,83.0
33028,33028,230,8,40,1,0,23,121.0,40.0,40.0,81.0
33029,33029,230,8,50,1,0,23,96.0,50.0,50.0,46.0
33030,33030,230,9,0,1,0,23,77.0,23.0,23.0,54.0
33031,33031,230,9,10,1,0,23,63.0,28.0,28.0,35.0
33032,33032,230,9,20,1,0,23,67.0,32.0,32.0,35.0
33033,33033,230,9,30,1,0,23,39.0,25.0,25.0,14.0
33034,33034,230,9,40,1,0,23,37.0,19.0,19.0,18.0
33035,33035,230,9,50,1,0,23,42.0,24.0,24.0,18.0
33036,33036,230,10,0,1,0,23,40.0,14.0,14.0,26.0
33037,33037,230,10,10,1,0,23,28.0,11.0,11.0,17.0
33038,33038,230,10,20,1,0,23,51.0,31.0,31.0,20.0
33039,33039,230,10,30,1,0,23,34.0,22.0,22.0,12.0
33040,33040,230,10,40,1,0,23,35.0,18.0,18.0,17.0
33041,33041,230,10,50,1,0,23,36.0,19.0,19.0,17.0
33042,33042,230,11,0,1,0,23,42.0,21.0,21.0,21.0
33043,33043,230,11,10,1,0,23,26.0,13.0,13.0,13.0
33044,33044,230,11,20,1,0,23,46.0,20.0,20.0,26.0
33045,33045,230,11,30,1,0,23,39.0,24.0,24.0,15.0
33046,33046,230,11,40,1,0,23,38.0,14.0,14.0,24.0
33047,33047,230,11,50,1,0,23,38.0,16.0,16.0,22.0
33048,33048,230,12,0,1,0,23,42.0,13.0,13.0,29.0
33049,33049,230,12,10,1,0,23,33.0,15.0,15.0,18.0
33050,33050,230,12,20,1,0,23,26.0,9.0,9.0,17.0
33051,33051,230,12,30,1,0,23,33.0,18.0,18.0,15.0
33052,33052,230,12,40,1,0,23,42.0,13.0,13.0,29.0
33053,33053,230,12,50,1,0,23,47.0,31.0,31.0,16.0
33054,33054,230,13,0,1,0,23,36.0,19.0,19.0,17.0
33055,33055,230,13,10,1,0,23,36.0,17.0,17.0,19.0
33056,33056,230,13,20,1,0,23,42.0,22.0,22.0,20.0
33057,33057,230,13,30,1,0,23,32.0,20.0,20.0,12.0
33058,33058,230,13,40,1,0,23,42.0,17.0,17.0,25.0
33059,33059,230,13,50,1,0,23,24.0,20.0,20.0,4.0
33060,33060,230,14,0,1,0,23,44.0,22.0,22.0,22.0
33061,33061,230,14,10,1,0,23,29.0,11.0,11.0,18.0
33062,33062,230,14,20,1,0,23,51.0,26.0,26.0,25.0
33063,33063,230,14,30,1,0,23,39.0,22.0,22.0,17.0
33064,33064,230,14,40,1,0,23,62.0,38.0,38.0,24.0
33065,33065,230,14,50,1,0,23,54.0,38.0,38.0,16.0
33066,33066,230,15,0,1,0,23,39.0,14.0,14.0,25.0
33067,33067,230,15,10,1,0,23,37.0,14.0,14.0,23.0
33068,33068,230,15,20,1,0,23,61.0,22.0,22.0,39.0
33069,33069,230,15,30,1,0,23,58.0,34.0,34.0,24.0
33070,33070,230,15,40,1,0,23,51.0,24.0,24.0,27.0
33071,33071,230,15,50,1,0,23,48.0,36.0,36.0,12.0
33072,33072,230,16,0,1,0,23,64.0,36.0,36.0,28.0
33073,33073,230,16,10,1,0,23,55.0,30.0,30.0,25.0
33074,33074,230,16,20,1,0,23,54.0,24.0,24.0,30.0
33075,33075,230,16,30,1,0,23,59.0,29.0,29.0,30.0
33076,33076,230,16,40,1,0,23,78.0,34.0,34.0,44.0
33077,33077,230,16,50,1,0,23,87.0,49.0,49.0,38.0
33078,33078,230,17,0,1,0,23,104.0,48.0,48.0,56.0
33079,33079,230,17,10,1,0,23,135.0,76.0,76.0,59.0
33080,33080,230,17,20,1,0,23,82.0,54.0,54.0,28.0
33081,33081,230,17,30,1,0,23,83.0,59.0,59.0,24.0
33082,33082,230,17,40,1,0,23,107.0,72.0,72.0,35.0
33083,33083,230,17,50,1,0,23,105.0,74.0,74.0,31.0
33084,33084,230,18,0,1,0,23,114.0,78.0,78.0,36.0
33085,33085,230,18,10,1,0,23,100.0,61.0,61.0,39.0
33086,33086,230,18,20,1,0,23,129.0,100.0,100.0,29.0
33087,33087,230,18,30,1,0,23,191.0,161.0,161.0,30.0
33088,33088,230,18,40,1,0,23,103.0,78.0,78.0,25.0
33089,33089,230,18,50,1,0,23,104.0,77.0,77.0,27.0
33090,33090,230,19,0,1,0,23,76.0,57.0,57.0,19.0
33091,33091,230,19,10,1,0,23,100.0,78.0,78.0,22.0
33092,33092,230,19,20,1,0,23,66.0,48.0,48.0,18.0
33093,33093,230,19,30,1,0,23,63.0,41.0,41.0,22.0
33094,33094,230,19,40,1,0,23,47.0,29.0,29.0,18.0
33095,33095,230,19,50,1,0,23,68.0,47.0,47.0,21.0
33096,33096,230,20,0,1,0,23,69.0,48.0,48.0,21.0
33097,33097,230,20,10,1,0,23,33.0,22.0,22.0,11.0
33098,33098,230,20,20,1,0,23,34.0,24.0,24.0,10.0
33099,33099,230,20,30,1,0,23,42.0,32.0,32.0,10.0
33100,33100,230,20,40,1,0,23,35.0,24.0,24.0,11.0
33101,33101,230,20,50,1,0,23,39.0,27.0,27.0,12.0
33102,33102,230,21,0,1,0,23,50.0,24.0,24.0,26.0
33103,33103,230,21,10,1,0,23,45.0,28.0,28.0,17.0
33104,33104,230,21,20,1,0,23,39.0,29.0,29.0,10.0
33105,33105,230,21,30,1,0,23,30.0,20.0,20.0,10.0
33106,33106,230,21,40,1,0,23,20.0,15.0,15.0,5.0
33107,33107,230,21,50,1,0,23,25.0,16.0,16.0,9.0
33108,33108,230,22,0,1,0,23,27.0,20.0,20.0,7.0
33109,33109,230,22,10,1,0,23,19.0,17.0,17.0,2.0
33110,33110,230,22,20,1,0,23,19.0,18.0,18.0,1.0
33111,33111,230,22,30,1,0,23,10.0,7.0,7.0,3.0
33112,33112,230,22,40,1,0,23,20.0,20.0,20.0,0.0
33113,33113,230,22,50,1,0,23,23.0,22.0,22.0,1.0
33150,33150,231,5,0,1,0,23,0.0,0.0,0.0,0.0
33151,33151,231,5,10,1,0,23,0.0,0.0,0.0,0.0
33152,33152,231,5,20,1,0,23,1.0,0.0,0.0,1.0
33153,33153,231,5,30,1,0,23,3.0,0.0,0.0,3.0
33154,33154,231,5,40,1,0,23,20.0,1.0,1.0,19.0
33155,33155,231,5,50,1,0,23,35.0,3.0,3.0,32.0
33156,33156,231,6,0,1,0,23,41.0,12.0,12.0,29.0
33157,33157,231,6,10,1,0,23,80.0,35.0,35.0,45.0
33158,33158,231,6,20,1,0,23,98.0,35.0,35.0,63.0
33159,33159,231,6,30,1,0,23,111.0,48.0,48.0,63.0
33160,33160,231,6,40,1,0,23,182.0,80.0,80.0,102.0
33161,33161,231,6,50,1,0,23,266.0,138.0,138.0,128.0
33162,33162,231,7,0,1,0,23,371.0,225.0,225.0,146.0
33163,33163,231,7,10,1,0,23,469.0,304.0,304.0,165.0
33164,33164,231,7,20,1,0,23,526.0,326.0,326.0,200.0
33165,33165,231,7,30,1,0,23,515.0,298.0,298.0,217.0
33166,33166,231,7,40,1,0,23,654.0,427.0,427.0,227.0
33167,33167,231,7,50,1,0,23,747.0,469.0,469.0,278.0
33168,33168,231,8,0,1,0,23,1022.0,709.0,709.0,313.0
33169,33169,231,8,10,1,0,23,1138.0,774.0,774.0,364.0
33170,33170,231,8,20,1,0,23,1101.0,753.0,753.0,348.0
33171,33171,231,8,30,1,0,23,1157.0,840.0,840.0,317.0
33172,33172,231,8,40,1,0,23,1171.0,907.0,907.0,264.0
33173,33173,231,8,50,1,0,23,1218.0,973.0,973.0,245.0
33174,33174,231,9,0,1,0,23,759.0,525.0,525.0,234.0
33175,33175,231,9,10,1,0,23,984.0,790.0,790.0,194.0
33176,33176,231,9,20,1,0,23,798.0,611.0,611.0,187.0
33177,33177,231,9,30,1,0,23,712.0,552.0,552.0,160.0
33178,33178,231,9,40,1,0,23,535.0,382.0,382.0,153.0
33179,33179,231,9,50,1,0,23,462.0,323.0,323.0,139.0
33180,33180,231,10,0,1,0,23,422.0,319.0,319.0,103.0
33181,33181,231,10,10,1,0,23,278.0,157.0,157.0,121.0
33182,33182,231,10,20,1,0,23,305.0,178.0,178.0,127.0
33183,33183,231,10,30,1,0,23,315.0,211.0,211.0,104.0
33184,33184,231,10,40,1,0,23,248.0,151.0,151.0,97.0
33185,33185,231,10,50,1,0,23,243.0,126.0,126.0,117.0
33186,33186,231,11,0,1,0,23,202.0,89.0,89.0,113.0
33187,33187,231,11,10,1,0,23,214.0,92.0,92.0,122.0
33188,33188,231,11,20,1,0,23,218.0,105.0,105.0,113.0
33189,33189,231,11,30,1,0,23,203.0,90.0,90.0,113.0
33190,33190,231,11,40,1,0,23,206.0,90.0,90.0,116.0
33191,33191,231,11,50,1,0,23,226.0,98.0,98.0,128.0
33192,33192,231,12,0,1,0,23,270.0,100.0,100.0,170.0
33193,33193,231,12,10,1,0,23,292.0,135.0,135.0,157.0
33194,33194,231,12,20,1,0,23,281.0,158.0,158.0,123.0
33195,33195,231,12,30,1,0,23,293.0,155.0,155.0,138.0
33196,33196,231,12,40,1,0,23,279.0,132.0,132.0,147.0
33197,33197,231,12,50,1,0,23,264.0,127.0,127.0,137.0
33198,33198,231,13,0,1,0,23,280.0,112.0,112.0,168.0
33199,33199,231,13,10,1,0,23,263.0,152.0,152.0,111.0
33200,33200,231,13,20,1,0,23,263.0,145.0,145.0,118.0
33201,33201,231,13,30,1,0,23,253.0,153.0,153.0,100.0
33202,33202,231,13,40,1,0,23,221.0,112.0,112.0,109.0
33203,33203,231,13,50,1,0,23,214.0,113.0,113.0,101.0
33204,33204,231,14,0,1,0,23,299.0,126.0,126.0,173.0
33205,33205,231,14,10,1,0,23,278.0,139.0,139.0,139.0
33206,33206,231,14,20,1,0,23,307.0,142.0,142.0,165.0
33207,33207,231,14,30,1,0,23,253.0,91.0,91.0,162.0
33208,33208,231,14,40,1,0,23,224.0,111.0,111.0,113.0
33209,33209,231,14,50,1,0,23,256.0,129.0,129.0,127.0
33210,33210,231,15,0,1,0,23,288.0,111.0,111.0,177.0
33211,33211,231,15,10,1,0,23,256.0,104.0,104.0,152.0
33212,33212,231,15,20,1,0,23,302.0,130.0,130.0,172.0
33213,33213,231,15,30,1,0,23,359.0,119.0,119.0,240.0
33214,33214,231,15,40,1,0,23,357.0,116.0,116.0,241.0
33215,33215,231,15,50,1,0,23,281.0,95.0,95.0,186.0
33216,33216,231,16,0,1,0,23,296.0,118.0,118.0,178.0
33217,33217,231,16,10,1,0,23,320.0,132.0,132.0,188.0
33218,33218,231,16,20,1,0,23,383.0,138.0,138.0,245.0
33219,33219,231,16,30,1,0,23,354.0,121.0,121.0,233.0
33220,33220,231,16,40,1,0,23,425.0,106.0,106.0,319.0
33221,33221,231,16,50,1,0,23,387.0,114.0,114.0,273.0
33222,33222,231,17,0,1,0,23,608.0,182.0,182.0,426.0
33223,33223,231,17,10,1,0,23,843.0,163.0,163.0,680.0
33224,33224,231,17,20,1,0,23,798.0,252.0,252.0,546.0
33225,33225,231,17,30,1,0,23,793.0,252.0,252.0,541.0
33226,33226,231,17,40,1,0,23,869.0,265.0,265.0,604.0
33227,33227,231,17,50,1,0,23,716.0,267.0,267.0,449.0
33228,33228,231,18,0,1,0,23,814.0,269.0,269.0,545.0
33229,33229,231,18,10,1,0,23,1079.0,318.0,318.0,761.0
33230,33230,231,18,20,1,0,23,900.0,302.0,302.0,598.0
33231,33231,231,18,30,1,0,23,690.0,285.0,285.0,405.0
33232,33232,231,18,40,1,0,23,623.0,229.0,229.0,394.0
33233,33233,231,18,50,1,0,23,545.0,215.0,215.0,330.0
33234,33234,231,19,0,1,0,23,468.0,212.0,212.0,256.0
33235,33235,231,19,10,1,0,23,406.0,180.0,180.0,226.0
33236,33236,231,19,20,1,0,23,371.0,162.0,162.0,209.0
33237,33237,231,19,30,1,0,23,286.0,113.0,113.0,173.0
33238,33238,231,19,40,1,0,23,281.0,143.0,143.0,138.0
33239,33239,231,19,50,1,0,23,264.0,115.0,115.0,149.0
33240,33240,231,20,0,1,0,23,217.0,80.0,80.0,137.0
33241,33241,231,20,10,1,0,23,204.0,73.0,73.0,131.0
33242,33242,231,20,20,1,0,23,222.0,85.0,85.0,137.0
33243,33243,231,20,30,1,0,23,239.0,95.0,95.0,144.0
33244,33244,231,20,40,1,0,23,226.0,78.0,78.0,148.0
33245,33245,231,20,50,1,0,23,241.0,70.0,70.0,171.0
33246,33246,231,21,0,1,0,23,233.0,89.0,89.0,144.0
33247,33247,231,21,10,1,0,23,234.0,93.0,93.0,141.0
33248,33248,231,21,20,1,0,23,213.0,73.0,73.0,140.0
33249,33249,231,21,30,1,0,23,186.0,87.0,87.0,99.0
33250,33250,231,21,40,1,0,23,170.0,50.0,50.0,120.0
33251,33251,231,21,50,1,0,23,156.0,79.0,79.0,77.0
33252,33252,231,22,0,1,0,23,142.0,74.0,74.0,68.0
33253,33253,231,22,10,1,0,23,138.0,68.0,68.0,70.0
33254,33254,231,22,20,1,0,23,144.0,69.0,69.0,75.0
33255,33255,231,22,30,1,0,23,116.0,70.0,70.0,46.0
33256,33256,231,22,40,1,0,23,83.0,47.0,47.0,36.0
33257,33257,231,22,50,1,0,23,38.0,29.0,29.0,9.0
33294,33294,232,5,0,1,0,23,0.0,0.0,0.0,0.0
33295,33295,232,5,10,1,0,23,0.0,0.0,0.0,0.0
33296,33296,232,5,20,1,0,23,0.0,0.0,0.0,0.0
33297,33297,232,5,30,1,0,23,1.0,0.0,0.0,1.0
33298,33298,232,5,40,1,0,23,6.0,3.0,3.0,3.0
33299,33299,232,5,50,1,0,23,17.0,5.0,5.0,12.0
33300,33300,232,6,0,1,0,23,43.0,32.0,32.0,11.0
33301,33301,232,6,10,1,0,23,63.0,47.0,47.0,16.0
33302,33302,232,6,20,1,0,23,59.0,42.0,42.0,17.0
33303,33303,232,6,30,1,0,23,94.0,53.0,53.0,41.0
33304,33304,232,6,40,1,0,23,139.0,105.0,105.0,34.0
33305,33305,232,6,50,1,0,23,219.0,164.0,164.0,55.0
33306,33306,232,7,0,1,0,23,291.0,222.0,222.0,69.0
33307,33307,232,7,10,1,0,23,298.0,241.0,241.0,57.0
33308,33308,232,7,20,1,0,23,381.0,316.0,316.0,65.0
33309,33309,232,7,30,1,0,23,478.0,409.0,409.0,69.0
33310,33310,232,7,40,1,0,23,585.0,505.0,505.0,80.0
33311,33311,232,7,50,1,0,23,613.0,482.0,482.0,131.0
33312,33312,232,8,0,1,0,23,717.0,581.0,581.0,136.0
33313,33313,232,8,10,1,0,23,827.0,677.0,677.0,150.0
33314,33314,232,8,20,1,0,23,798.0,654.0,654.0,144.0
33315,33315,232,8,30,1,0,23,859.0,708.0,708.0,151.0
33316,33316,232,8,40,1,0,23,1098.0,964.0,964.0,134.0
33317,33317,232,8,50,1,0,23,1009.0,875.0,875.0,134.0
33318,33318,232,9,0,1,0,23,873.0,751.0,751.0,122.0
33319,33319,232,9,10,1,0,23,764.0,633.0,633.0,131.0
33320,33320,232,9,20,1,0,23,700.0,550.0,550.0,150.0
33321,33321,232,9,30,1,0,23,730.0,615.0,615.0,115.0
33322,33322,232,9,40,1,0,23,698.0,555.0,555.0,143.0
33323,33323,232,9,50,1,0,23,528.0,409.0,409.0,119.0
33324,33324,232,10,0,1,0,23,501.0,346.0,346.0,155.0
33325,33325,232,10,10,1,0,23,379.0,280.0,280.0,99.0
33326,33326,232,10,20,1,0,23,351.0,207.0,207.0,144.0
33327,33327,232,10,30,1,0,23,357.0,235.0,235.0,122.0
33328,33328,232,10,40,1,0,23,300.0,192.0,192.0,108.0
33329,33329,232,10,50,1,0,23,303.0,177.0,177.0,126.0
33330,33330,232,11,0,1,0,23,228.0,101.0,101.0,127.0
33331,33331,232,11,10,1,0,23,280.0,148.0,148.0,132.0
33332,33332,232,11,20,1,0,23,233.0,110.0,110.0,123.0
33333,33333,232,11,30,1,0,23,250.0,110.0,110.0,140.0
33334,33334,232,11,40,1,0,23,243.0,114.0,114.0,129.0
33335,33335,232,11,50,1,0,23,203.0,83.0,83.0,120.0
33336,33336,232,12,0,1,0,23,267.0,112.0,112.0,155.0
33337,33337,232,12,10,1,0,23,233.0,97.0,97.0,136.0
33338,33338,232,12,20,1,0,23,254.0,126.0,126.0,128.0
33339,33339,232,12,30,1,0,23,282.0,144.0,144.0,138.0
33340,33340,232,12,40,1,0,23,251.0,136.0,136.0,115.0
33341,33341,232,12,50,1,0,23,244.0,137.0,137.0,107.0
33342,33342,232,13,0,1,0,23,240.0,153.0,153.0,87.0
33343,33343,232,13,10,1,0,23,249.0,158.0,158.0,91.0
33344,33344,232,13,20,1,0,23,279.0,163.0,163.0,116.0
33345,33345,232,13,30,1,0,23,297.0,179.0,179.0,118.0
33346,33346,232,13,40,1,0,23,238.0,119.0,119.0,119.0
33347,33347,232,13,50,1,0,23,267.0,144.0,144.0,123.0
33348,33348,232,14,0,1,0,23,239.0,106.0,106.0,133.0
33349,33349,232,14,10,1,0,23,291.0,120.0,120.0,171.0
33350,33350,232,14,20,1,0,23,276.0,118.0,118.0,158.0
33351,33351,232,14,30,1,0,23,265.0,101.0,101.0,164.0
33352,33352,232,14,40,1,0,23,263.0,112.0,112.0,151.0
33353,33353,232,14,50,1,0,23,264.0,103.0,103.0,161.0
33354,33354,232,15,0,1,0,23,244.0,105.0,105.0,139.0
33355,33355,232,15,10,1,0,23,324.0,131.0,131.0,193.0
33356,33356,232,15,20,1,0,23,273.0,103.0,103.0,170.0
33357,33357,232,15,30,1,0,23,309.0,117.0,117.0,192.0
33358,33358,232,15,40,1,0,23,284.0,90.0,90.0,194.0
33359,33359,232,15,50,1,0,23,326.0,107.0,107.0,219.0
33360,33360,232,16,0,1,0,23,347.0,79.0,79.0,268.0
33361,33361,232,16,10,1,0,23,357.0,88.0,88.0,269.0
33362,33362,232,16,20,1,0,23,317.0,75.0,75.0,242.0
33363,33363,232,16,30,1,0,23,362.0,94.0,94.0,268.0
33364,33364,232,16,40,1,0,23,404.0,70.0,70.0,334.0
33365,33365,232,16,50,1,0,23,470.0,80.0,80.0,390.0
33366,33366,232,17,0,1,0,23,482.0,96.0,96.0,386.0
33367,33367,232,17,10,1,0,23,643.0,110.0,110.0,533.0
33368,33368,232,17,20,1,0,23,577.0,145.0,145.0,432.0
33369,33369,232,17,30,1,0,23,625.0,131.0,131.0,494.0
33370,33370,232,17,40,1,0,23,788.0,115.0,115.0,673.0
33371,33371,232,17,50,1,0,23,598.0,136.0,136.0,462.0
33372,33372,232,18,0,1,0,23,648.0,160.0,160.0,488.0
33373,33373,232,18,10,1,0,23,786.0,134.0,134.0,652.0
33374,33374,232,18,20,1,0,23,735.0,162.0,162.0,573.0
33375,33375,232,18,30,1,0,23,648.0,190.0,190.0,458.0
33376,33376,232,18,40,1,0,23,545.0,159.0,159.0,386.0
33377,33377,232,18,50,1,0,23,479.0,168.0,168.0,311.0
33378,33378,232,19,0,1,0,23,399.0,122.0,122.0,277.0
33379,33379,232,19,10,1,0,23,356.0,95.0,95.0,261.0
33380,33380,232,19,20,1,0,23,289.0,81.0,81.0,208.0
33381,33381,232,19,30,1,0,23,270.0,68.0,68.0,202.0
33382,33382,232,19,40,1,0,23,227.0,52.0,52.0,175.0
33383,33383,232,19,50,1,0,23,200.0,63.0,63.0,137.0
33384,33384,232,20,0,1,0,23,175.0,50.0,50.0,125.0
33385,33385,232,20,10,1,0,23,181.0,46.0,46.0,135.0
33386,33386,232,20,20,1,0,23,211.0,44.0,44.0,167.0
33387,33387,232,20,30,1,0,23,206.0,48.0,48.0,158.0
33388,33388,232,20,40,1,0,23,165.0,32.0,32.0,133.0
33389,33389,232,20,50,1,0,23,170.0,33.0,33.0,137.0
33390,33390,232,21,0,1,0,23,170.0,30.0,30.0,140.0
33391,33391,232,21,10,1,0,23,181.0,54.0,54.0,127.0
33392,33392,232,21,20,1,0,23,186.0,47.0,47.0,139.0
33393,33393,232,21,30,1,0,23,173.0,33.0,33.0,140.0
33394,33394,232,21,40,1,0,23,161.0,35.0,35.0,126.0
33395,33395,232,21,50,1,0,23,213.0,39.0,39.0,174.0
33396,33396,232,22,0,1,0,23,145.0,24.0,24.0,121.0
33397,33397,232,22,10,1,0,23,154.0,31.0,31.0,123.0
33398,33398,232,22,20,1,0,23,131.0,36.0,36.0,95.0
33399,33399,232,22,30,1,0,23,85.0,28.0,28.0,57.0
33400,33400,232,22,40,1,0,23,61.0,24.0,24.0,37.0
33401,33401,232,22,50,1,0,23,41.0,9.0,9.0,32.0
33438,33438,233,5,0,1,0,23,0.0,0.0,0.0,0.0
33439,33439,233,5,10,1,0,23,2.0,1.0,1.0,1.0
33440,33440,233,5,20,1,0,23,6.0,0.0,0.0,6.0
33441,33441,233,5,30,1,0,23,30.0,0.0,0.0,30.0
33442,33442,233,5,40,1,0,23,30.0,1.0,1.0,29.0
33443,33443,233,5,50,1,0,23,57.0,1.0,1.0,56.0
33444,33444,233,6,0,1,0,23,80.0,6.0,6.0,74.0
33445,33445,233,6,10,1,0,23,96.0,3.0,3.0,93.0
33446,33446,233,6,20,1,0,23,136.0,22.0,22.0,114.0
33447,33447,233,6,30,1,0,23,171.0,24.0,24.0,147.0
33448,33448,233,6,40,1,0,23,217.0,30.0,30.0,187.0
33449,33449,233,6,50,1,0,23,283.0,43.0,43.0,240.0
33450,33450,233,7,0,1,0,23,336.0,42.0,42.0,294.0
33451,33451,233,7,10,1,0,23,362.0,61.0,61.0,301.0
33452,33452,233,7,20,1,0,23,385.0,50.0,50.0,335.0
33453,33453,233,7,30,1,0,23,510.0,60.0,60.0,450.0
33454,33454,233,7,40,1,0,23,631.0,84.0,84.0,547.0
33455,33455,233,7,50,1,0,23,711.0,100.0,100.0,611.0
33456,33456,233,8,0,1,0,23,748.0,81.0,81.0,667.0
33457,33457,233,8,10,1,0,23,688.0,105.0,105.0,583.0
33458,33458,233,8,20,1,0,23,582.0,88.0,88.0,494.0
33459,33459,233,8,30,1,0,23,525.0,74.0,74.0,451.0
33460,33460,233,8,40,1,0,23,452.0,95.0,95.0,357.0
33461,33461,233,8,50,1,0,23,352.0,89.0,89.0,263.0
33462,33462,233,9,0,1,0,23,326.0,89.0,89.0,237.0
33463,33463,233,9,10,1,0,23,309.0,104.0,104.0,205.0
33464,33464,233,9,20,1,0,23,263.0,76.0,76.0,187.0
33465,33465,233,9,30,1,0,23,215.0,65.0,65.0,150.0
33466,33466,233,9,40,1,0,23,179.0,51.0,51.0,128.0
33467,33467,233,9,50,1,0,23,167.0,58.0,58.0,109.0
33468,33468,233,10,0,1,0,23,169.0,64.0,64.0,105.0
33469,33469,233,10,10,1,0,23,128.0,56.0,56.0,72.0
33470,33470,233,10,20,1,0,23,96.0,36.0,36.0,60.0
33471,33471,233,10,30,1,0,23,109.0,33.0,33.0,76.0
33472,33472,233,10,40,1,0,23,144.0,63.0,63.0,81.0
33473,33473,233,10,50,1,0,23,92.0,25.0,25.0,67.0
33474,33474,233,11,0,1,0,23,122.0,65.0,65.0,57.0
33475,33475,233,11,10,1,0,23,105.0,43.0,43.0,62.0
33476,33476,233,11,20,1,0,23,114.0,42.0,42.0,72.0
33477,33477,233,11,30,1,0,23,96.0,32.0,32.0,64.0
33478,33478,233,11,40,1,0,23,100.0,46.0,46.0,54.0
33479,33479,233,11,50,1,0,23,101.0,46.0,46.0,55.0
33480,33480,233,12,0,1,0,23,115.0,44.0,44.0,71.0
33481,33481,233,12,10,1,0,23,123.0,50.0,50.0,73.0
33482,33482,233,12,20,1,0,23,116.0,45.0,45.0,71.0
33483,33483,233,12,30,1,0,23,105.0,33.0,33.0,72.0
33484,33484,233,12,40,1,0,23,101.0,44.0,44.0,57.0
33485,33485,233,12,50,1,0,23,109.0,43.0,43.0,66.0
33486,33486,233,13,0,1,0,23,135.0,65.0,65.0,70.0
33487,33487,233,13,10,1,0,23,108.0,48.0,48.0,60.0
33488,33488,233,13,20,1,0,23,82.0,40.0,40.0,42.0
33489,33489,233,13,30,1,0,23,85.0,38.0,38.0,47.0
33490,33490,233,13,40,1,0,23,128.0,59.0,59.0,69.0
33491,33491,233,13,50,1,0,23,111.0,65.0,65.0,46.0
33492,33492,233,14,0,1,0,23,85.0,38.0,38.0,47.0
33493,33493,233,14,10,1,0,23,102.0,56.0,56.0,46.0
33494,33494,233,14,20,1,0,23,85.0,39.0,39.0,46.0
33495,33495,233,14,30,1,0,23,97.0,55.0,55.0,42.0
33496,33496,233,14,40,1,0,23,104.0,58.0,58.0,46.0
33497,33497,233,14,50,1,0,23,144.0,91.0,91.0,53.0
33498,33498,233,15,0,1,0,23,126.0,85.0,85.0,41.0
33499,33499,233,15,10,1,0,23,73.0,55.0,55.0,18.0
33500,33500,233,15,20,1,0,23,83.0,49.0,49.0,34.0
33501,33501,233,15,30,1,0,23,135.0,91.0,91.0,44.0
33502,33502,233,15,40,1,0,23,140.0,91.0,91.0,49.0
33503,33503,233,15,50,1,0,23,159.0,119.0,119.0,40.0
33504,33504,233,16,0,1,0,23,130.0,85.0,85.0,45.0
33505,33505,233,16,10,1,0,23,174.0,107.0,107.0,67.0
33506,33506,233,16,20,1,0,23,116.0,71.0,71.0,45.0
33507,33507,233,16,30,1,0,23,191.0,122.0,122.0,69.0
33508,33508,233,16,40,1,0,23,176.0,117.0,117.0,59.0
33509,33509,233,16,50,1,0,23,221.0,158.0,158.0,63.0
33510,33510,233,17,0,1,0,23,228.0,151.0,151.0,77.0
33511,33511,233,17,10,1,0,23,244.0,169.0,169.0,75.0
33512,33512,233,17,20,1,0,23,252.0,162.0,162.0,90.0
33513,33513,233,17,30,1,0,23,353.0,269.0,269.0,84.0
33514,33514,233,17,40,1,0,23,327.0,235.0,235.0,92.0
33515,33515,233,17,50,1,0,23,335.0,254.0,254.0,81.0
33516,33516,233,18,0,1,0,23,352.0,277.0,277.0,75.0
33517,33517,233,18,10,1,0,23,330.0,263.0,263.0,67.0
33518,33518,233,18,20,1,0,23,429.0,367.0,367.0,62.0
33519,33519,233,18,30,1,0,23,456.0,384.0,384.0,72.0
33520,33520,233,18,40,1,0,23,377.0,304.0,304.0,73.0
33521,33521,233,18,50,1,0,23,444.0,381.0,381.0,63.0
33522,33522,233,19,0,1,0,23,322.0,271.0,271.0,51.0
33523,33523,233,19,10,1,0,23,331.0,279.0,279.0,52.0
33524,33524,233,19,20,1,0,23,265.0,235.0,235.0,30.0
33525,33525,233,19,30,1,0,23,319.0,267.0,267.0,52.0
33526,33526,233,19,40,1,0,23,166.0,139.0,139.0,27.0
33527,33527,233,19,50,1,0,23,179.0,129.0,129.0,50.0
33528,33528,233,20,0,1,0,23,161.0,138.0,138.0,23.0
33529,33529,233,20,10,1,0,23,144.0,102.0,102.0,42.0
33530,33530,233,20,20,1,0,23,141.0,97.0,97.0,44.0
33531,33531,233,20,30,1,0,23,153.0,131.0,131.0,22.0
33532,33532,233,20,40,1,0,23,149.0,113.0,113.0,36.0
33533,33533,233,20,50,1,0,23,142.0,112.0,112.0,30.0
33534,33534,233,21,0,1,0,23,137.0,110.0,110.0,27.0
33535,33535,233,21,10,1,0,23,142.0,102.0,102.0,40.0
33536,33536,233,21,20,1,0,23,136.0,110.0,110.0,26.0
33537,33537,233,21,30,1,0,23,164.0,138.0,138.0,26.0
33538,33538,233,21,40,1,0,23,151.0,127.0,127.0,24.0
33539,33539,233,21,50,1,0,23,117.0,91.0,91.0,26.0
33540,33540,233,22,0,1,0,23,114.0,95.0,95.0,19.0
33541,33541,233,22,10,1,0,23,98.0,89.0,89.0,9.0
33542,33542,233,22,20,1,0,23,99.0,91.0,91.0,8.0
33543,33543,233,22,30,1,0,23,95.0,87.0,87.0,8.0
33544,33544,233,22,40,1,0,23,121.0,117.0,117.0,4.0
33545,33545,233,22,50,1,0,23,73.0,70.0,70.0,3.0
33582,33582,234,5,0,1,0,23,0.0,0.0,0.0,0.0
33583,33583,234,5,10,1,0,23,0.0,0.0,0.0,0.0
33584,33584,234,5,20,1,0,23,1.0,0.0,0.0,1.0
33585,33585,234,5,30,1,0,23,16.0,0.0,0.0,16.0
33586,33586,234,5,40,1,0,23,11.0,0.0,0.0,11.0
33587,33587,234,5,50,1,0,23,14.0,1.0,1.0,13.0
33588,33588,234,6,0,1,0,23,15.0,0.0,0.0,15.0
33589,33589,234,6,10,1,0,23,19.0,0.0,0.0,19.0
33590,33590,234,6,20,1,0,23,32.0,9.0,9.0,23.0
33591,33591,234,6,30,1,0,23,36.0,5.0,5.0,31.0
33592,33592,234,6,40,1,0,23,48.0,7.0,7.0,41.0
33593,33593,234,6,50,1,0,23,72.0,24.0,24.0,48.0
33594,33594,234,7,0,1,0,23,70.0,14.0,14.0,56.0
33595,33595,234,7,10,1,0,23,105.0,24.0,24.0,81.0
33596,33596,234,7,20,1,0,23,127.0,28.0,28.0,99.0
33597,33597,234,7,30,1,0,23,162.0,25.0,25.0,137.0
33598,33598,234,7,40,1,0,23,227.0,40.0,40.0,187.0
33599,33599,234,7,50,1,0,23,267.0,40.0,40.0,227.0
33600,33600,234,8,0,1,0,23,275.0,65.0,65.0,210.0
33601,33601,234,8,10,1,0,23,334.0,113.0,113.0,221.0
33602,33602,234,8,20,1,0,23,275.0,93.0,93.0,182.0
33603,33603,234,8,30,1,0,23,240.0,87.0,87.0,153.0
33604,33604,234,8,40,1,0,23,205.0,82.0,82.0,123.0
33605,33605,234,8,50,1,0,23,150.0,62.0,62.0,88.0
33606,33606,234,9,0,1,0,23,132.0,54.0,54.0,78.0
33607,33607,234,9,10,1,0,23,104.0,36.0,36.0,68.0
33608,33608,234,9,20,1,0,23,83.0,29.0,29.0,54.0
33609,33609,234,9,30,1,0,23,79.0,31.0,31.0,48.0
33610,33610,234,9,40,1,0,23,65.0,29.0,29.0,36.0
33611,33611,234,9,50,1,0,23,62.0,24.0,24.0,38.0
33612,33612,234,10,0,1,0,23,54.0,26.0,26.0,28.0
33613,33613,234,10,10,1,0,23,46.0,29.0,29.0,17.0
33614,33614,234,10,20,1,0,23,32.0,18.0,18.0,14.0
33615,33615,234,10,30,1,0,23,42.0,24.0,24.0,18.0
33616,33616,234,10,40,1,0,23,41.0,18.0,18.0,23.0
33617,33617,234,10,50,1,0,23,46.0,28.0,28.0,18.0
33618,33618,234,11,0,1,0,23,22.0,9.0,9.0,13.0
33619,33619,234,11,10,1,0,23,32.0,18.0,18.0,14.0
33620,33620,234,11,20,1,0,23,24.0,12.0,12.0,12.0
33621,33621,234,11,30,1,0,23,38.0,23.0,23.0,15.0
33622,33622,234,11,40,1,0,23,39.0,20.0,20.0,19.0
33623,33623,234,11,50,1,0,23,38.0,15.0,15.0,23.0
33624,33624,234,12,0,1,0,23,37.0,15.0,15.0,22.0
33625,33625,234,12,10,1,0,23,37.0,16.0,16.0,21.0
33626,33626,234,12,20,1,0,23,26.0,12.0,12.0,14.0
33627,33627,234,12,30,1,0,23,63.0,37.0,37.0,26.0
33628,33628,234,12,40,1,0,23,48.0,18.0,18.0,30.0
33629,33629,234,12,50,1,0,23,37.0,13.0,13.0,24.0
33630,33630,234,13,0,1,0,23,39.0,18.0,18.0,21.0
33631,33631,234,13,10,1,0,23,42.0,24.0,24.0,18.0
33632,33632,234,13,20,1,0,23,35.0,21.0,21.0,14.0
33633,33633,234,13,30,1,0,23,56.0,33.0,33.0,23.0
33634,33634,234,13,40,1,0,23,39.0,22.0,22.0,17.0
33635,33635,234,13,50,1,0,23,39.0,13.0,13.0,26.0
33636,33636,234,14,0,1,0,23,36.0,20.0,20.0,16.0
33637,33637,234,14,10,1,0,23,29.0,14.0,14.0,15.0
33638,33638,234,14,20,1,0,23,33.0,16.0,16.0,17.0
33639,33639,234,14,30,1,0,23,34.0,19.0,19.0,15.0
33640,33640,234,14,40,1,0,23,39.0,16.0,16.0,23.0
33641,33641,234,14,50,1,0,23,28.0,13.0,13.0,15.0
33642,33642,234,15,0,1,0,23,48.0,22.0,22.0,26.0
33643,33643,234,15,10,1,0,23,42.0,17.0,17.0,25.0
33644,33644,234,15,20,1,0,23,40.0,16.0,16.0,24.0
33645,33645,234,15,30,1,0,23,48.0,25.0,25.0,23.0
33646,33646,234,15,40,1,0,23,46.0,20.0,20.0,26.0
33647,33647,234,15,50,1,0,23,64.0,42.0,42.0,22.0
33648,33648,234,16,0,1,0,23,49.0,27.0,27.0,22.0
33649,33649,234,16,10,1,0,23,50.0,25.0,25.0,25.0
33650,33650,234,16,20,1,0,23,58.0,35.0,35.0,23.0
33651,33651,234,16,30,1,0,23,63.0,28.0,28.0,35.0
33652,33652,234,16,40,1,0,23,67.0,34.0,34.0,33.0
33653,33653,234,16,50,1,0,23,70.0,24.0,24.0,46.0
33654,33654,234,17,0,1,0,23,109.0,45.0,45.0,64.0
33655,33655,234,17,10,1,0,23,142.0,41.0,41.0,101.0
33656,33656,234,17,20,1,0,23,115.0,52.0,52.0,63.0
33657,33657,234,17,30,1,0,23,127.0,53.0,53.0,74.0
33658,33658,234,17,40,1,0,23,140.0,60.0,60.0,80.0
33659,33659,234,17,50,1,0,23,130.0,77.0,77.0,53.0
33660,33660,234,18,0,1,0,23,156.0,98.0,98.0,58.0
33661,33661,234,18,10,1,0,23,127.0,73.0,73.0,54.0
33662,33662,234,18,20,1,0,23,113.0,79.0,79.0,34.0
33663,33663,234,18,30,1,0,23,146.0,105.0,105.0,41.0
33664,33664,234,18,40,1,0,23,191.0,156.0,156.0,35.0
33665,33665,234,18,50,1,0,23,114.0,93.0,93.0,21.0
33666,33666,234,19,0,1,0,23,122.0,97.0,97.0,25.0
33667,33667,234,19,10,1,0,23,113.0,92.0,92.0,21.0
33668,33668,234,19,20,1,0,23,84.0,74.0,74.0,10.0
33669,33669,234,19,30,1,0,23,105.0,72.0,72.0,33.0
33670,33670,234,19,40,1,0,23,62.0,48.0,48.0,14.0
33671,33671,234,19,50,1,0,23,66.0,48.0,48.0,18.0
33672,33672,234,20,0,1,0,23,82.0,60.0,60.0,22.0
33673,33673,234,20,10,1,0,23,76.0,59.0,59.0,17.0
33674,33674,234,20,20,1,0,23,49.0,33.0,33.0,16.0
33675,33675,234,20,30,1,0,23,49.0,36.0,36.0,13.0
33676,33676,234,20,40,1,0,23,51.0,39.0,39.0,12.0
33677,33677,234,20,50,1,0,23,63.0,47.0,47.0,16.0
33678,33678,234,21,0,1,0,23,55.0,41.0,41.0,14.0
33679,33679,234,21,10,1,0,23,49.0,25.0,25.0,24.0
33680,33680,234,21,20,1,0,23,57.0,43.0,43.0,14.0
33681,33681,234,21,30,1,0,23,39.0,28.0,28.0,11.0
33682,33682,234,21,40,1,0,23,43.0,36.0,36.0,7.0
33683,33683,234,21,50,1,0,23,46.0,43.0,43.0,3.0
33684,33684,234,22,0,1,0,23,33.0,31.0,31.0,2.0
33685,33685,234,22,10,1,0,23,42.0,35.0,35.0,7.0
33686,33686,234,22,20,1,0,23,53.0,41.0,41.0,12.0
33687,33687,234,22,30,1,0,23,41.0,34.0,34.0,7.0
33688,33688,234,22,40,1,0,23,33.0,32.0,32.0,1.0
33689,33689,234,22,50,1,0,23,28.0,25.0,25.0,3.0
33726,33726,235,5,0,1,0,23,0.0,0.0,0.0,0.0
33727,33727,235,5,10,1,0,23,0.0,0.0,0.0,0.0
33728,33728,235,5,20,1,0,23,3.0,0.0,0.0,3.0
33729,33729,235,5,30,1,0,23,30.0,0.0,0.0,30.0
33730,33730,235,5,40,1,0,23,59.0,0.0,0.0,59.0
33731,33731,235,5,50,1,0,23,54.0,0.0,0.0,54.0
33732,33732,235,6,0,1,0,23,83.0,5.0,5.0,78.0
33733,33733,235,6,10,1,0,23,120.0,13.0,13.0,107.0
33734,33734,235,6,20,1,0,23,141.0,10.0,10.0,131.0
33735,33735,235,6,30,1,0,23,234.0,21.0,21.0,213.0
33736,33736,235,6,40,1,0,23,320.0,22.0,22.0,298.0
33737,33737,235,6,50,1,0,23,417.0,43.0,43.0,374.0
33738,33738,235,7,0,1,0,23,512.0,64.0,64.0,448.0
33739,33739,235,7,10,1,0,23,624.0,53.0,53.0,571.0
33740,33740,235,7,20,1,0,23,595.0,72.0,72.0,523.0
33741,33741,235,7,30,1,0,23,774.0,68.0,68.0,706.0
33742,33742,235,7,40,1,0,23,908.0,87.0,87.0,821.0
33743,33743,235,7,50,1,0,23,1119.0,110.0,110.0,1009.0
33744,33744,235,8,0,1,0,23,1185.0,156.0,156.0,1029.0
33745,33745,235,8,10,1,0,23,1118.0,143.0,143.0,975.0
33746,33746,235,8,20,1,0,23,989.0,115.0,115.0,874.0
33747,33747,235,8,30,1,0,23,955.0,127.0,127.0,828.0
33748,33748,235,8,40,1,0,23,833.0,127.0,127.0,706.0
33749,33749,235,8,50,1,0,23,589.0,98.0,98.0,491.0
33750,33750,235,9,0,1,0,23,483.0,90.0,90.0,393.0
33751,33751,235,9,10,1,0,23,536.0,117.0,117.0,419.0
33752,33752,235,9,20,1,0,23,402.0,91.0,91.0,311.0
33753,33753,235,9,30,1,0,23,368.0,74.0,74.0,294.0
33754,33754,235,9,40,1,0,23,284.0,87.0,87.0,197.0
33755,33755,235,9,50,1,0,23,295.0,84.0,84.0,211.0
33756,33756,235,10,0,1,0,23,265.0,88.0,88.0,177.0
33757,33757,235,10,10,1,0,23,205.0,66.0,66.0,139.0
33758,33758,235,10,20,1,0,23,215.0,65.0,65.0,150.0
33759,33759,235,10,30,1,0,23,152.0,48.0,48.0,104.0
33760,33760,235,10,40,1,0,23,208.0,95.0,95.0,113.0
33761,33761,235,10,50,1,0,23,146.0,64.0,64.0,82.0
33762,33762,235,11,0,1,0,23,132.0,41.0,41.0,91.0
33763,33763,235,11,10,1,0,23,187.0,86.0,86.0,101.0
33764,33764,235,11,20,1,0,23,193.0,83.0,83.0,110.0
33765,33765,235,11,30,1,0,23,155.0,78.0,78.0,77.0
33766,33766,235,11,40,1,0,23,167.0,79.0,79.0,88.0
33767,33767,235,11,50,1,0,23,139.0,43.0,43.0,96.0
33768,33768,235,12,0,1,0,23,185.0,99.0,99.0,86.0
33769,33769,235,12,10,1,0,23,170.0,79.0,79.0,91.0
33770,33770,235,12,20,1,0,23,178.0,81.0,81.0,97.0
33771,33771,235,12,30,1,0,23,222.0,106.0,106.0,116.0
33772,33772,235,12,40,1,0,23,195.0,78.0,78.0,117.0
33773,33773,235,12,50,1,0,23,167.0,56.0,56.0,111.0
33774,33774,235,13,0,1,0,23,201.0,91.0,91.0,110.0
33775,33775,235,13,10,1,0,23,178.0,75.0,75.0,103.0
33776,33776,235,13,20,1,0,23,192.0,100.0,100.0,92.0
33777,33777,235,13,30,1,0,23,199.0,92.0,92.0,107.0
33778,33778,235,13,40,1,0,23,144.0,46.0,46.0,98.0
33779,33779,235,13,50,1,0,23,157.0,83.0,83.0,74.0
33780,33780,235,14,0,1,0,23,180.0,102.0,102.0,78.0
33781,33781,235,14,10,1,0,23,194.0,117.0,117.0,77.0
33782,33782,235,14,20,1,0,23,171.0,98.0,98.0,73.0
33783,33783,235,14,30,1,0,23,138.0,79.0,79.0,59.0
33784,33784,235,14,40,1,0,23,168.0,86.0,86.0,82.0
33785,33785,235,14,50,1,0,23,214.0,139.0,139.0,75.0
33786,33786,235,15,0,1,0,23,221.0,147.0,147.0,74.0
33787,33787,235,15,10,1,0,23,249.0,142.0,142.0,107.0
33788,33788,235,15,20,1,0,23,230.0,128.0,128.0,102.0
33789,33789,235,15,30,1,0,23,184.0,119.0,119.0,65.0
33790,33790,235,15,40,1,0,23,236.0,166.0,166.0,70.0
33791,33791,235,15,50,1,0,23,208.0,166.0,166.0,42.0
33792,33792,235,16,0,1,0,23,278.0,205.0,205.0,73.0
33793,33793,235,16,10,1,0,23,301.0,224.0,224.0,77.0
33794,33794,235,16,20,1,0,23,311.0,205.0,205.0,106.0
33795,33795,235,16,30,1,0,23,288.0,173.0,173.0,115.0
33796,33796,235,16,40,1,0,23,267.0,191.0,191.0,76.0
33797,33797,235,16,50,1,0,23,427.0,296.0,296.0,131.0
33798,33798,235,17,0,1,0,23,387.0,258.0,258.0,129.0
33799,33799,235,17,10,1,0,23,416.0,301.0,301.0,115.0
33800,33800,235,17,20,1,0,23,509.0,402.0,402.0,107.0
33801,33801,235,17,30,1,0,23,539.0,407.0,407.0,132.0
33802,33802,235,17,40,1,0,23,586.0,472.0,472.0,114.0
33803,33803,235,17,50,1,0,23,795.0,677.0,677.0,118.0
33804,33804,235,18,0,1,0,23,676.0,581.0,581.0,95.0
33805,33805,235,18,10,1,0,23,698.0,584.0,584.0,114.0
33806,33806,235,18,20,1,0,23,960.0,876.0,876.0,84.0
33807,33807,235,18,30,1,0,23,618.0,531.0,531.0,87.0
33808,33808,235,18,40,1,0,23,810.0,716.0,716.0,94.0
33809,33809,235,18,50,1,0,23,697.0,636.0,636.0,61.0
33810,33810,235,19,0,1,0,23,586.0,507.0,507.0,79.0
33811,33811,235,19,10,1,0,23,521.0,471.0,471.0,50.0
33812,33812,235,19,20,1,0,23,424.0,367.0,367.0,57.0
33813,33813,235,19,30,1,0,23,373.0,308.0,308.0,65.0
33814,33814,235,19,40,1,0,23,359.0,304.0,304.0,55.0
33815,33815,235,19,50,1,0,23,289.0,240.0,240.0,49.0
33816,33816,235,20,0,1,0,23,306.0,242.0,242.0,64.0
33817,33817,235,20,10,1,0,23,331.0,248.0,248.0,83.0
33818,33818,235,20,20,1,0,23,230.0,173.0,173.0,57.0
33819,33819,235,20,30,1,0,23,222.0,168.0,168.0,54.0
33820,33820,235,20,40,1,0,23,233.0,182.0,182.0,51.0
33821,33821,235,20,50,1,0,23,233.0,191.0,191.0,42.0
33822,33822,235,21,0,1,0,23,304.0,232.0,232.0,72.0
33823,33823,235,21,10,1,0,23,202.0,141.0,141.0,61.0
33824,33824,235,21,20,1,0,23,233.0,183.0,183.0,50.0
33825,33825,235,21,30,1,0,23,249.0,198.0,198.0,51.0
33826,33826,235,21,40,1,0,23,209.0,174.0,174.0,35.0
33827,33827,235,21,50,1,0,23,189.0,169.0,169.0,20.0
33828,33828,235,22,0,1,0,23,209.0,183.0,183.0,26.0
33829,33829,235,22,10,1,0,23,167.0,139.0,139.0,28.0
33830,33830,235,22,20,1,0,23,187.0,156.0,156.0,31.0
33831,33831,235,22,30,1,0,23,155.0,138.0,138.0,17.0
33832,33832,235,22,40,1,0,23,139.0,136.0,136.0,3.0
33833,33833,235,22,50,1,0,23,96.0,92.0,92.0,4.0
33870,33870,236,5,0,1,0,23,0.0,0.0,0.0,0.0
33871,33871,236,5,10,1,0,23,1.0,0.0,0.0,1.0
33872,33872,236,5,20,1,0,23,1.0,0.0,0.0,1.0
33873,33873,236,5,30,1,0,23,4.0,2.0,2.0,2.0
33874,33874,236,5,40,1,0,23,2.0,0.0,0.0,2.0
33875,33875,236,5,50,1,0,23,21.0,19.0,19.0,2.0
33876,33876,236,6,0,1,0,23,20.0,19.0,19.0,1.0
33877,33877,236,6,10,1,0,23,25.0,16.0,16.0,9.0
33878,33878,236,6,20,1,0,23,52.0,39.0,39.0,13.0
33879,33879,236,6,30,1,0,23,75.0,57.0,57.0,18.0
33880,33880,236,6,40,1,0,23,129.0,111.0,111.0,18.0
33881,33881,236,6,50,1,0,23,124.0,106.0,106.0,18.0
33882,33882,236,7,0,1,0,23,162.0,132.0,132.0,30.0
33883,33883,236,7,10,1,0,23,168.0,132.0,132.0,36.0
33884,33884,236,7,20,1,0,23,214.0,166.0,166.0,48.0
33885,33885,236,7,30,1,0,23,246.0,186.0,186.0,60.0
33886,33886,236,7,40,1,0,23,285.0,214.0,214.0,71.0
33887,33887,236,7,50,1,0,23,276.0,201.0,201.0,75.0
33888,33888,236,8,0,1,0,23,280.0,207.0,207.0,73.0
33889,33889,236,8,10,1,0,23,292.0,201.0,201.0,91.0
33890,33890,236,8,20,1,0,23,275.0,177.0,177.0,98.0
33891,33891,236,8,30,1,0,23,222.0,140.0,140.0,82.0
33892,33892,236,8,40,1,0,23,307.0,208.0,208.0,99.0
33893,33893,236,8,50,1,0,23,245.0,148.0,148.0,97.0
33894,33894,236,9,0,1,0,23,264.0,164.0,164.0,100.0
33895,33895,236,9,10,1,0,23,208.0,94.0,94.0,114.0
33896,33896,236,9,20,1,0,23,230.0,128.0,128.0,102.0
33897,33897,236,9,30,1,0,23,221.0,112.0,112.0,109.0
33898,33898,236,9,40,1,0,23,243.0,127.0,127.0,116.0
33899,33899,236,9,50,1,0,23,238.0,121.0,121.0,117.0
33900,33900,236,10,0,1,0,23,203.0,93.0,93.0,110.0
33901,33901,236,10,10,1,0,23,173.0,69.0,69.0,104.0
33902,33902,236,10,20,1,0,23,183.0,64.0,64.0,119.0
33903,33903,236,10,30,1,0,23,180.0,72.0,72.0,108.0
33904,33904,236,10,40,1,0,23,161.0,71.0,71.0,90.0
33905,33905,236,10,50,1,0,23,125.0,47.0,47.0,78.0
33906,33906,236,11,0,1,0,23,114.0,36.0,36.0,78.0
33907,33907,236,11,10,1,0,23,156.0,52.0,52.0,104.0
33908,33908,236,11,20,1,0,23,138.0,45.0,45.0,93.0
33909,33909,236,11,30,1,0,23,153.0,61.0,61.0,92.0
33910,33910,236,11,40,1,0,23,133.0,62.0,62.0,71.0
33911,33911,236,11,50,1,0,23,139.0,57.0,57.0,82.0
33912,33912,236,12,0,1,0,23,127.0,39.0,39.0,88.0
33913,33913,236,12,10,1,0,23,131.0,41.0,41.0,90.0
33914,33914,236,12,20,1,0,23,138.0,59.0,59.0,79.0
33915,33915,236,12,30,1,0,23,169.0,89.0,89.0,80.0
33916,33916,236,12,40,1,0,23,130.0,62.0,62.0,68.0
33917,33917,236,12,50,1,0,23,108.0,59.0,59.0,49.0
33918,33918,236,13,0,1,0,23,128.0,71.0,71.0,57.0
33919,33919,236,13,10,1,0,23,145.0,85.0,85.0,60.0
33920,33920,236,13,20,1,0,23,151.0,93.0,93.0,58.0
33921,33921,236,13,30,1,0,23,113.0,63.0,63.0,50.0
33922,33922,236,13,40,1,0,23,148.0,79.0,79.0,69.0
33923,33923,236,13,50,1,0,23,140.0,50.0,50.0,90.0
33924,33924,236,14,0,1,0,23,144.0,57.0,57.0,87.0
33925,33925,236,14,10,1,0,23,162.0,64.0,64.0,98.0
33926,33926,236,14,20,1,0,23,147.0,50.0,50.0,97.0
33927,33927,236,14,30,1,0,23,165.0,54.0,54.0,111.0
33928,33928,236,14,40,1,0,23,151.0,69.0,69.0,82.0
33929,33929,236,14,50,1,0,23,132.0,43.0,43.0,89.0
33930,33930,236,15,0,1,0,23,154.0,47.0,47.0,107.0
33931,33931,236,15,10,1,0,23,147.0,49.0,49.0,98.0
33932,33932,236,15,20,1,0,23,146.0,47.0,47.0,99.0
33933,33933,236,15,30,1,0,23,160.0,63.0,63.0,97.0
33934,33934,236,15,40,1,0,23,152.0,46.0,46.0,106.0
33935,33935,236,15,50,1,0,23,168.0,49.0,49.0,119.0
33936,33936,236,16,0,1,0,23,153.0,46.0,46.0,107.0
33937,33937,236,16,10,1,0,23,145.0,23.0,23.0,122.0
33938,33938,236,16,20,1,0,23,151.0,40.0,40.0,111.0
33939,33939,236,16,30,1,0,23,185.0,60.0,60.0,125.0
33940,33940,236,16,40,1,0,23,171.0,41.0,41.0,130.0
33941,33941,236,16,50,1,0,23,163.0,46.0,46.0,117.0
33942,33942,236,17,0,1,0,23,196.0,45.0,45.0,151.0
33943,33943,236,17,10,1,0,23,237.0,52.0,52.0,185.0
33944,33944,236,17,20,1,0,23,201.0,64.0,64.0,137.0
33945,33945,236,17,30,1,0,23,229.0,67.0,67.0,162.0
33946,33946,236,17,40,1,0,23,196.0,91.0,91.0,105.0
33947,33947,236,17,50,1,0,23,159.0,65.0,65.0,94.0
33948,33948,236,18,0,1,0,23,145.0,69.0,69.0,76.0
33949,33949,236,18,10,1,0,23,171.0,101.0,101.0,70.0
33950,33950,236,18,20,1,0,23,131.0,91.0,91.0,40.0
33951,33951,236,18,30,1,0,23,127.0,75.0,75.0,52.0
33952,33952,236,18,40,1,0,23,135.0,78.0,78.0,57.0
33953,33953,236,18,50,1,0,23,151.0,94.0,94.0,57.0
33954,33954,236,19,0,1,0,23,104.0,49.0,49.0,55.0
33955,33955,236,19,10,1,0,23,92.0,56.0,56.0,36.0
33956,33956,236,19,20,1,0,23,89.0,48.0,48.0,41.0
33957,33957,236,19,30,1,0,23,97.0,45.0,45.0,52.0
33958,33958,236,19,40,1,0,23,91.0,39.0,39.0,52.0
33959,33959,236,19,50,1,0,23,83.0,35.0,35.0,48.0
33960,33960,236,20,0,1,0,23,80.0,26.0,26.0,54.0
33961,33961,236,20,10,1,0,23,94.0,44.0,44.0,50.0
33962,33962,236,20,20,1,0,23,59.0,23.0,23.0,36.0
33963,33963,236,20,30,1,0,23,100.0,33.0,33.0,67.0
33964,33964,236,20,40,1,0,23,72.0,24.0,24.0,48.0
33965,33965,236,20,50,1,0,23,45.0,21.0,21.0,24.0
33966,33966,236,21,0,1,0,23,60.0,26.0,26.0,34.0
33967,33967,236,21,10,1,0,23,63.0,33.0,33.0,30.0
33968,33968,236,21,20,1,0,23,53.0,32.0,32.0,21.0
33969,33969,236,21,30,1,0,23,50.0,29.0,29.0,21.0
33970,33970,236,21,40,1,0,23,53.0,36.0,36.0,17.0
33971,33971,236,21,50,1,0,23,44.0,30.0,30.0,14.0
33972,33972,236,22,0,1,0,23,52.0,40.0,40.0,12.0
33973,33973,236,22,10,1,0,23,33.0,21.0,21.0,12.0
33974,33974,236,22,20,1,0,23,27.0,17.0,17.0,10.0
33975,33975,236,22,30,1,0,23,25.0,17.0,17.0,8.0
33976,33976,236,22,40,1,0,23,19.0,11.0,11.0,8.0
33977,33977,236,22,50,1,0,23,14.0,9.0,9.0,5.0
34014,34014,237,5,0,1,0,23,0.0,0.0,0.0,0.0
34015,34015,237,5,10,1,0,23,9.0,1.0,1.0,8.0
34016,34016,237,5,20,1,0,23,18.0,0.0,0.0,18.0
34017,34017,237,5,30,1,0,23,28.0,1.0,1.0,27.0
34018,34018,237,5,40,1,0,23,40.0,1.0,1.0,39.0
34019,34019,237,5,50,1,0,23,71.0,1.0,1.0,70.0
34020,34020,237,6,0,1,0,23,80.0,3.0,3.0,77.0
34021,34021,237,6,10,1,0,23,81.0,4.0,4.0,77.0
34022,34022,237,6,20,1,0,23,200.0,33.0,33.0,167.0
34023,34023,237,6,30,1,0,23,190.0,32.0,32.0,158.0
34024,34024,237,6,40,1,0,23,286.0,41.0,41.0,245.0
34025,34025,237,6,50,1,0,23,302.0,68.0,68.0,234.0
34026,34026,237,7,0,1,0,23,478.0,118.0,118.0,360.0
34027,34027,237,7,10,1,0,23,445.0,99.0,99.0,346.0
34028,34028,237,7,20,1,0,23,578.0,118.0,118.0,460.0
34029,34029,237,7,30,1,0,23,800.0,167.0,167.0,633.0
34030,34030,237,7,40,1,0,23,862.0,202.0,202.0,660.0
34031,34031,237,7,50,1,0,23,1003.0,188.0,188.0,815.0
34032,34032,237,8,0,1,0,23,1034.0,186.0,186.0,848.0
34033,34033,237,8,10,1,0,23,1158.0,183.0,183.0,975.0
34034,34034,237,8,20,1,0,23,876.0,158.0,158.0,718.0
34035,34035,237,8,30,1,0,23,943.0,166.0,166.0,777.0
34036,34036,237,8,40,1,0,23,736.0,169.0,169.0,567.0
34037,34037,237,8,50,1,0,23,612.0,94.0,94.0,518.0
34038,34038,237,9,0,1,0,23,562.0,115.0,115.0,447.0
34039,34039,237,9,10,1,0,23,424.0,88.0,88.0,336.0
34040,34040,237,9,20,1,0,23,422.0,73.0,73.0,349.0
34041,34041,237,9,30,1,0,23,311.0,72.0,72.0,239.0
34042,34042,237,9,40,1,0,23,261.0,91.0,91.0,170.0
34043,34043,237,9,50,1,0,23,235.0,72.0,72.0,163.0
34044,34044,237,10,0,1,0,23,230.0,85.0,85.0,145.0
34045,34045,237,10,10,1,0,23,159.0,41.0,41.0,118.0
34046,34046,237,10,20,1,0,23,235.0,78.0,78.0,157.0
34047,34047,237,10,30,1,0,23,168.0,65.0,65.0,103.0
34048,34048,237,10,40,1,0,23,165.0,64.0,64.0,101.0
34049,34049,237,10,50,1,0,23,184.0,67.0,67.0,117.0
34050,34050,237,11,0,1,0,23,192.0,70.0,70.0,122.0
34051,34051,237,11,10,1,0,23,144.0,60.0,60.0,84.0
34052,34052,237,11,20,1,0,23,150.0,45.0,45.0,105.0
34053,34053,237,11,30,1,0,23,142.0,40.0,40.0,102.0
34054,34054,237,11,40,1,0,23,149.0,56.0,56.0,93.0
34055,34055,237,11,50,1,0,23,137.0,57.0,57.0,80.0
34056,34056,237,12,0,1,0,23,177.0,52.0,52.0,125.0
34057,34057,237,12,10,1,0,23,158.0,50.0,50.0,108.0
34058,34058,237,12,20,1,0,23,193.0,88.0,88.0,105.0
34059,34059,237,12,30,1,0,23,186.0,88.0,88.0,98.0
34060,34060,237,12,40,1,0,23,149.0,56.0,56.0,93.0
34061,34061,237,12,50,1,0,23,194.0,89.0,89.0,105.0
34062,34062,237,13,0,1,0,23,155.0,82.0,82.0,73.0
34063,34063,237,13,10,1,0,23,131.0,50.0,50.0,81.0
34064,34064,237,13,20,1,0,23,198.0,91.0,91.0,107.0
34065,34065,237,13,30,1,0,23,163.0,101.0,101.0,62.0
34066,34066,237,13,40,1,0,23,150.0,66.0,66.0,84.0
34067,34067,237,13,50,1,0,23,169.0,88.0,88.0,81.0
34068,34068,237,14,0,1,0,23,162.0,68.0,68.0,94.0
34069,34069,237,14,10,1,0,23,172.0,102.0,102.0,70.0
34070,34070,237,14,20,1,0,23,167.0,84.0,84.0,83.0
34071,34071,237,14,30,1,0,23,194.0,93.0,93.0,101.0
34072,34072,237,14,40,1,0,23,157.0,98.0,98.0,59.0
34073,34073,237,14,50,1,0,23,194.0,97.0,97.0,97.0
34074,34074,237,15,0,1,0,23,156.0,63.0,63.0,93.0
34075,34075,237,15,10,1,0,23,195.0,111.0,111.0,84.0
34076,34076,237,15,20,1,0,23,152.0,81.0,81.0,71.0
34077,34077,237,15,30,1,0,23,187.0,100.0,100.0,87.0
34078,34078,237,15,40,1,0,23,195.0,119.0,119.0,76.0
34079,34079,237,15,50,1,0,23,197.0,114.0,114.0,83.0
34080,34080,237,16,0,1,0,23,196.0,85.0,85.0,111.0
34081,34081,237,16,10,1,0,23,209.0,126.0,126.0,83.0
34082,34082,237,16,20,1,0,23,231.0,125.0,125.0,106.0
34083,34083,237,16,30,1,0,23,204.0,94.0,94.0,110.0
34084,34084,237,16,40,1,0,23,266.0,177.0,177.0,89.0
34085,34085,237,16,50,1,0,23,308.0,192.0,192.0,116.0
34086,34086,237,17,0,1,0,23,305.0,176.0,176.0,129.0
34087,34087,237,17,10,1,0,23,390.0,196.0,196.0,194.0
34088,34088,237,17,20,1,0,23,358.0,225.0,225.0,133.0
34089,34089,237,17,30,1,0,23,389.0,264.0,264.0,125.0
34090,34090,237,17,40,1,0,23,551.0,414.0,414.0,137.0
34091,34091,237,17,50,1,0,23,458.0,320.0,320.0,138.0
34092,34092,237,18,0,1,0,23,435.0,315.0,315.0,120.0
34093,34093,237,18,10,1,0,23,545.0,435.0,435.0,110.0
34094,34094,237,18,20,1,0,23,508.0,437.0,437.0,71.0
34095,34095,237,18,30,1,0,23,530.0,457.0,457.0,73.0
34096,34096,237,18,40,1,0,23,597.0,542.0,542.0,55.0
34097,34097,237,18,50,1,0,23,503.0,434.0,434.0,69.0
34098,34098,237,19,0,1,0,23,489.0,447.0,447.0,42.0
34099,34099,237,19,10,1,0,23,444.0,387.0,387.0,57.0
34100,34100,237,19,20,1,0,23,348.0,299.0,299.0,49.0
34101,34101,237,19,30,1,0,23,284.0,232.0,232.0,52.0
34102,34102,237,19,40,1,0,23,294.0,252.0,252.0,42.0
34103,34103,237,19,50,1,0,23,259.0,213.0,213.0,46.0
34104,34104,237,20,0,1,0,23,254.0,207.0,207.0,47.0
34105,34105,237,20,10,1,0,23,201.0,156.0,156.0,45.0
34106,34106,237,20,20,1,0,23,248.0,216.0,216.0,32.0
34107,34107,237,20,30,1,0,23,224.0,179.0,179.0,45.0
34108,34108,237,20,40,1,0,23,166.0,125.0,125.0,41.0
34109,34109,237,20,50,1,0,23,200.0,174.0,174.0,26.0
34110,34110,237,21,0,1,0,23,206.0,151.0,151.0,55.0
34111,34111,237,21,10,1,0,23,256.0,206.0,206.0,50.0
34112,34112,237,21,20,1,0,23,201.0,156.0,156.0,45.0
34113,34113,237,21,30,1,0,23,251.0,209.0,209.0,42.0
34114,34114,237,21,40,1,0,23,194.0,163.0,163.0,31.0
34115,34115,237,21,50,1,0,23,174.0,147.0,147.0,27.0
34116,34116,237,22,0,1,0,23,201.0,172.0,172.0,29.0
34117,34117,237,22,10,1,0,23,193.0,172.0,172.0,21.0
34118,34118,237,22,20,1,0,23,220.0,203.0,203.0,17.0
34119,34119,237,22,30,1,0,23,94.0,91.0,91.0,3.0
34120,34120,237,22,40,1,0,23,68.0,67.0,67.0,1.0
34121,34121,237,22,50,1,0,23,99.0,99.0,99.0,0.0
34158,34158,238,5,0,1,0,23,0.0,0.0,0.0,0.0
34159,34159,238,5,10,1,0,23,1.0,0.0,0.0,1.0
34160,34160,238,5,20,1,0,23,10.0,0.0,0.0,10.0
34161,34161,238,5,30,1,0,23,54.0,1.0,1.0,53.0
34162,34162,238,5,40,1,0,23,42.0,0.0,0.0,42.0
34163,34163,238,5,50,1,0,23,63.0,0.0,0.0,63.0
34164,34164,238,6,0,1,0,23,111.0,1.0,1.0,110.0
34165,34165,238,6,10,1,0,23,135.0,1.0,1.0,134.0
34166,34166,238,6,20,1,0,23,217.0,2.0,2.0,215.0
34167,34167,238,6,30,1,0,23,248.0,37.0,37.0,211.0
34168,34168,238,6,40,1,0,23,330.0,22.0,22.0,308.0
34169,34169,238,6,50,1,0,23,361.0,50.0,50.0,311.0
34170,34170,238,7,0,1,0,23,454.0,33.0,33.0,421.0
34171,34171,238,7,10,1,0,23,586.0,61.0,61.0,525.0
34172,34172,238,7,20,1,0,23,710.0,95.0,95.0,615.0
34173,34173,238,7,30,1,0,23,1001.0,95.0,95.0,906.0
34174,34174,238,7,40,1,0,23,1025.0,140.0,140.0,885.0
34175,34175,238,7,50,1,0,23,971.0,113.0,113.0,858.0
34176,34176,238,8,0,1,0,23,1072.0,66.0,66.0,1006.0
34177,34177,238,8,10,1,0,23,836.0,94.0,94.0,742.0
34178,34178,238,8,20,1,0,23,788.0,126.0,126.0,662.0
34179,34179,238,8,30,1,0,23,709.0,180.0,180.0,529.0
34180,34180,238,8,40,1,0,23,540.0,140.0,140.0,400.0
34181,34181,238,8,50,1,0,23,473.0,121.0,121.0,352.0
34182,34182,238,9,0,1,0,23,396.0,80.0,80.0,316.0
34183,34183,238,9,10,1,0,23,334.0,107.0,107.0,227.0
34184,34184,238,9,20,1,0,23,300.0,94.0,94.0,206.0
34185,34185,238,9,30,1,0,23,283.0,131.0,131.0,152.0
34186,34186,238,9,40,1,0,23,248.0,86.0,86.0,162.0
34187,34187,238,9,50,1,0,23,216.0,71.0,71.0,145.0
34188,34188,238,10,0,1,0,23,248.0,112.0,112.0,136.0
34189,34189,238,10,10,1,0,23,193.0,85.0,85.0,108.0
34190,34190,238,10,20,1,0,23,214.0,117.0,117.0,97.0
34191,34191,238,10,30,1,0,23,188.0,81.0,81.0,107.0
34192,34192,238,10,40,1,0,23,170.0,64.0,64.0,106.0
34193,34193,238,10,50,1,0,23,201.0,69.0,69.0,132.0
34194,34194,238,11,0,1,0,23,141.0,59.0,59.0,82.0
34195,34195,238,11,10,1,0,23,138.0,48.0,48.0,90.0
34196,34196,238,11,20,1,0,23,153.0,87.0,87.0,66.0
34197,34197,238,11,30,1,0,23,205.0,86.0,86.0,119.0
34198,34198,238,11,40,1,0,23,164.0,83.0,83.0,81.0
34199,34199,238,11,50,1,0,23,161.0,56.0,56.0,105.0
34200,34200,238,12,0,1,0,23,185.0,77.0,77.0,108.0
34201,34201,238,12,10,1,0,23,185.0,70.0,70.0,115.0
34202,34202,238,12,20,1,0,23,172.0,63.0,63.0,109.0
34203,34203,238,12,30,1,0,23,165.0,72.0,72.0,93.0
34204,34204,238,12,40,1,0,23,162.0,72.0,72.0,90.0
34205,34205,238,12,50,1,0,23,123.0,20.0,20.0,103.0
34206,34206,238,13,0,1,0,23,175.0,74.0,74.0,101.0
34207,34207,238,13,10,1,0,23,165.0,85.0,85.0,80.0
34208,34208,238,13,20,1,0,23,175.0,86.0,86.0,89.0
34209,34209,238,13,30,1,0,23,169.0,90.0,90.0,79.0
34210,34210,238,13,40,1,0,23,191.0,100.0,100.0,91.0
34211,34211,238,13,50,1,0,23,176.0,80.0,80.0,96.0
34212,34212,238,14,0,1,0,23,160.0,79.0,79.0,81.0
34213,34213,238,14,10,1,0,23,184.0,92.0,92.0,92.0
34214,34214,238,14,20,1,0,23,161.0,85.0,85.0,76.0
34215,34215,238,14,30,1,0,23,161.0,78.0,78.0,83.0
34216,34216,238,14,40,1,0,23,114.0,42.0,42.0,72.0
34217,34217,238,14,50,1,0,23,196.0,101.0,101.0,95.0
34218,34218,238,15,0,1,0,23,210.0,104.0,104.0,106.0
34219,34219,238,15,10,1,0,23,228.0,165.0,165.0,63.0
34220,34220,238,15,20,1,0,23,155.0,50.0,50.0,105.0
34221,34221,238,15,30,1,0,23,258.0,150.0,150.0,108.0
34222,34222,238,15,40,1,0,23,103.0,25.0,25.0,78.0
34223,34223,238,15,50,1,0,23,207.0,109.0,109.0,98.0
34224,34224,238,16,0,1,0,23,251.0,163.0,163.0,88.0
34225,34225,238,16,10,1,0,23,226.0,136.0,136.0,90.0
34226,34226,238,16,20,1,0,23,220.0,139.0,139.0,81.0
34227,34227,238,16,30,1,0,23,186.0,99.0,99.0,87.0
34228,34228,238,16,40,1,0,23,382.0,245.0,245.0,137.0
34229,34229,238,16,50,1,0,23,263.0,139.0,139.0,124.0
34230,34230,238,17,0,1,0,23,277.0,177.0,177.0,100.0
34231,34231,238,17,10,1,0,23,395.0,247.0,247.0,148.0
34232,34232,238,17,20,1,0,23,366.0,253.0,253.0,113.0
34233,34233,238,17,30,1,0,23,383.0,273.0,273.0,110.0
34234,34234,238,17,40,1,0,23,442.0,334.0,334.0,108.0
34235,34235,238,17,50,1,0,23,416.0,343.0,343.0,73.0
34236,34236,238,18,0,1,0,23,409.0,326.0,326.0,83.0
34237,34237,238,18,10,1,0,23,433.0,333.0,333.0,100.0
34238,34238,238,18,20,1,0,23,726.0,648.0,648.0,78.0
34239,34239,238,18,30,1,0,23,562.0,501.0,501.0,61.0
34240,34240,238,18,40,1,0,23,528.0,467.0,467.0,61.0
34241,34241,238,18,50,1,0,23,700.0,631.0,631.0,69.0
34242,34242,238,19,0,1,0,23,458.0,418.0,418.0,40.0
34243,34243,238,19,10,1,0,23,783.0,729.0,729.0,54.0
34244,34244,238,19,20,1,0,23,500.0,474.0,474.0,26.0
34245,34245,238,19,30,1,0,23,447.0,402.0,402.0,45.0
34246,34246,238,19,40,1,0,23,349.0,314.0,314.0,35.0
34247,34247,238,19,50,1,0,23,289.0,256.0,256.0,33.0
34248,34248,238,20,0,1,0,23,284.0,240.0,240.0,44.0
34249,34249,238,20,10,1,0,23,150.0,112.0,112.0,38.0
34250,34250,238,20,20,1,0,23,258.0,217.0,217.0,41.0
34251,34251,238,20,30,1,0,23,398.0,355.0,355.0,43.0
34252,34252,238,20,40,1,0,23,183.0,145.0,145.0,38.0
34253,34253,238,20,50,1,0,23,218.0,186.0,186.0,32.0
34254,34254,238,21,0,1,0,23,194.0,169.0,169.0,25.0
34255,34255,238,21,10,1,0,23,184.0,142.0,142.0,42.0
34256,34256,238,21,20,1,0,23,218.0,193.0,193.0,25.0
34257,34257,238,21,30,1,0,23,167.0,154.0,154.0,13.0
34258,34258,238,21,40,1,0,23,202.0,181.0,181.0,21.0
34259,34259,238,21,50,1,0,23,135.0,109.0,109.0,26.0
34260,34260,238,22,0,1,0,23,190.0,178.0,178.0,12.0
34261,34261,238,22,10,1,0,23,154.0,127.0,127.0,27.0
34262,34262,238,22,20,1,0,23,156.0,140.0,140.0,16.0
34263,34263,238,22,30,1,0,23,132.0,132.0,132.0,0.0
34264,34264,238,22,40,1,0,23,156.0,154.0,154.0,2.0
34265,34265,238,22,50,1,0,23,121.0,120.0,120.0,1.0
34302,34302,239,5,0,1,0,23,0.0,0.0,0.0,0.0
34303,34303,239,5,10,1,0,23,0.0,0.0,0.0,0.0
34304,34304,239,5,20,1,0,23,0.0,0.0,0.0,0.0
34305,34305,239,5,30,1,0,23,0.0,0.0,0.0,0.0
34306,34306,239,5,40,1,0,23,5.0,0.0,0.0,5.0
34307,34307,239,5,50,1,0,23,2.0,1.0,1.0,1.0
34308,34308,239,6,0,1,0,23,5.0,0.0,0.0,5.0
34309,34309,239,6,10,1,0,23,12.0,3.0,3.0,9.0
34310,34310,239,6,20,1,0,23,14.0,5.0,5.0,9.0
34311,34311,239,6,30,1,0,23,14.0,3.0,3.0,11.0
34312,34312,239,6,40,1,0,23,20.0,11.0,11.0,9.0
34313,34313,239,6,50,1,0,23,17.0,8.0,8.0,9.0
34314,34314,239,7,0,1,0,23,22.0,9.0,9.0,13.0
34315,34315,239,7,10,1,0,23,41.0,15.0,15.0,26.0
34316,34316,239,7,20,1,0,23,40.0,16.0,16.0,24.0
34317,34317,239,7,30,1,0,23,30.0,11.0,11.0,19.0
34318,34318,239,7,40,1,0,23,51.0,26.0,26.0,25.0
34319,34319,239,7,50,1,0,23,80.0,36.0,36.0,44.0
34320,34320,239,8,0,1,0,23,102.0,59.0,59.0,43.0
34321,34321,239,8,10,1,0,23,136.0,85.0,85.0,51.0
34322,34322,239,8,20,1,0,23,147.0,101.0,101.0,46.0
34323,34323,239,8,30,1,0,23,200.0,161.0,161.0,39.0
34324,34324,239,8,40,1,0,23,189.0,150.0,150.0,39.0
34325,34325,239,8,50,1,0,23,176.0,139.0,139.0,37.0
34326,34326,239,9,0,1,0,23,97.0,66.0,66.0,31.0
34327,34327,239,9,10,1,0,23,72.0,47.0,47.0,25.0
34328,34328,239,9,20,1,0,23,50.0,36.0,36.0,14.0
34329,34329,239,9,30,1,0,23,55.0,44.0,44.0,11.0
34330,34330,239,9,40,1,0,23,55.0,44.0,44.0,11.0
34331,34331,239,9,50,1,0,23,58.0,45.0,45.0,13.0
34332,34332,239,10,0,1,0,23,40.0,28.0,28.0,12.0
34333,34333,239,10,10,1,0,23,31.0,20.0,20.0,11.0
34334,34334,239,10,20,1,0,23,17.0,12.0,12.0,5.0
34335,34335,239,10,30,1,0,23,24.0,11.0,11.0,13.0
34336,34336,239,10,40,1,0,23,25.0,13.0,13.0,12.0
34337,34337,239,10,50,1,0,23,20.0,14.0,14.0,6.0
34338,34338,239,11,0,1,0,23,19.0,10.0,10.0,9.0
34339,34339,239,11,10,1,0,23,14.0,8.0,8.0,6.0
34340,34340,239,11,20,1,0,23,22.0,15.0,15.0,7.0
34341,34341,239,11,30,1,0,23,30.0,18.0,18.0,12.0
34342,34342,239,11,40,1,0,23,17.0,3.0,3.0,14.0
34343,34343,239,11,50,1,0,23,12.0,5.0,5.0,7.0
34344,34344,239,12,0,1,0,23,31.0,10.0,10.0,21.0
34345,34345,239,12,10,1,0,23,15.0,7.0,7.0,8.0
34346,34346,239,12,20,1,0,23,21.0,11.0,11.0,10.0
34347,34347,239,12,30,1,0,23,21.0,5.0,5.0,16.0
34348,34348,239,12,40,1,0,23,14.0,3.0,3.0,11.0
34349,34349,239,12,50,1,0,23,11.0,4.0,4.0,7.0
34350,34350,239,13,0,1,0,23,25.0,17.0,17.0,8.0
34351,34351,239,13,10,1,0,23,7.0,3.0,3.0,4.0
34352,34352,239,13,20,1,0,23,18.0,10.0,10.0,8.0
34353,34353,239,13,30,1,0,23,22.0,14.0,14.0,8.0
34354,34354,239,13,40,1,0,23,30.0,11.0,11.0,19.0
34355,34355,239,13,50,1,0,23,26.0,9.0,9.0,17.0
34356,34356,239,14,0,1,0,23,14.0,6.0,6.0,8.0
34357,34357,239,14,10,1,0,23,17.0,7.0,7.0,10.0
34358,34358,239,14,20,1,0,23,13.0,6.0,6.0,7.0
34359,34359,239,14,30,1,0,23,18.0,12.0,12.0,6.0
34360,34360,239,14,40,1,0,23,24.0,12.0,12.0,12.0
34361,34361,239,14,50,1,0,23,18.0,8.0,8.0,10.0
34362,34362,239,15,0,1,0,23,14.0,1.0,1.0,13.0
34363,34363,239,15,10,1,0,23,12.0,5.0,5.0,7.0
34364,34364,239,15,20,1,0,23,26.0,9.0,9.0,17.0
34365,34365,239,15,30,1,0,23,22.0,13.0,13.0,9.0
34366,34366,239,15,40,1,0,23,27.0,12.0,12.0,15.0
34367,34367,239,15,50,1,0,23,22.0,7.0,7.0,15.0
34368,34368,239,16,0,1,0,23,25.0,12.0,12.0,13.0
34369,34369,239,16,10,1,0,23,14.0,4.0,4.0,10.0
34370,34370,239,16,20,1,0,23,26.0,6.0,6.0,20.0
34371,34371,239,16,30,1,0,23,24.0,14.0,14.0,10.0
34372,34372,239,16,40,1,0,23,17.0,3.0,3.0,14.0
34373,34373,239,16,50,1,0,23,34.0,13.0,13.0,21.0
34374,34374,239,17,0,1,0,23,36.0,17.0,17.0,19.0
34375,34375,239,17,10,1,0,23,60.0,15.0,15.0,45.0
34376,34376,239,17,20,1,0,23,77.0,25.0,25.0,52.0
34377,34377,239,17,30,1,0,23,111.0,26.0,26.0,85.0
34378,34378,239,17,40,1,0,23,94.0,29.0,29.0,65.0
34379,34379,239,17,50,1,0,23,74.0,37.0,37.0,37.0
34380,34380,239,18,0,1,0,23,54.0,19.0,19.0,35.0
34381,34381,239,18,10,1,0,23,105.0,34.0,34.0,71.0
34382,34382,239,18,20,1,0,23,110.0,23.0,23.0,87.0
34383,34383,239,18,30,1,0,23,109.0,25.0,25.0,84.0
34384,34384,239,18,40,1,0,23,71.0,25.0,25.0,46.0
34385,34385,239,18,50,1,0,23,61.0,20.0,20.0,41.0
34386,34386,239,19,0,1,0,23,60.0,25.0,25.0,35.0
34387,34387,239,19,10,1,0,23,22.0,12.0,12.0,10.0
34388,34388,239,19,20,1,0,23,40.0,12.0,12.0,28.0
34389,34389,239,19,30,1,0,23,30.0,8.0,8.0,22.0
34390,34390,239,19,40,1,0,23,36.0,16.0,16.0,20.0
34391,34391,239,19,50,1,0,23,24.0,10.0,10.0,14.0
34392,34392,239,20,0,1,0,23,20.0,7.0,7.0,13.0
34393,34393,239,20,10,1,0,23,30.0,4.0,4.0,26.0
34394,34394,239,20,20,1,0,23,30.0,11.0,11.0,19.0
34395,34395,239,20,30,1,0,23,15.0,6.0,6.0,9.0
34396,34396,239,20,40,1,0,23,16.0,8.0,8.0,8.0
34397,34397,239,20,50,1,0,23,14.0,10.0,10.0,4.0
34398,34398,239,21,0,1,0,23,14.0,4.0,4.0,10.0
34399,34399,239,21,10,1,0,23,8.0,1.0,1.0,7.0
34400,34400,239,21,20,1,0,23,16.0,3.0,3.0,13.0
34401,34401,239,21,30,1,0,23,18.0,5.0,5.0,13.0
34402,34402,239,21,40,1,0,23,16.0,9.0,9.0,7.0
34403,34403,239,21,50,1,0,23,9.0,8.0,8.0,1.0
34404,34404,239,22,0,1,0,23,14.0,8.0,8.0,6.0
34405,34405,239,22,10,1,0,23,6.0,2.0,2.0,4.0
34406,34406,239,22,20,1,0,23,35.0,4.0,4.0,31.0
34407,34407,239,22,30,1,0,23,11.0,1.0,1.0,10.0
34408,34408,239,22,40,1,0,23,5.0,2.0,2.0,3.0
34409,34409,239,22,50,1,0,23,3.0,3.0,3.0,0.0
34446,34446,240,5,0,1,0,23,0.0,0.0,0.0,0.0
34447,34447,240,5,10,1,0,23,1.0,0.0,0.0,1.0
34448,34448,240,5,20,1,0,23,2.0,0.0,0.0,2.0
34449,34449,240,5,30,1,0,23,1.0,0.0,0.0,1.0
34450,34450,240,5,40,1,0,23,2.0,0.0,0.0,2.0
34451,34451,240,5,50,1,0,23,3.0,0.0,0.0,3.0
34452,34452,240,6,0,1,0,23,4.0,0.0,0.0,4.0
34453,34453,240,6,10,1,0,23,2.0,0.0,0.0,2.0
34454,34454,240,6,20,1,0,23,4.0,0.0,0.0,4.0
34455,34455,240,6,30,1,0,23,60.0,51.0,51.0,9.0
34456,34456,240,6,40,1,0,23,32.0,23.0,23.0,9.0
34457,34457,240,6,50,1,0,23,39.0,27.0,27.0,12.0
34458,34458,240,7,0,1,0,23,60.0,37.0,37.0,23.0
34459,34459,240,7,10,1,0,23,96.0,69.0,69.0,27.0
34460,34460,240,7,20,1,0,23,125.0,99.0,99.0,26.0
34461,34461,240,7,30,1,0,23,144.0,110.0,110.0,34.0
34462,34462,240,7,40,1,0,23,175.0,135.0,135.0,40.0
34463,34463,240,7,50,1,0,23,215.0,177.0,177.0,38.0
34464,34464,240,8,0,1,0,23,285.0,243.0,243.0,42.0
34465,34465,240,8,10,1,0,23,358.0,297.0,297.0,61.0
34466,34466,240,8,20,1,0,23,539.0,503.0,503.0,36.0
34467,34467,240,8,30,1,0,23,571.0,534.0,534.0,37.0
34468,34468,240,8,40,1,0,23,781.0,751.0,751.0,30.0
34469,34469,240,8,50,1,0,23,767.0,739.0,739.0,28.0
34470,34470,240,9,0,1,0,23,587.0,562.0,562.0,25.0
34471,34471,240,9,10,1,0,23,638.0,608.0,608.0,30.0
34472,34472,240,9,20,1,0,23,648.0,618.0,618.0,30.0
34473,34473,240,9,30,1,0,23,489.0,456.0,456.0,33.0
34474,34474,240,9,40,1,0,23,366.0,340.0,340.0,26.0
34475,34475,240,9,50,1,0,23,353.0,322.0,322.0,31.0
34476,34476,240,10,0,1,0,23,362.0,321.0,321.0,41.0
34477,34477,240,10,10,1,0,23,223.0,195.0,195.0,28.0
34478,34478,240,10,20,1,0,23,279.0,239.0,239.0,40.0
34479,34479,240,10,30,1,0,23,281.0,236.0,236.0,45.0
34480,34480,240,10,40,1,0,23,203.0,144.0,144.0,59.0
34481,34481,240,10,50,1,0,23,193.0,140.0,140.0,53.0
34482,34482,240,11,0,1,0,23,216.0,132.0,132.0,84.0
34483,34483,240,11,10,1,0,23,197.0,99.0,99.0,98.0
34484,34484,240,11,20,1,0,23,227.0,144.0,144.0,83.0
34485,34485,240,11,30,1,0,23,215.0,120.0,120.0,95.0
34486,34486,240,11,40,1,0,23,228.0,125.0,125.0,103.0
34487,34487,240,11,50,1,0,23,205.0,99.0,99.0,106.0
34488,34488,240,12,0,1,0,23,197.0,75.0,75.0,122.0
34489,34489,240,12,10,1,0,23,218.0,102.0,102.0,116.0
34490,34490,240,12,20,1,0,23,258.0,129.0,129.0,129.0
34491,34491,240,12,30,1,0,23,242.0,111.0,111.0,131.0
34492,34492,240,12,40,1,0,23,292.0,155.0,155.0,137.0
34493,34493,240,12,50,1,0,23,329.0,162.0,162.0,167.0
34494,34494,240,13,0,1,0,23,210.0,102.0,102.0,108.0
34495,34495,240,13,10,1,0,23,254.0,111.0,111.0,143.0
34496,34496,240,13,20,1,0,23,295.0,170.0,170.0,125.0
34497,34497,240,13,30,1,0,23,289.0,155.0,155.0,134.0
34498,34498,240,13,40,1,0,23,284.0,139.0,139.0,145.0
34499,34499,240,13,50,1,0,23,198.0,91.0,91.0,107.0
34500,34500,240,14,0,1,0,23,255.0,112.0,112.0,143.0
34501,34501,240,14,10,1,0,23,273.0,134.0,134.0,139.0
34502,34502,240,14,20,1,0,23,242.0,104.0,104.0,138.0
34503,34503,240,14,30,1,0,23,219.0,90.0,90.0,129.0
34504,34504,240,14,40,1,0,23,270.0,107.0,107.0,163.0
34505,34505,240,14,50,1,0,23,256.0,68.0,68.0,188.0
34506,34506,240,15,0,1,0,23,199.0,49.0,49.0,150.0
34507,34507,240,15,10,1,0,23,289.0,84.0,84.0,205.0
34508,34508,240,15,20,1,0,23,277.0,57.0,57.0,220.0
34509,34509,240,15,30,1,0,23,256.0,64.0,64.0,192.0
34510,34510,240,15,40,1,0,23,253.0,51.0,51.0,202.0
34511,34511,240,15,50,1,0,23,245.0,45.0,45.0,200.0
34512,34512,240,16,0,1,0,23,248.0,38.0,38.0,210.0
34513,34513,240,16,10,1,0,23,254.0,52.0,52.0,202.0
34514,34514,240,16,20,1,0,23,288.0,57.0,57.0,231.0
34515,34515,240,16,30,1,0,23,326.0,63.0,63.0,263.0
34516,34516,240,16,40,1,0,23,308.0,50.0,50.0,258.0
34517,34517,240,16,50,1,0,23,318.0,45.0,45.0,273.0
34518,34518,240,17,0,1,0,23,506.0,68.0,68.0,438.0
34519,34519,240,17,10,1,0,23,628.0,50.0,50.0,578.0
34520,34520,240,17,20,1,0,23,470.0,55.0,55.0,415.0
34521,34521,240,17,30,1,0,23,556.0,59.0,59.0,497.0
34522,34522,240,17,40,1,0,23,490.0,75.0,75.0,415.0
34523,34523,240,17,50,1,0,23,403.0,60.0,60.0,343.0
34524,34524,240,18,0,1,0,23,467.0,88.0,88.0,379.0
34525,34525,240,18,10,1,0,23,512.0,71.0,71.0,441.0
34526,34526,240,18,20,1,0,23,453.0,101.0,101.0,352.0
34527,34527,240,18,30,1,0,23,397.0,81.0,81.0,316.0
34528,34528,240,18,40,1,0,23,297.0,85.0,85.0,212.0
34529,34529,240,18,50,1,0,23,330.0,95.0,95.0,235.0
34530,34530,240,19,0,1,0,23,261.0,85.0,85.0,176.0
34531,34531,240,19,10,1,0,23,238.0,73.0,73.0,165.0
34532,34532,240,19,20,1,0,23,208.0,67.0,67.0,141.0
34533,34533,240,19,30,1,0,23,197.0,46.0,46.0,151.0
34534,34534,240,19,40,1,0,23,174.0,35.0,35.0,139.0
34535,34535,240,19,50,1,0,23,111.0,21.0,21.0,90.0
34536,34536,240,20,0,1,0,23,143.0,21.0,21.0,122.0
34537,34537,240,20,10,1,0,23,133.0,28.0,28.0,105.0
34538,34538,240,20,20,1,0,23,116.0,13.0,13.0,103.0
34539,34539,240,20,30,1,0,23,122.0,15.0,15.0,107.0
34540,34540,240,20,40,1,0,23,163.0,16.0,16.0,147.0
34541,34541,240,20,50,1,0,23,161.0,13.0,13.0,148.0
34542,34542,240,21,0,1,0,23,166.0,10.0,10.0,156.0
34543,34543,240,21,10,1,0,23,141.0,11.0,11.0,130.0
34544,34544,240,21,20,1,0,23,105.0,9.0,9.0,96.0
34545,34545,240,21,30,1,0,23,114.0,11.0,11.0,103.0
34546,34546,240,21,40,1,0,23,90.0,18.0,18.0,72.0
34547,34547,240,21,50,1,0,23,85.0,8.0,8.0,77.0
34548,34548,240,22,0,1,0,23,172.0,15.0,15.0,157.0
34549,34549,240,22,10,1,0,23,125.0,12.0,12.0,113.0
34550,34550,240,22,20,1,0,23,47.0,7.0,7.0,40.0
34551,34551,240,22,30,1,0,23,4.0,4.0,4.0,0.0
34552,34552,240,22,40,1,0,23,4.0,3.0,3.0,1.0
34553,34553,240,22,50,1,0,23,1.0,1.0,1.0,0.0
34590,34590,241,5,0,1,0,23,1.0,0.0,0.0,1.0
34591,34591,241,5,10,1,0,23,0.0,0.0,0.0,0.0
34592,34592,241,5,20,1,0,23,10.0,0.0,0.0,10.0
34593,34593,241,5,30,1,0,23,18.0,1.0,1.0,17.0
34594,34594,241,5,40,1,0,23,22.0,0.0,0.0,22.0
34595,34595,241,5,50,1,0,23,30.0,1.0,1.0,29.0
34596,34596,241,6,0,1,0,23,53.0,1.0,1.0,52.0
34597,34597,241,6,10,1,0,23,83.0,1.0,1.0,82.0
34598,34598,241,6,20,1,0,23,120.0,15.0,15.0,105.0
34599,34599,241,6,30,1,0,23,194.0,16.0,16.0,178.0
34600,34600,241,6,40,1,0,23,204.0,31.0,31.0,173.0
34601,34601,241,6,50,1,0,23,265.0,40.0,40.0,225.0
34602,34602,241,7,0,1,0,23,322.0,48.0,48.0,274.0
34603,34603,241,7,10,1,0,23,414.0,66.0,66.0,348.0
34604,34604,241,7,20,1,0,23,505.0,67.0,67.0,438.0
34605,34605,241,7,30,1,0,23,657.0,91.0,91.0,566.0
34606,34606,241,7,40,1,0,23,851.0,87.0,87.0,764.0
34607,34607,241,7,50,1,0,23,959.0,71.0,71.0,888.0
34608,34608,241,8,0,1,0,23,1008.0,103.0,103.0,905.0
34609,34609,241,8,10,1,0,23,1081.0,115.0,115.0,966.0
34610,34610,241,8,20,1,0,23,907.0,116.0,116.0,791.0
34611,34611,241,8,30,1,0,23,799.0,107.0,107.0,692.0
34612,34612,241,8,40,1,0,23,720.0,108.0,108.0,612.0
34613,34613,241,8,50,1,0,23,612.0,96.0,96.0,516.0
34614,34614,241,9,0,1,0,23,522.0,72.0,72.0,450.0
34615,34615,241,9,10,1,0,23,394.0,71.0,71.0,323.0
34616,34616,241,9,20,1,0,23,323.0,77.0,77.0,246.0
34617,34617,241,9,30,1,0,23,276.0,51.0,51.0,225.0
34618,34618,241,9,40,1,0,23,200.0,46.0,46.0,154.0
34619,34619,241,9,50,1,0,23,189.0,54.0,54.0,135.0
34620,34620,241,10,0,1,0,23,154.0,47.0,47.0,107.0
34621,34621,241,10,10,1,0,23,167.0,67.0,67.0,100.0
34622,34622,241,10,20,1,0,23,143.0,66.0,66.0,77.0
34623,34623,241,10,30,1,0,23,105.0,33.0,33.0,72.0
34624,34624,241,10,40,1,0,23,126.0,53.0,53.0,73.0
34625,34625,241,10,50,1,0,23,105.0,40.0,40.0,65.0
34626,34626,241,11,0,1,0,23,114.0,54.0,54.0,60.0
34627,34627,241,11,10,1,0,23,97.0,33.0,33.0,64.0
34628,34628,241,11,20,1,0,23,115.0,51.0,51.0,64.0
34629,34629,241,11,30,1,0,23,120.0,53.0,53.0,67.0
34630,34630,241,11,40,1,0,23,98.0,31.0,31.0,67.0
34631,34631,241,11,50,1,0,23,110.0,56.0,56.0,54.0
34632,34632,241,12,0,1,0,23,115.0,54.0,54.0,61.0
34633,34633,241,12,10,1,0,23,121.0,44.0,44.0,77.0
34634,34634,241,12,20,1,0,23,109.0,49.0,49.0,60.0
34635,34635,241,12,30,1,0,23,131.0,51.0,51.0,80.0
34636,34636,241,12,40,1,0,23,123.0,39.0,39.0,84.0
34637,34637,241,12,50,1,0,23,148.0,64.0,64.0,84.0
34638,34638,241,13,0,1,0,23,127.0,74.0,74.0,53.0
34639,34639,241,13,10,1,0,23,101.0,44.0,44.0,57.0
34640,34640,241,13,20,1,0,23,136.0,68.0,68.0,68.0
34641,34641,241,13,30,1,0,23,114.0,64.0,64.0,50.0
34642,34642,241,13,40,1,0,23,78.0,33.0,33.0,45.0
34643,34643,241,13,50,1,0,23,111.0,63.0,63.0,48.0
34644,34644,241,14,0,1,0,23,129.0,59.0,59.0,70.0
34645,34645,241,14,10,1,0,23,114.0,66.0,66.0,48.0
34646,34646,241,14,20,1,0,23,131.0,73.0,73.0,58.0
34647,34647,241,14,30,1,0,23,117.0,48.0,48.0,69.0
34648,34648,241,14,40,1,0,23,126.0,79.0,79.0,47.0
34649,34649,241,14,50,1,0,23,136.0,72.0,72.0,64.0
34650,34650,241,15,0,1,0,23,142.0,88.0,88.0,54.0
34651,34651,241,15,10,1,0,23,116.0,65.0,65.0,51.0
34652,34652,241,15,20,1,0,23,127.0,77.0,77.0,50.0
34653,34653,241,15,30,1,0,23,139.0,76.0,76.0,63.0
34654,34654,241,15,40,1,0,23,178.0,108.0,108.0,70.0
34655,34655,241,15,50,1,0,23,167.0,102.0,102.0,65.0
34656,34656,241,16,0,1,0,23,192.0,105.0,105.0,87.0
34657,34657,241,16,10,1,0,23,232.0,114.0,114.0,118.0
34658,34658,241,16,20,1,0,23,198.0,91.0,91.0,107.0
34659,34659,241,16,30,1,0,23,223.0,137.0,137.0,86.0
34660,34660,241,16,40,1,0,23,230.0,138.0,138.0,92.0
34661,34661,241,16,50,1,0,23,198.0,128.0,128.0,70.0
34662,34662,241,17,0,1,0,23,247.0,150.0,150.0,97.0
34663,34663,241,17,10,1,0,23,369.0,232.0,232.0,137.0
34664,34664,241,17,20,1,0,23,327.0,188.0,188.0,139.0
34665,34665,241,17,30,1,0,23,347.0,264.0,264.0,83.0
34666,34666,241,17,40,1,0,23,429.0,283.0,283.0,146.0
34667,34667,241,17,50,1,0,23,470.0,328.0,328.0,142.0
34668,34668,241,18,0,1,0,23,414.0,328.0,328.0,86.0
34669,34669,241,18,10,1,0,23,615.0,531.0,531.0,84.0
34670,34670,241,18,20,1,0,23,501.0,401.0,401.0,100.0
34671,34671,241,18,30,1,0,23,608.0,541.0,541.0,67.0
34672,34672,241,18,40,1,0,23,593.0,504.0,504.0,89.0
34673,34673,241,18,50,1,0,23,535.0,483.0,483.0,52.0
34674,34674,241,19,0,1,0,23,478.0,429.0,429.0,49.0
34675,34675,241,19,10,1,0,23,371.0,321.0,321.0,50.0
34676,34676,241,19,20,1,0,23,306.0,269.0,269.0,37.0
34677,34677,241,19,30,1,0,23,368.0,323.0,323.0,45.0
34678,34678,241,19,40,1,0,23,244.0,197.0,197.0,47.0
34679,34679,241,19,50,1,0,23,211.0,171.0,171.0,40.0
34680,34680,241,20,0,1,0,23,211.0,169.0,169.0,42.0
34681,34681,241,20,10,1,0,23,241.0,176.0,176.0,65.0
34682,34682,241,20,20,1,0,23,219.0,174.0,174.0,45.0
34683,34683,241,20,30,1,0,23,184.0,145.0,145.0,39.0
34684,34684,241,20,40,1,0,23,188.0,153.0,153.0,35.0
34685,34685,241,20,50,1,0,23,206.0,173.0,173.0,33.0
34686,34686,241,21,0,1,0,23,195.0,156.0,156.0,39.0
34687,34687,241,21,10,1,0,23,204.0,157.0,157.0,47.0
34688,34688,241,21,20,1,0,23,206.0,164.0,164.0,42.0
34689,34689,241,21,30,1,0,23,163.0,133.0,133.0,30.0
34690,34690,241,21,40,1,0,23,162.0,135.0,135.0,27.0
34691,34691,241,21,50,1,0,23,196.0,168.0,168.0,28.0
34692,34692,241,22,0,1,0,23,125.0,109.0,109.0,16.0
34693,34693,241,22,10,1,0,23,149.0,126.0,126.0,23.0
34694,34694,241,22,20,1,0,23,135.0,118.0,118.0,17.0
34695,34695,241,22,30,1,0,23,110.0,102.0,102.0,8.0
34696,34696,241,22,40,1,0,23,96.0,95.0,95.0,1.0
34697,34697,241,22,50,1,0,23,67.0,66.0,66.0,1.0
34734,34734,242,5,0,1,0,23,0.0,0.0,0.0,0.0
34735,34735,242,5,10,1,0,23,0.0,0.0,0.0,0.0
34736,34736,242,5,20,1,0,23,0.0,0.0,0.0,0.0
34737,34737,242,5,30,1,0,23,2.0,0.0,0.0,2.0
34738,34738,242,5,40,1,0,23,7.0,0.0,0.0,7.0
34739,34739,242,5,50,1,0,23,26.0,1.0,1.0,25.0
34740,34740,242,6,0,1,0,23,53.0,23.0,23.0,30.0
34741,34741,242,6,10,1,0,23,56.0,33.0,33.0,23.0
34742,34742,242,6,20,1,0,23,69.0,51.0,51.0,18.0
34743,34743,242,6,30,1,0,23,74.0,62.0,62.0,12.0
34744,34744,242,6,40,1,0,23,136.0,105.0,105.0,31.0
34745,34745,242,6,50,1,0,23,162.0,135.0,135.0,27.0
34746,34746,242,7,0,1,0,23,228.0,189.0,189.0,39.0
34747,34747,242,7,10,1,0,23,356.0,300.0,300.0,56.0
34748,34748,242,7,20,1,0,23,358.0,303.0,303.0,55.0
34749,34749,242,7,30,1,0,23,357.0,311.0,311.0,46.0
34750,34750,242,7,40,1,0,23,392.0,337.0,337.0,55.0
34751,34751,242,7,50,1,0,23,558.0,489.0,489.0,69.0
34752,34752,242,8,0,1,0,23,760.0,659.0,659.0,101.0
34753,34753,242,8,10,1,0,23,939.0,839.0,839.0,100.0
34754,34754,242,8,20,1,0,23,1337.0,1242.0,1242.0,95.0
34755,34755,242,8,30,1,0,23,1355.0,1272.0,1272.0,83.0
34756,34756,242,8,40,1,0,23,1769.0,1692.0,1692.0,77.0
34757,34757,242,8,50,1,0,23,2135.0,2036.0,2036.0,99.0
34758,34758,242,9,0,1,0,23,1728.0,1643.0,1643.0,85.0
34759,34759,242,9,10,1,0,23,1503.0,1433.0,1433.0,70.0
34760,34760,242,9,20,1,0,23,1425.0,1354.0,1354.0,71.0
34761,34761,242,9,30,1,0,23,1153.0,1067.0,1067.0,86.0
34762,34762,242,9,40,1,0,23,860.0,793.0,793.0,67.0
34763,34763,242,9,50,1,0,23,650.0,583.0,583.0,67.0
34764,34764,242,10,0,1,0,23,524.0,446.0,446.0,78.0
34765,34765,242,10,10,1,0,23,409.0,343.0,343.0,66.0
34766,34766,242,10,20,1,0,23,451.0,366.0,366.0,85.0
34767,34767,242,10,30,1,0,23,351.0,266.0,266.0,85.0
34768,34768,242,10,40,1,0,23,282.0,186.0,186.0,96.0
34769,34769,242,10,50,1,0,23,315.0,242.0,242.0,73.0
34770,34770,242,11,0,1,0,23,309.0,203.0,203.0,106.0
34771,34771,242,11,10,1,0,23,287.0,198.0,198.0,89.0
34772,34772,242,11,20,1,0,23,255.0,159.0,159.0,96.0
34773,34773,242,11,30,1,0,23,283.0,171.0,171.0,112.0
34774,34774,242,11,40,1,0,23,316.0,191.0,191.0,125.0
34775,34775,242,11,50,1,0,23,340.0,202.0,202.0,138.0
34776,34776,242,12,0,1,0,23,302.0,176.0,176.0,126.0
34777,34777,242,12,10,1,0,23,356.0,202.0,202.0,154.0
34778,34778,242,12,20,1,0,23,276.0,133.0,133.0,143.0
34779,34779,242,12,30,1,0,23,287.0,154.0,154.0,133.0
34780,34780,242,12,40,1,0,23,352.0,222.0,222.0,130.0
34781,34781,242,12,50,1,0,23,330.0,215.0,215.0,115.0
34782,34782,242,13,0,1,0,23,390.0,245.0,245.0,145.0
34783,34783,242,13,10,1,0,23,346.0,199.0,199.0,147.0
34784,34784,242,13,20,1,0,23,319.0,194.0,194.0,125.0
34785,34785,242,13,30,1,0,23,316.0,169.0,169.0,147.0
34786,34786,242,13,40,1,0,23,352.0,206.0,206.0,146.0
34787,34787,242,13,50,1,0,23,306.0,162.0,162.0,144.0
34788,34788,242,14,0,1,0,23,328.0,162.0,162.0,166.0
34789,34789,242,14,10,1,0,23,272.0,117.0,117.0,155.0
34790,34790,242,14,20,1,0,23,318.0,142.0,142.0,176.0
34791,34791,242,14,30,1,0,23,380.0,179.0,179.0,201.0
34792,34792,242,14,40,1,0,23,331.0,137.0,137.0,194.0
34793,34793,242,14,50,1,0,23,311.0,141.0,141.0,170.0
34794,34794,242,15,0,1,0,23,280.0,105.0,105.0,175.0
34795,34795,242,15,10,1,0,23,290.0,99.0,99.0,191.0
34796,34796,242,15,20,1,0,23,313.0,121.0,121.0,192.0
34797,34797,242,15,30,1,0,23,321.0,141.0,141.0,180.0
34798,34798,242,15,40,1,0,23,301.0,125.0,125.0,176.0
34799,34799,242,15,50,1,0,23,338.0,139.0,139.0,199.0
34800,34800,242,16,0,1,0,23,330.0,122.0,122.0,208.0
34801,34801,242,16,10,1,0,23,310.0,88.0,88.0,222.0
34802,34802,242,16,20,1,0,23,403.0,105.0,105.0,298.0
34803,34803,242,16,30,1,0,23,408.0,107.0,107.0,301.0
34804,34804,242,16,40,1,0,23,466.0,138.0,138.0,328.0
34805,34805,242,16,50,1,0,23,452.0,108.0,108.0,344.0
34806,34806,242,17,0,1,0,23,630.0,143.0,143.0,487.0
34807,34807,242,17,10,1,0,23,811.0,109.0,109.0,702.0
34808,34808,242,17,20,1,0,23,750.0,145.0,145.0,605.0
34809,34809,242,17,30,1,0,23,874.0,225.0,225.0,649.0
34810,34810,242,17,40,1,0,23,1181.0,193.0,193.0,988.0
34811,34811,242,17,50,1,0,23,1105.0,213.0,213.0,892.0
34812,34812,242,18,0,1,0,23,1214.0,232.0,232.0,982.0
34813,34813,242,18,10,1,0,23,1649.0,253.0,253.0,1396.0
34814,34814,242,18,20,1,0,23,1382.0,205.0,205.0,1177.0
34815,34815,242,18,30,1,0,23,1183.0,254.0,254.0,929.0
34816,34816,242,18,40,1,0,23,1129.0,221.0,221.0,908.0
34817,34817,242,18,50,1,0,23,904.0,179.0,179.0,725.0
34818,34818,242,19,0,1,0,23,800.0,180.0,180.0,620.0
34819,34819,242,19,10,1,0,23,699.0,141.0,141.0,558.0
34820,34820,242,19,20,1,0,23,585.0,114.0,114.0,471.0
34821,34821,242,19,30,1,0,23,470.0,101.0,101.0,369.0
34822,34822,242,19,40,1,0,23,471.0,87.0,87.0,384.0
34823,34823,242,19,50,1,0,23,405.0,79.0,79.0,326.0
34824,34824,242,20,0,1,0,23,422.0,64.0,64.0,358.0
34825,34825,242,20,10,1,0,23,405.0,48.0,48.0,357.0
34826,34826,242,20,20,1,0,23,377.0,40.0,40.0,337.0
34827,34827,242,20,30,1,0,23,411.0,47.0,47.0,364.0
34828,34828,242,20,40,1,0,23,334.0,59.0,59.0,275.0
34829,34829,242,20,50,1,0,23,311.0,43.0,43.0,268.0
34830,34830,242,21,0,1,0,23,379.0,49.0,49.0,330.0
34831,34831,242,21,10,1,0,23,376.0,39.0,39.0,337.0
34832,34832,242,21,20,1,0,23,349.0,31.0,31.0,318.0
34833,34833,242,21,30,1,0,23,297.0,51.0,51.0,246.0
34834,34834,242,21,40,1,0,23,275.0,37.0,37.0,238.0
34835,34835,242,21,50,1,0,23,308.0,27.0,27.0,281.0
34836,34836,242,22,0,1,0,23,412.0,21.0,21.0,391.0
34837,34837,242,22,10,1,0,23,494.0,28.0,28.0,466.0
34838,34838,242,22,20,1,0,23,304.0,23.0,23.0,281.0
34839,34839,242,22,30,1,0,23,185.0,38.0,38.0,147.0
34840,34840,242,22,40,1,0,23,100.0,17.0,17.0,83.0
34841,34841,242,22,50,1,0,23,58.0,4.0,4.0,54.0
34878,34878,243,5,0,1,0,23,1.0,0.0,0.0,1.0
34879,34879,243,5,10,1,0,23,0.0,0.0,0.0,0.0
34880,34880,243,5,20,1,0,23,2.0,0.0,0.0,2.0
34881,34881,243,5,30,1,0,23,11.0,0.0,0.0,11.0
34882,34882,243,5,40,1,0,23,29.0,2.0,2.0,27.0
34883,34883,243,5,50,1,0,23,34.0,3.0,3.0,31.0
34884,34884,243,6,0,1,0,23,44.0,8.0,8.0,36.0
34885,34885,243,6,10,1,0,23,71.0,12.0,12.0,59.0
34886,34886,243,6,20,1,0,23,76.0,13.0,13.0,63.0
34887,34887,243,6,30,1,0,23,108.0,13.0,13.0,95.0
34888,34888,243,6,40,1,0,23,170.0,45.0,45.0,125.0
34889,34889,243,6,50,1,0,23,190.0,35.0,35.0,155.0
34890,34890,243,7,0,1,0,23,230.0,61.0,61.0,169.0
34891,34891,243,7,10,1,0,23,268.0,63.0,63.0,205.0
34892,34892,243,7,20,1,0,23,286.0,61.0,61.0,225.0
34893,34893,243,7,30,1,0,23,289.0,82.0,82.0,207.0
34894,34894,243,7,40,1,0,23,316.0,95.0,95.0,221.0
34895,34895,243,7,50,1,0,23,425.0,118.0,118.0,307.0
34896,34896,243,8,0,1,0,23,447.0,161.0,161.0,286.0
34897,34897,243,8,10,1,0,23,526.0,242.0,242.0,284.0
34898,34898,243,8,20,1,0,23,432.0,147.0,147.0,285.0
34899,34899,243,8,30,1,0,23,683.0,388.0,388.0,295.0
34900,34900,243,8,40,1,0,23,668.0,392.0,392.0,276.0
34901,34901,243,8,50,1,0,23,525.0,306.0,306.0,219.0
34902,34902,243,9,0,1,0,23,492.0,318.0,318.0,174.0
34903,34903,243,9,10,1,0,23,437.0,277.0,277.0,160.0
34904,34904,243,9,20,1,0,23,371.0,202.0,202.0,169.0
34905,34905,243,9,30,1,0,23,322.0,177.0,177.0,145.0
34906,34906,243,9,40,1,0,23,328.0,195.0,195.0,133.0
34907,34907,243,9,50,1,0,23,243.0,134.0,134.0,109.0
34908,34908,243,10,0,1,0,23,208.0,113.0,113.0,95.0
34909,34909,243,10,10,1,0,23,206.0,108.0,108.0,98.0
34910,34910,243,10,20,1,0,23,154.0,91.0,91.0,63.0
34911,34911,243,10,30,1,0,23,165.0,82.0,82.0,83.0
34912,34912,243,10,40,1,0,23,138.0,67.0,67.0,71.0
34913,34913,243,10,50,1,0,23,100.0,42.0,42.0,58.0
34914,34914,243,11,0,1,0,23,145.0,75.0,75.0,70.0
34915,34915,243,11,10,1,0,23,125.0,51.0,51.0,74.0
34916,34916,243,11,20,1,0,23,135.0,62.0,62.0,73.0
34917,34917,243,11,30,1,0,23,118.0,55.0,55.0,63.0
34918,34918,243,11,40,1,0,23,121.0,50.0,50.0,71.0
34919,34919,243,11,50,1,0,23,143.0,65.0,65.0,78.0
34920,34920,243,12,0,1,0,23,153.0,61.0,61.0,92.0
34921,34921,243,12,10,1,0,23,150.0,58.0,58.0,92.0
34922,34922,243,12,20,1,0,23,113.0,51.0,51.0,62.0
34923,34923,243,12,30,1,0,23,99.0,30.0,30.0,69.0
34924,34924,243,12,40,1,0,23,153.0,65.0,65.0,88.0
34925,34925,243,12,50,1,0,23,161.0,79.0,79.0,82.0
34926,34926,243,13,0,1,0,23,146.0,75.0,75.0,71.0
34927,34927,243,13,10,1,0,23,149.0,65.0,65.0,84.0
34928,34928,243,13,20,1,0,23,127.0,50.0,50.0,77.0
34929,34929,243,13,30,1,0,23,97.0,33.0,33.0,64.0
34930,34930,243,13,40,1,0,23,164.0,86.0,86.0,78.0
34931,34931,243,13,50,1,0,23,157.0,75.0,75.0,82.0
34932,34932,243,14,0,1,0,23,152.0,85.0,85.0,67.0
34933,34933,243,14,10,1,0,23,140.0,80.0,80.0,60.0
34934,34934,243,14,20,1,0,23,104.0,36.0,36.0,68.0
34935,34935,243,14,30,1,0,23,131.0,81.0,81.0,50.0
34936,34936,243,14,40,1,0,23,194.0,114.0,114.0,80.0
34937,34937,243,14,50,1,0,23,138.0,77.0,77.0,61.0
34938,34938,243,15,0,1,0,23,149.0,92.0,92.0,57.0
34939,34939,243,15,10,1,0,23,150.0,83.0,83.0,67.0
34940,34940,243,15,20,1,0,23,141.0,67.0,67.0,74.0
34941,34941,243,15,30,1,0,23,187.0,114.0,114.0,73.0
34942,34942,243,15,40,1,0,23,163.0,98.0,98.0,65.0
34943,34943,243,15,50,1,0,23,175.0,113.0,113.0,62.0
34944,34944,243,16,0,1,0,23,165.0,83.0,83.0,82.0
34945,34945,243,16,10,1,0,23,188.0,106.0,106.0,82.0
34946,34946,243,16,20,1,0,23,135.0,58.0,58.0,77.0
34947,34947,243,16,30,1,0,23,212.0,93.0,93.0,119.0
34948,34948,243,16,40,1,0,23,246.0,122.0,122.0,124.0
34949,34949,243,16,50,1,0,23,255.0,132.0,132.0,123.0
34950,34950,243,17,0,1,0,23,383.0,143.0,143.0,240.0
34951,34951,243,17,10,1,0,23,382.0,154.0,154.0,228.0
34952,34952,243,17,20,1,0,23,313.0,167.0,167.0,146.0
34953,34953,243,17,30,1,0,23,458.0,178.0,178.0,280.0
34954,34954,243,17,40,1,0,23,404.0,195.0,195.0,209.0
34955,34955,243,17,50,1,0,23,441.0,272.0,272.0,169.0
34956,34956,243,18,0,1,0,23,498.0,235.0,235.0,263.0
34957,34957,243,18,10,1,0,23,502.0,216.0,216.0,286.0
34958,34958,243,18,20,1,0,23,457.0,267.0,267.0,190.0
34959,34959,243,18,30,1,0,23,459.0,218.0,218.0,241.0
34960,34960,243,18,40,1,0,23,525.0,300.0,300.0,225.0
34961,34961,243,18,50,1,0,23,385.0,230.0,230.0,155.0
34962,34962,243,19,0,1,0,23,306.0,208.0,208.0,98.0
34963,34963,243,19,10,1,0,23,291.0,179.0,179.0,112.0
34964,34964,243,19,20,1,0,23,241.0,152.0,152.0,89.0
34965,34965,243,19,30,1,0,23,223.0,121.0,121.0,102.0
34966,34966,243,19,40,1,0,23,202.0,126.0,126.0,76.0
34967,34967,243,19,50,1,0,23,208.0,144.0,144.0,64.0
34968,34968,243,20,0,1,0,23,199.0,97.0,97.0,102.0
34969,34969,243,20,10,1,0,23,227.0,128.0,128.0,99.0
34970,34970,243,20,20,1,0,23,145.0,80.0,80.0,65.0
34971,34971,243,20,30,1,0,23,167.0,99.0,99.0,68.0
34972,34972,243,20,40,1,0,23,141.0,83.0,83.0,58.0
34973,34973,243,20,50,1,0,23,145.0,104.0,104.0,41.0
34974,34974,243,21,0,1,0,23,154.0,94.0,94.0,60.0
34975,34975,243,21,10,1,0,23,171.0,109.0,109.0,62.0
34976,34976,243,21,20,1,0,23,160.0,93.0,93.0,67.0
34977,34977,243,21,30,1,0,23,143.0,109.0,109.0,34.0
34978,34978,243,21,40,1,0,23,132.0,93.0,93.0,39.0
34979,34979,243,21,50,1,0,23,121.0,87.0,87.0,34.0
34980,34980,243,22,0,1,0,23,132.0,101.0,101.0,31.0
34981,34981,243,22,10,1,0,23,105.0,82.0,82.0,23.0
34982,34982,243,22,20,1,0,23,125.0,106.0,106.0,19.0
34983,34983,243,22,30,1,0,23,95.0,76.0,76.0,19.0
34984,34984,243,22,40,1,0,23,73.0,62.0,62.0,11.0
34985,34985,243,22,50,1,0,23,50.0,47.0,47.0,3.0
35022,35022,244,5,0,1,0,23,0.0,0.0,0.0,0.0
35023,35023,244,5,10,1,0,23,0.0,0.0,0.0,0.0
35024,35024,244,5,20,1,0,23,22.0,1.0,1.0,21.0
35025,35025,244,5,30,1,0,23,34.0,0.0,0.0,34.0
35026,35026,244,5,40,1,0,23,51.0,0.0,0.0,51.0
35027,35027,244,5,50,1,0,23,84.0,0.0,0.0,84.0
35028,35028,244,6,0,1,0,23,101.0,1.0,1.0,100.0
35029,35029,244,6,10,1,0,23,90.0,0.0,0.0,90.0
35030,35030,244,6,20,1,0,23,97.0,1.0,1.0,96.0
35031,35031,244,6,30,1,0,23,115.0,6.0,6.0,109.0
35032,35032,244,6,40,1,0,23,171.0,50.0,50.0,121.0
35033,35033,244,6,50,1,0,23,164.0,18.0,18.0,146.0
35034,35034,244,7,0,1,0,23,243.0,33.0,33.0,210.0
35035,35035,244,7,10,1,0,23,282.0,18.0,18.0,264.0
35036,35036,244,7,20,1,0,23,351.0,27.0,27.0,324.0
35037,35037,244,7,30,1,0,23,428.0,50.0,50.0,378.0
35038,35038,244,7,40,1,0,23,462.0,40.0,40.0,422.0
35039,35039,244,7,50,1,0,23,445.0,45.0,45.0,400.0
35040,35040,244,8,0,1,0,23,379.0,38.0,38.0,341.0
35041,35041,244,8,10,1,0,23,397.0,51.0,51.0,346.0
35042,35042,244,8,20,1,0,23,347.0,65.0,65.0,282.0
35043,35043,244,8,30,1,0,23,225.0,50.0,50.0,175.0
35044,35044,244,8,40,1,0,23,159.0,18.0,18.0,141.0
35045,35045,244,8,50,1,0,23,180.0,38.0,38.0,142.0
35046,35046,244,9,0,1,0,23,135.0,22.0,22.0,113.0
35047,35047,244,9,10,1,0,23,117.0,22.0,22.0,95.0
35048,35048,244,9,20,1,0,23,108.0,28.0,28.0,80.0
35049,35049,244,9,30,1,0,23,102.0,28.0,28.0,74.0
35050,35050,244,9,40,1,0,23,79.0,22.0,22.0,57.0
35051,35051,244,9,50,1,0,23,102.0,25.0,25.0,77.0
35052,35052,244,10,0,1,0,23,78.0,25.0,25.0,53.0
35053,35053,244,10,10,1,0,23,78.0,33.0,33.0,45.0
35054,35054,244,10,20,1,0,23,64.0,25.0,25.0,39.0
35055,35055,244,10,30,1,0,23,61.0,19.0,19.0,42.0
35056,35056,244,10,40,1,0,23,55.0,20.0,20.0,35.0
35057,35057,244,10,50,1,0,23,59.0,17.0,17.0,42.0
35058,35058,244,11,0,1,0,23,60.0,15.0,15.0,45.0
35059,35059,244,11,10,1,0,23,69.0,14.0,14.0,55.0
35060,35060,244,11,20,1,0,23,64.0,18.0,18.0,46.0
35061,35061,244,11,30,1,0,23,56.0,24.0,24.0,32.0
35062,35062,244,11,40,1,0,23,60.0,19.0,19.0,41.0
35063,35063,244,11,50,1,0,23,75.0,32.0,32.0,43.0
35064,35064,244,12,0,1,0,23,64.0,23.0,23.0,41.0
35065,35065,244,12,10,1,0,23,79.0,28.0,28.0,51.0
35066,35066,244,12,20,1,0,23,34.0,3.0,3.0,31.0
35067,35067,244,12,30,1,0,23,67.0,26.0,26.0,41.0
35068,35068,244,12,40,1,0,23,51.0,13.0,13.0,38.0
35069,35069,244,12,50,1,0,23,66.0,38.0,38.0,28.0
35070,35070,244,13,0,1,0,23,64.0,34.0,34.0,30.0
35071,35071,244,13,10,1,0,23,62.0,29.0,29.0,33.0
35072,35072,244,13,20,1,0,23,61.0,27.0,27.0,34.0
35073,35073,244,13,30,1,0,23,82.0,31.0,31.0,51.0
35074,35074,244,13,40,1,0,23,62.0,35.0,35.0,27.0
35075,35075,244,13,50,1,0,23,48.0,23.0,23.0,25.0
35076,35076,244,14,0,1,0,23,50.0,26.0,26.0,24.0
35077,35077,244,14,10,1,0,23,26.0,2.0,2.0,24.0
35078,35078,244,14,20,1,0,23,56.0,23.0,23.0,33.0
35079,35079,244,14,30,1,0,23,41.0,22.0,22.0,19.0
35080,35080,244,14,40,1,0,23,73.0,39.0,39.0,34.0
35081,35081,244,14,50,1,0,23,68.0,38.0,38.0,30.0
35082,35082,244,15,0,1,0,23,69.0,38.0,38.0,31.0
35083,35083,244,15,10,1,0,23,53.0,28.0,28.0,25.0
35084,35084,244,15,20,1,0,23,66.0,43.0,43.0,23.0
35085,35085,244,15,30,1,0,23,68.0,40.0,40.0,28.0
35086,35086,244,15,40,1,0,23,79.0,28.0,28.0,51.0
35087,35087,244,15,50,1,0,23,68.0,45.0,45.0,23.0
35088,35088,244,16,0,1,0,23,75.0,57.0,57.0,18.0
35089,35089,244,16,10,1,0,23,64.0,38.0,38.0,26.0
35090,35090,244,16,20,1,0,23,163.0,118.0,118.0,45.0
35091,35091,244,16,30,1,0,23,82.0,36.0,36.0,46.0
35092,35092,244,16,40,1,0,23,135.0,83.0,83.0,52.0
35093,35093,244,16,50,1,0,23,110.0,70.0,70.0,40.0
35094,35094,244,17,0,1,0,23,103.0,72.0,72.0,31.0
35095,35095,244,17,10,1,0,23,124.0,96.0,96.0,28.0
35096,35096,244,17,20,1,0,23,80.0,55.0,55.0,25.0
35097,35097,244,17,30,1,0,23,79.0,53.0,53.0,26.0
35098,35098,244,17,40,1,0,23,218.0,186.0,186.0,32.0
35099,35099,244,17,50,1,0,23,146.0,122.0,122.0,24.0
35100,35100,244,18,0,1,0,23,241.0,217.0,217.0,24.0
35101,35101,244,18,10,1,0,23,131.0,113.0,113.0,18.0
35102,35102,244,18,20,1,0,23,179.0,162.0,162.0,17.0
35103,35103,244,18,30,1,0,23,282.0,246.0,246.0,36.0
35104,35104,244,18,40,1,0,23,215.0,189.0,189.0,26.0
35105,35105,244,18,50,1,0,23,337.0,319.0,319.0,18.0
35106,35106,244,19,0,1,0,23,183.0,159.0,159.0,24.0
35107,35107,244,19,10,1,0,23,175.0,153.0,153.0,22.0
35108,35108,244,19,20,1,0,23,258.0,243.0,243.0,15.0
35109,35109,244,19,30,1,0,23,176.0,166.0,166.0,10.0
35110,35110,244,19,40,1,0,23,156.0,149.0,149.0,7.0
35111,35111,244,19,50,1,0,23,138.0,116.0,116.0,22.0
35112,35112,244,20,0,1,0,23,163.0,153.0,153.0,10.0
35113,35113,244,20,10,1,0,23,85.0,63.0,63.0,22.0
35114,35114,244,20,20,1,0,23,106.0,99.0,99.0,7.0
35115,35115,244,20,30,1,0,23,126.0,117.0,117.0,9.0
35116,35116,244,20,40,1,0,23,48.0,39.0,39.0,9.0
35117,35117,244,20,50,1,0,23,91.0,79.0,79.0,12.0
35118,35118,244,21,0,1,0,23,75.0,68.0,68.0,7.0
35119,35119,244,21,10,1,0,23,142.0,134.0,134.0,8.0
35120,35120,244,21,20,1,0,23,116.0,109.0,109.0,7.0
35121,35121,244,21,30,1,0,23,112.0,100.0,100.0,12.0
35122,35122,244,21,40,1,0,23,97.0,89.0,89.0,8.0
35123,35123,244,21,50,1,0,23,43.0,33.0,33.0,10.0
35124,35124,244,22,0,1,0,23,116.0,97.0,97.0,19.0
35125,35125,244,22,10,1,0,23,78.0,71.0,71.0,7.0
35126,35126,244,22,20,1,0,23,91.0,91.0,91.0,0.0
35127,35127,244,22,30,1,0,23,81.0,81.0,81.0,0.0
35128,35128,244,22,40,1,0,23,68.0,68.0,68.0,0.0
35129,35129,244,22,50,1,0,23,72.0,72.0,72.0,0.0
35166,35166,245,5,0,1,0,23,0.0,0.0,0.0,0.0
35167,35167,245,5,10,1,0,23,0.0,0.0,0.0,0.0
35168,35168,245,5,20,1,0,23,0.0,0.0,0.0,0.0
35169,35169,245,5,30,1,0,23,4.0,1.0,1.0,3.0
35170,35170,245,5,40,1,0,23,11.0,0.0,0.0,11.0
35171,35171,245,5,50,1,0,23,6.0,2.0,2.0,4.0
35172,35172,245,6,0,1,0,23,27.0,12.0,12.0,15.0
35173,35173,245,6,10,1,0,23,22.0,7.0,7.0,15.0
35174,35174,245,6,20,1,0,23,29.0,14.0,14.0,15.0
35175,35175,245,6,30,1,0,23,80.0,45.0,45.0,35.0
35176,35176,245,6,40,1,0,23,95.0,42.0,42.0,53.0
35177,35177,245,6,50,1,0,23,96.0,33.0,33.0,63.0
35178,35178,245,7,0,1,0,23,120.0,59.0,59.0,61.0
35179,35179,245,7,10,1,0,23,140.0,51.0,51.0,89.0
35180,35180,245,7,20,1,0,23,204.0,95.0,95.0,109.0
35181,35181,245,7,30,1,0,23,230.0,105.0,105.0,125.0
35182,35182,245,7,40,1,0,23,302.0,168.0,168.0,134.0
35183,35183,245,7,50,1,0,23,263.0,138.0,138.0,125.0
35184,35184,245,8,0,1,0,23,469.0,284.0,284.0,185.0
35185,35185,245,8,10,1,0,23,541.0,354.0,354.0,187.0
35186,35186,245,8,20,1,0,23,417.0,271.0,271.0,146.0
35187,35187,245,8,30,1,0,23,571.0,432.0,432.0,139.0
35188,35188,245,8,40,1,0,23,696.0,561.0,561.0,135.0
35189,35189,245,8,50,1,0,23,647.0,520.0,520.0,127.0
35190,35190,245,9,0,1,0,23,451.0,336.0,336.0,115.0
35191,35191,245,9,10,1,0,23,346.0,249.0,249.0,97.0
35192,35192,245,9,20,1,0,23,421.0,318.0,318.0,103.0
35193,35193,245,9,30,1,0,23,316.0,229.0,229.0,87.0
35194,35194,245,9,40,1,0,23,228.0,154.0,154.0,74.0
35195,35195,245,9,50,1,0,23,158.0,100.0,100.0,58.0
35196,35196,245,10,0,1,0,23,127.0,90.0,90.0,37.0
35197,35197,245,10,10,1,0,23,139.0,86.0,86.0,53.0
35198,35198,245,10,20,1,0,23,132.0,88.0,88.0,44.0
35199,35199,245,10,30,1,0,23,118.0,79.0,79.0,39.0
35200,35200,245,10,40,1,0,23,153.0,98.0,98.0,55.0
35201,35201,245,10,50,1,0,23,100.0,66.0,66.0,34.0
35202,35202,245,11,0,1,0,23,80.0,41.0,41.0,39.0
35203,35203,245,11,10,1,0,23,102.0,58.0,58.0,44.0
35204,35204,245,11,20,1,0,23,101.0,50.0,50.0,51.0
35205,35205,245,11,30,1,0,23,96.0,48.0,48.0,48.0
35206,35206,245,11,40,1,0,23,97.0,42.0,42.0,55.0
35207,35207,245,11,50,1,0,23,105.0,43.0,43.0,62.0
35208,35208,245,12,0,1,0,23,91.0,36.0,36.0,55.0
35209,35209,245,12,10,1,0,23,103.0,42.0,42.0,61.0
35210,35210,245,12,20,1,0,23,92.0,41.0,41.0,51.0
35211,35211,245,12,30,1,0,23,122.0,64.0,64.0,58.0
35212,35212,245,12,40,1,0,23,114.0,56.0,56.0,58.0
35213,35213,245,12,50,1,0,23,93.0,39.0,39.0,54.0
35214,35214,245,13,0,1,0,23,133.0,59.0,59.0,74.0
35215,35215,245,13,10,1,0,23,130.0,77.0,77.0,53.0
35216,35216,245,13,20,1,0,23,115.0,55.0,55.0,60.0
35217,35217,245,13,30,1,0,23,162.0,71.0,71.0,91.0
35218,35218,245,13,40,1,0,23,93.0,48.0,48.0,45.0
35219,35219,245,13,50,1,0,23,103.0,57.0,57.0,46.0
35220,35220,245,14,0,1,0,23,110.0,54.0,54.0,56.0
35221,35221,245,14,10,1,0,23,114.0,65.0,65.0,49.0
35222,35222,245,14,20,1,0,23,124.0,65.0,65.0,59.0
35223,35223,245,14,30,1,0,23,115.0,46.0,46.0,69.0
35224,35224,245,14,40,1,0,23,100.0,32.0,32.0,68.0
35225,35225,245,14,50,1,0,23,107.0,56.0,56.0,51.0
35226,35226,245,15,0,1,0,23,111.0,51.0,51.0,60.0
35227,35227,245,15,10,1,0,23,120.0,53.0,53.0,67.0
35228,35228,245,15,20,1,0,23,113.0,48.0,48.0,65.0
35229,35229,245,15,30,1,0,23,115.0,48.0,48.0,67.0
35230,35230,245,15,40,1,0,23,138.0,51.0,51.0,87.0
35231,35231,245,15,50,1,0,23,181.0,92.0,92.0,89.0
35232,35232,245,16,0,1,0,23,157.0,79.0,79.0,78.0
35233,35233,245,16,10,1,0,23,172.0,55.0,55.0,117.0
35234,35234,245,16,20,1,0,23,163.0,50.0,50.0,113.0
35235,35235,245,16,30,1,0,23,178.0,63.0,63.0,115.0
35236,35236,245,16,40,1,0,23,164.0,66.0,66.0,98.0
35237,35237,245,16,50,1,0,23,207.0,75.0,75.0,132.0
35238,35238,245,17,0,1,0,23,287.0,66.0,66.0,221.0
35239,35239,245,17,10,1,0,23,375.0,77.0,77.0,298.0
35240,35240,245,17,20,1,0,23,334.0,118.0,118.0,216.0
35241,35241,245,17,30,1,0,23,388.0,155.0,155.0,233.0
35242,35242,245,17,40,1,0,23,376.0,137.0,137.0,239.0
35243,35243,245,17,50,1,0,23,322.0,120.0,120.0,202.0
35244,35244,245,18,0,1,0,23,341.0,136.0,136.0,205.0
35245,35245,245,18,10,1,0,23,536.0,142.0,142.0,394.0
35246,35246,245,18,20,1,0,23,429.0,155.0,155.0,274.0
35247,35247,245,18,30,1,0,23,365.0,154.0,154.0,211.0
35248,35248,245,18,40,1,0,23,329.0,147.0,147.0,182.0
35249,35249,245,18,50,1,0,23,280.0,143.0,143.0,137.0
35250,35250,245,19,0,1,0,23,238.0,88.0,88.0,150.0
35251,35251,245,19,10,1,0,23,198.0,84.0,84.0,114.0
35252,35252,245,19,20,1,0,23,148.0,64.0,64.0,84.0
35253,35253,245,19,30,1,0,23,154.0,66.0,66.0,88.0
35254,35254,245,19,40,1,0,23,119.0,56.0,56.0,63.0
35255,35255,245,19,50,1,0,23,129.0,61.0,61.0,68.0
35256,35256,245,20,0,1,0,23,97.0,40.0,40.0,57.0
35257,35257,245,20,10,1,0,23,82.0,22.0,22.0,60.0
35258,35258,245,20,20,1,0,23,97.0,53.0,53.0,44.0
35259,35259,245,20,30,1,0,23,113.0,51.0,51.0,62.0
35260,35260,245,20,40,1,0,23,106.0,30.0,30.0,76.0
35261,35261,245,20,50,1,0,23,112.0,47.0,47.0,65.0
35262,35262,245,21,0,1,0,23,104.0,31.0,31.0,73.0
35263,35263,245,21,10,1,0,23,110.0,41.0,41.0,69.0
35264,35264,245,21,20,1,0,23,91.0,46.0,46.0,45.0
35265,35265,245,21,30,1,0,23,105.0,40.0,40.0,65.0
35266,35266,245,21,40,1,0,23,92.0,38.0,38.0,54.0
35267,35267,245,21,50,1,0,23,91.0,29.0,29.0,62.0
35268,35268,245,22,0,1,0,23,89.0,26.0,26.0,63.0
35269,35269,245,22,10,1,0,23,84.0,26.0,26.0,58.0
35270,35270,245,22,20,1,0,23,61.0,34.0,34.0,27.0
35271,35271,245,22,30,1,0,23,62.0,30.0,30.0,32.0
35272,35272,245,22,40,1,0,23,40.0,33.0,33.0,7.0
35273,35273,245,22,50,1,0,23,17.0,13.0,13.0,4.0
35310,35310,246,5,0,1,0,23,0.0,0.0,0.0,0.0
35311,35311,246,5,10,1,0,23,1.0,0.0,0.0,1.0
35312,35312,246,5,20,1,0,23,6.0,0.0,0.0,6.0
35313,35313,246,5,30,1,0,23,19.0,0.0,0.0,19.0
35314,35314,246,5,40,1,0,23,5.0,0.0,0.0,5.0
35315,35315,246,5,50,1,0,23,20.0,0.0,0.0,20.0
35316,35316,246,6,0,1,0,23,11.0,0.0,0.0,11.0
35317,35317,246,6,10,1,0,23,28.0,0.0,0.0,28.0
35318,35318,246,6,20,1,0,23,36.0,2.0,2.0,34.0
35319,35319,246,6,30,1,0,23,94.0,38.0,38.0,56.0
35320,35320,246,6,40,1,0,23,77.0,57.0,57.0,20.0
35321,35321,246,6,50,1,0,23,146.0,58.0,58.0,88.0
35322,35322,246,7,0,1,0,23,150.0,94.0,94.0,56.0
35323,35323,246,7,10,1,0,23,238.0,123.0,123.0,115.0
35324,35324,246,7,20,1,0,23,268.0,148.0,148.0,120.0
35325,35325,246,7,30,1,0,23,282.0,176.0,176.0,106.0
35326,35326,246,7,40,1,0,23,332.0,205.0,205.0,127.0
35327,35327,246,7,50,1,0,23,318.0,155.0,155.0,163.0
35328,35328,246,8,0,1,0,23,349.0,135.0,135.0,214.0
35329,35329,246,8,10,1,0,23,330.0,217.0,217.0,113.0
35330,35330,246,8,20,1,0,23,319.0,159.0,159.0,160.0
35331,35331,246,8,30,1,0,23,309.0,171.0,171.0,138.0
35332,35332,246,8,40,1,0,23,311.0,210.0,210.0,101.0
35333,35333,246,8,50,1,0,23,313.0,215.0,215.0,98.0
35334,35334,246,9,0,1,0,23,213.0,129.0,129.0,84.0
35335,35335,246,9,10,1,0,23,172.0,102.0,102.0,70.0
35336,35336,246,9,20,1,0,23,164.0,100.0,100.0,64.0
35337,35337,246,9,30,1,0,23,116.0,70.0,70.0,46.0
35338,35338,246,9,40,1,0,23,97.0,66.0,66.0,31.0
35339,35339,246,9,50,1,0,23,104.0,61.0,61.0,43.0
35340,35340,246,10,0,1,0,23,85.0,47.0,47.0,38.0
35341,35341,246,10,10,1,0,23,95.0,66.0,66.0,29.0
35342,35342,246,10,20,1,0,23,68.0,25.0,25.0,43.0
35343,35343,246,10,30,1,0,23,63.0,36.0,36.0,27.0
35344,35344,246,10,40,1,0,23,75.0,33.0,33.0,42.0
35345,35345,246,10,50,1,0,23,66.0,25.0,25.0,41.0
35346,35346,246,11,0,1,0,23,59.0,33.0,33.0,26.0
35347,35347,246,11,10,1,0,23,59.0,33.0,33.0,26.0
35348,35348,246,11,20,1,0,23,78.0,24.0,24.0,54.0
35349,35349,246,11,30,1,0,23,75.0,27.0,27.0,48.0
35350,35350,246,11,40,1,0,23,55.0,32.0,32.0,23.0
35351,35351,246,11,50,1,0,23,68.0,27.0,27.0,41.0
35352,35352,246,12,0,1,0,23,96.0,41.0,41.0,55.0
35353,35353,246,12,10,1,0,23,85.0,33.0,33.0,52.0
35354,35354,246,12,20,1,0,23,56.0,22.0,22.0,34.0
35355,35355,246,12,30,1,0,23,118.0,42.0,42.0,76.0
35356,35356,246,12,40,1,0,23,57.0,19.0,19.0,38.0
35357,35357,246,12,50,1,0,23,92.0,36.0,36.0,56.0
35358,35358,246,13,0,1,0,23,74.0,27.0,27.0,47.0
35359,35359,246,13,10,1,0,23,68.0,29.0,29.0,39.0
35360,35360,246,13,20,1,0,23,70.0,18.0,18.0,52.0
35361,35361,246,13,30,1,0,23,66.0,26.0,26.0,40.0
35362,35362,246,13,40,1,0,23,62.0,28.0,28.0,34.0
35363,35363,246,13,50,1,0,23,86.0,43.0,43.0,43.0
35364,35364,246,14,0,1,0,23,71.0,32.0,32.0,39.0
35365,35365,246,14,10,1,0,23,55.0,30.0,30.0,25.0
35366,35366,246,14,20,1,0,23,85.0,42.0,42.0,43.0
35367,35367,246,14,30,1,0,23,62.0,26.0,26.0,36.0
35368,35368,246,14,40,1,0,23,91.0,37.0,37.0,54.0
35369,35369,246,14,50,1,0,23,84.0,38.0,38.0,46.0
35370,35370,246,15,0,1,0,23,67.0,39.0,39.0,28.0
35371,35371,246,15,10,1,0,23,100.0,39.0,39.0,61.0
35372,35372,246,15,20,1,0,23,74.0,32.0,32.0,42.0
35373,35373,246,15,30,1,0,23,76.0,36.0,36.0,40.0
35374,35374,246,15,40,1,0,23,78.0,30.0,30.0,48.0
35375,35375,246,15,50,1,0,23,88.0,39.0,39.0,49.0
35376,35376,246,16,0,1,0,23,94.0,42.0,42.0,52.0
35377,35377,246,16,10,1,0,23,105.0,42.0,42.0,63.0
35378,35378,246,16,20,1,0,23,122.0,44.0,44.0,78.0
35379,35379,246,16,30,1,0,23,139.0,35.0,35.0,104.0
35380,35380,246,16,40,1,0,23,213.0,44.0,44.0,169.0
35381,35381,246,16,50,1,0,23,194.0,41.0,41.0,153.0
35382,35382,246,17,0,1,0,23,244.0,42.0,42.0,202.0
35383,35383,246,17,10,1,0,23,295.0,52.0,52.0,243.0
35384,35384,246,17,20,1,0,23,341.0,67.0,67.0,274.0
35385,35385,246,17,30,1,0,23,307.0,82.0,82.0,225.0
35386,35386,246,17,40,1,0,23,509.0,76.0,76.0,433.0
35387,35387,246,17,50,1,0,23,271.0,57.0,57.0,214.0
35388,35388,246,18,0,1,0,23,349.0,77.0,77.0,272.0
35389,35389,246,18,10,1,0,23,545.0,44.0,44.0,501.0
35390,35390,246,18,20,1,0,23,413.0,105.0,105.0,308.0
35391,35391,246,18,30,1,0,23,237.0,78.0,78.0,159.0
35392,35392,246,18,40,1,0,23,279.0,86.0,86.0,193.0
35393,35393,246,18,50,1,0,23,181.0,55.0,55.0,126.0
35394,35394,246,19,0,1,0,23,155.0,77.0,77.0,78.0
35395,35395,246,19,10,1,0,23,133.0,68.0,68.0,65.0
35396,35396,246,19,20,1,0,23,116.0,33.0,33.0,83.0
35397,35397,246,19,30,1,0,23,115.0,47.0,47.0,68.0
35398,35398,246,19,40,1,0,23,83.0,36.0,36.0,47.0
35399,35399,246,19,50,1,0,23,93.0,47.0,47.0,46.0
35400,35400,246,20,0,1,0,23,64.0,15.0,15.0,49.0
35401,35401,246,20,10,1,0,23,57.0,23.0,23.0,34.0
35402,35402,246,20,20,1,0,23,76.0,24.0,24.0,52.0
35403,35403,246,20,30,1,0,23,109.0,18.0,18.0,91.0
35404,35404,246,20,40,1,0,23,73.0,24.0,24.0,49.0
35405,35405,246,20,50,1,0,23,53.0,15.0,15.0,38.0
35406,35406,246,21,0,1,0,23,91.0,17.0,17.0,74.0
35407,35407,246,21,10,1,0,23,54.0,11.0,11.0,43.0
35408,35408,246,21,20,1,0,23,48.0,17.0,17.0,31.0
35409,35409,246,21,30,1,0,23,92.0,14.0,14.0,78.0
35410,35410,246,21,40,1,0,23,48.0,14.0,14.0,34.0
35411,35411,246,21,50,1,0,23,47.0,20.0,20.0,27.0
35412,35412,246,22,0,1,0,23,45.0,16.0,16.0,29.0
35413,35413,246,22,10,1,0,23,29.0,16.0,16.0,13.0
35414,35414,246,22,20,1,0,23,28.0,23.0,23.0,5.0
35415,35415,246,22,30,1,0,23,29.0,28.0,28.0,1.0
35416,35416,246,22,40,1,0,23,7.0,6.0,6.0,1.0
35417,35417,246,22,50,1,0,23,6.0,5.0,5.0,1.0
35454,35454,247,5,0,1,0,23,1.0,0.0,0.0,1.0
35455,35455,247,5,10,1,0,23,3.0,0.0,0.0,3.0
35456,35456,247,5,20,1,0,23,24.0,0.0,0.0,24.0
35457,35457,247,5,30,1,0,23,16.0,0.0,0.0,16.0
35458,35458,247,5,40,1,0,23,27.0,0.0,0.0,27.0
35459,35459,247,5,50,1,0,23,46.0,0.0,0.0,46.0
35460,35460,247,6,0,1,0,23,38.0,0.0,0.0,38.0
35461,35461,247,6,10,1,0,23,62.0,0.0,0.0,62.0
35462,35462,247,6,20,1,0,23,73.0,0.0,0.0,73.0
35463,35463,247,6,30,1,0,23,83.0,0.0,0.0,83.0
35464,35464,247,6,40,1,0,23,92.0,10.0,10.0,82.0
35465,35465,247,6,50,1,0,23,111.0,10.0,10.0,101.0
35466,35466,247,7,0,1,0,23,141.0,21.0,21.0,120.0
35467,35467,247,7,10,1,0,23,172.0,19.0,19.0,153.0
35468,35468,247,7,20,1,0,23,278.0,21.0,21.0,257.0
35469,35469,247,7,30,1,0,23,237.0,46.0,46.0,191.0
35470,35470,247,7,40,1,0,23,261.0,46.0,46.0,215.0
35471,35471,247,7,50,1,0,23,197.0,35.0,35.0,162.0
35472,35472,247,8,0,1,0,23,238.0,62.0,62.0,176.0
35473,35473,247,8,10,1,0,23,162.0,18.0,18.0,144.0
35474,35474,247,8,20,1,0,23,148.0,25.0,25.0,123.0
35475,35475,247,8,30,1,0,23,142.0,51.0,51.0,91.0
35476,35476,247,8,40,1,0,23,151.0,65.0,65.0,86.0
35477,35477,247,8,50,1,0,23,89.0,35.0,35.0,54.0
35478,35478,247,9,0,1,0,23,71.0,24.0,24.0,47.0
35479,35479,247,9,10,1,0,23,65.0,23.0,23.0,42.0
35480,35480,247,9,20,1,0,23,75.0,32.0,32.0,43.0
35481,35481,247,9,30,1,0,23,71.0,38.0,38.0,33.0
35482,35482,247,9,40,1,0,23,60.0,21.0,21.0,39.0
35483,35483,247,9,50,1,0,23,81.0,43.0,43.0,38.0
35484,35484,247,10,0,1,0,23,49.0,21.0,21.0,28.0
35485,35485,247,10,10,1,0,23,52.0,33.0,33.0,19.0
35486,35486,247,10,20,1,0,23,43.0,22.0,22.0,21.0
35487,35487,247,10,30,1,0,23,60.0,25.0,25.0,35.0
35488,35488,247,10,40,1,0,23,57.0,24.0,24.0,33.0
35489,35489,247,10,50,1,0,23,40.0,14.0,14.0,26.0
35490,35490,247,11,0,1,0,23,39.0,15.0,15.0,24.0
35491,35491,247,11,10,1,0,23,57.0,36.0,36.0,21.0
35492,35492,247,11,20,1,0,23,31.0,3.0,3.0,28.0
35493,35493,247,11,30,1,0,23,53.0,20.0,20.0,33.0
35494,35494,247,11,40,1,0,23,63.0,29.0,29.0,34.0
35495,35495,247,11,50,1,0,23,38.0,16.0,16.0,22.0
35496,35496,247,12,0,1,0,23,53.0,26.0,26.0,27.0
35497,35497,247,12,10,1,0,23,62.0,28.0,28.0,34.0
35498,35498,247,12,20,1,0,23,49.0,21.0,21.0,28.0
35499,35499,247,12,30,1,0,23,49.0,23.0,23.0,26.0
35500,35500,247,12,40,1,0,23,50.0,20.0,20.0,30.0
35501,35501,247,12,50,1,0,23,47.0,25.0,25.0,22.0
35502,35502,247,13,0,1,0,23,53.0,30.0,30.0,23.0
35503,35503,247,13,10,1,0,23,46.0,9.0,9.0,37.0
35504,35504,247,13,20,1,0,23,49.0,23.0,23.0,26.0
35505,35505,247,13,30,1,0,23,45.0,30.0,30.0,15.0
35506,35506,247,13,40,1,0,23,51.0,27.0,27.0,24.0
35507,35507,247,13,50,1,0,23,49.0,28.0,28.0,21.0
35508,35508,247,14,0,1,0,23,59.0,34.0,34.0,25.0
35509,35509,247,14,10,1,0,23,48.0,34.0,34.0,14.0
35510,35510,247,14,20,1,0,23,51.0,30.0,30.0,21.0
35511,35511,247,14,30,1,0,23,53.0,33.0,33.0,20.0
35512,35512,247,14,40,1,0,23,66.0,28.0,28.0,38.0
35513,35513,247,14,50,1,0,23,46.0,26.0,26.0,20.0
35514,35514,247,15,0,1,0,23,32.0,10.0,10.0,22.0
35515,35515,247,15,10,1,0,23,74.0,51.0,51.0,23.0
35516,35516,247,15,20,1,0,23,80.0,50.0,50.0,30.0
35517,35517,247,15,30,1,0,23,53.0,17.0,17.0,36.0
35518,35518,247,15,40,1,0,23,83.0,54.0,54.0,29.0
35519,35519,247,15,50,1,0,23,39.0,15.0,15.0,24.0
35520,35520,247,16,0,1,0,23,54.0,31.0,31.0,23.0
35521,35521,247,16,10,1,0,23,71.0,50.0,50.0,21.0
35522,35522,247,16,20,1,0,23,61.0,30.0,30.0,31.0
35523,35523,247,16,30,1,0,23,78.0,40.0,40.0,38.0
35524,35524,247,16,40,1,0,23,50.0,21.0,21.0,29.0
35525,35525,247,16,50,1,0,23,125.0,84.0,84.0,41.0
35526,35526,247,17,0,1,0,23,70.0,29.0,29.0,41.0
35527,35527,247,17,10,1,0,23,93.0,67.0,67.0,26.0
35528,35528,247,17,20,1,0,23,70.0,47.0,47.0,23.0
35529,35529,247,17,30,1,0,23,105.0,68.0,68.0,37.0
35530,35530,247,17,40,1,0,23,112.0,81.0,81.0,31.0
35531,35531,247,17,50,1,0,23,102.0,66.0,66.0,36.0
35532,35532,247,18,0,1,0,23,102.0,85.0,85.0,17.0
35533,35533,247,18,10,1,0,23,165.0,151.0,151.0,14.0
35534,35534,247,18,20,1,0,23,115.0,97.0,97.0,18.0
35535,35535,247,18,30,1,0,23,109.0,97.0,97.0,12.0
35536,35536,247,18,40,1,0,23,123.0,112.0,112.0,11.0
35537,35537,247,18,50,1,0,23,108.0,96.0,96.0,12.0
35538,35538,247,19,0,1,0,23,192.0,185.0,185.0,7.0
35539,35539,247,19,10,1,0,23,144.0,134.0,134.0,10.0
35540,35540,247,19,20,1,0,23,94.0,86.0,86.0,8.0
35541,35541,247,19,30,1,0,23,98.0,87.0,87.0,11.0
35542,35542,247,19,40,1,0,23,88.0,84.0,84.0,4.0
35543,35543,247,19,50,1,0,23,73.0,63.0,63.0,10.0
35544,35544,247,20,0,1,0,23,74.0,59.0,59.0,15.0
35545,35545,247,20,10,1,0,23,59.0,53.0,53.0,6.0
35546,35546,247,20,20,1,0,23,27.0,24.0,24.0,3.0
35547,35547,247,20,30,1,0,23,78.0,71.0,71.0,7.0
35548,35548,247,20,40,1,0,23,55.0,46.0,46.0,9.0
35549,35549,247,20,50,1,0,23,32.0,22.0,22.0,10.0
35550,35550,247,21,0,1,0,23,56.0,45.0,45.0,11.0
35551,35551,247,21,10,1,0,23,42.0,39.0,39.0,3.0
35552,35552,247,21,20,1,0,23,45.0,41.0,41.0,4.0
35553,35553,247,21,30,1,0,23,63.0,58.0,58.0,5.0
35554,35554,247,21,40,1,0,23,27.0,26.0,26.0,1.0
35555,35555,247,21,50,1,0,23,56.0,53.0,53.0,3.0
35556,35556,247,22,0,1,0,23,7.0,6.0,6.0,1.0
35557,35557,247,22,10,1,0,23,49.0,46.0,46.0,3.0
35558,35558,247,22,20,1,0,23,25.0,25.0,25.0,0.0
35559,35559,247,22,30,1,0,23,40.0,40.0,40.0,0.0
35560,35560,247,22,40,1,0,23,28.0,28.0,28.0,0.0
35561,35561,247,22,50,1,0,23,24.0,23.0,23.0,1.0
35598,35598,248,5,0,1,0,23,3.0,0.0,0.0,3.0
35599,35599,248,5,10,1,0,23,11.0,0.0,0.0,11.0
35600,35600,248,5,20,1,0,23,22.0,1.0,1.0,21.0
35601,35601,248,5,30,1,0,23,22.0,0.0,0.0,22.0
35602,35602,248,5,40,1,0,23,33.0,0.0,0.0,33.0
35603,35603,248,5,50,1,0,23,71.0,1.0,1.0,70.0
35604,35604,248,6,0,1,0,23,54.0,0.0,0.0,54.0
35605,35605,248,6,10,1,0,23,98.0,1.0,1.0,97.0
35606,35606,248,6,20,1,0,23,88.0,0.0,0.0,88.0
35607,35607,248,6,30,1,0,23,143.0,0.0,0.0,143.0
35608,35608,248,6,40,1,0,23,218.0,30.0,30.0,188.0
35609,35609,248,6,50,1,0,23,250.0,33.0,33.0,217.0
35610,35610,248,7,0,1,0,23,245.0,19.0,19.0,226.0
35611,35611,248,7,10,1,0,23,373.0,51.0,51.0,322.0
35612,35612,248,7,20,1,0,23,400.0,40.0,40.0,360.0
35613,35613,248,7,30,1,0,23,441.0,87.0,87.0,354.0
35614,35614,248,7,40,1,0,23,461.0,79.0,79.0,382.0
35615,35615,248,7,50,1,0,23,428.0,72.0,72.0,356.0
35616,35616,248,8,0,1,0,23,404.0,99.0,99.0,305.0
35617,35617,248,8,10,1,0,23,433.0,106.0,106.0,327.0
35618,35618,248,8,20,1,0,23,300.0,96.0,96.0,204.0
35619,35619,248,8,30,1,0,23,278.0,111.0,111.0,167.0
35620,35620,248,8,40,1,0,23,250.0,92.0,92.0,158.0
35621,35621,248,8,50,1,0,23,175.0,43.0,43.0,132.0
35622,35622,248,9,0,1,0,23,158.0,55.0,55.0,103.0
35623,35623,248,9,10,1,0,23,135.0,67.0,67.0,68.0
35624,35624,248,9,20,1,0,23,167.0,78.0,78.0,89.0
35625,35625,248,9,30,1,0,23,128.0,70.0,70.0,58.0
35626,35626,248,9,40,1,0,23,148.0,78.0,78.0,70.0
35627,35627,248,9,50,1,0,23,156.0,88.0,88.0,68.0
35628,35628,248,10,0,1,0,23,102.0,56.0,56.0,46.0
35629,35629,248,10,10,1,0,23,115.0,77.0,77.0,38.0
35630,35630,248,10,20,1,0,23,106.0,36.0,36.0,70.0
35631,35631,248,10,30,1,0,23,94.0,50.0,50.0,44.0
35632,35632,248,10,40,1,0,23,110.0,58.0,58.0,52.0
35633,35633,248,10,50,1,0,23,129.0,65.0,65.0,64.0
35634,35634,248,11,0,1,0,23,94.0,47.0,47.0,47.0
35635,35635,248,11,10,1,0,23,120.0,28.0,28.0,92.0
35636,35636,248,11,20,1,0,23,89.0,31.0,31.0,58.0
35637,35637,248,11,30,1,0,23,124.0,46.0,46.0,78.0
35638,35638,248,11,40,1,0,23,111.0,50.0,50.0,61.0
35639,35639,248,11,50,1,0,23,87.0,33.0,33.0,54.0
35640,35640,248,12,0,1,0,23,133.0,62.0,62.0,71.0
35641,35641,248,12,10,1,0,23,96.0,39.0,39.0,57.0
35642,35642,248,12,20,1,0,23,112.0,48.0,48.0,64.0
35643,35643,248,12,30,1,0,23,79.0,24.0,24.0,55.0
35644,35644,248,12,40,1,0,23,95.0,22.0,22.0,73.0
35645,35645,248,12,50,1,0,23,110.0,56.0,56.0,54.0
35646,35646,248,13,0,1,0,23,99.0,43.0,43.0,56.0
35647,35647,248,13,10,1,0,23,122.0,54.0,54.0,68.0
35648,35648,248,13,20,1,0,23,93.0,33.0,33.0,60.0
35649,35649,248,13,30,1,0,23,88.0,45.0,45.0,43.0
35650,35650,248,13,40,1,0,23,91.0,44.0,44.0,47.0
35651,35651,248,13,50,1,0,23,93.0,52.0,52.0,41.0
35652,35652,248,14,0,1,0,23,97.0,45.0,45.0,52.0
35653,35653,248,14,10,1,0,23,103.0,40.0,40.0,63.0
35654,35654,248,14,20,1,0,23,93.0,27.0,27.0,66.0
35655,35655,248,14,30,1,0,23,105.0,41.0,41.0,64.0
35656,35656,248,14,40,1,0,23,102.0,52.0,52.0,50.0
35657,35657,248,14,50,1,0,23,106.0,60.0,60.0,46.0
35658,35658,248,15,0,1,0,23,103.0,59.0,59.0,44.0
35659,35659,248,15,10,1,0,23,128.0,62.0,62.0,66.0
35660,35660,248,15,20,1,0,23,130.0,63.0,63.0,67.0
35661,35661,248,15,30,1,0,23,106.0,56.0,56.0,50.0
35662,35662,248,15,40,1,0,23,133.0,61.0,61.0,72.0
35663,35663,248,15,50,1,0,23,95.0,33.0,33.0,62.0
35664,35664,248,16,0,1,0,23,128.0,77.0,77.0,51.0
35665,35665,248,16,10,1,0,23,212.0,97.0,97.0,115.0
35666,35666,248,16,20,1,0,23,137.0,47.0,47.0,90.0
35667,35667,248,16,30,1,0,23,208.0,137.0,137.0,71.0
35668,35668,248,16,40,1,0,23,152.0,51.0,51.0,101.0
35669,35669,248,16,50,1,0,23,182.0,107.0,107.0,75.0
35670,35670,248,17,0,1,0,23,198.0,112.0,112.0,86.0
35671,35671,248,17,10,1,0,23,197.0,109.0,109.0,88.0
35672,35672,248,17,20,1,0,23,262.0,142.0,142.0,120.0
35673,35673,248,17,30,1,0,23,206.0,114.0,114.0,92.0
35674,35674,248,17,40,1,0,23,147.0,80.0,80.0,67.0
35675,35675,248,17,50,1,0,23,231.0,154.0,154.0,77.0
35676,35676,248,18,0,1,0,23,197.0,135.0,135.0,62.0
35677,35677,248,18,10,1,0,23,184.0,130.0,130.0,54.0
35678,35678,248,18,20,1,0,23,134.0,78.0,78.0,56.0
35679,35679,248,18,30,1,0,23,226.0,181.0,181.0,45.0
35680,35680,248,18,40,1,0,23,360.0,311.0,311.0,49.0
35681,35681,248,18,50,1,0,23,212.0,172.0,172.0,40.0
35682,35682,248,19,0,1,0,23,265.0,225.0,225.0,40.0
35683,35683,248,19,10,1,0,23,218.0,178.0,178.0,40.0
35684,35684,248,19,20,1,0,23,231.0,202.0,202.0,29.0
35685,35685,248,19,30,1,0,23,220.0,204.0,204.0,16.0
35686,35686,248,19,40,1,0,23,154.0,130.0,130.0,24.0
35687,35687,248,19,50,1,0,23,111.0,97.0,97.0,14.0
35688,35688,248,20,0,1,0,23,134.0,119.0,119.0,15.0
35689,35689,248,20,10,1,0,23,120.0,91.0,91.0,29.0
35690,35690,248,20,20,1,0,23,64.0,48.0,48.0,16.0
35691,35691,248,20,30,1,0,23,107.0,82.0,82.0,25.0
35692,35692,248,20,40,1,0,23,117.0,107.0,107.0,10.0
35693,35693,248,20,50,1,0,23,111.0,91.0,91.0,20.0
35694,35694,248,21,0,1,0,23,72.0,60.0,60.0,12.0
35695,35695,248,21,10,1,0,23,84.0,69.0,69.0,15.0
35696,35696,248,21,20,1,0,23,78.0,66.0,66.0,12.0
35697,35697,248,21,30,1,0,23,72.0,63.0,63.0,9.0
35698,35698,248,21,40,1,0,23,76.0,69.0,69.0,7.0
35699,35699,248,21,50,1,0,23,59.0,48.0,48.0,11.0
35700,35700,248,22,0,1,0,23,28.0,24.0,24.0,4.0
35701,35701,248,22,10,1,0,23,70.0,70.0,70.0,0.0
35702,35702,248,22,20,1,0,23,52.0,52.0,52.0,0.0
35703,35703,248,22,30,1,0,23,57.0,57.0,57.0,0.0
35704,35704,248,22,40,1,0,23,36.0,36.0,36.0,0.0
35705,35705,248,22,50,1,0,23,51.0,51.0,51.0,0.0
35742,35742,249,5,0,1,0,23,1.0,0.0,0.0,1.0
35743,35743,249,5,10,1,0,23,2.0,0.0,0.0,2.0
35744,35744,249,5,20,1,0,23,4.0,0.0,0.0,4.0
35745,35745,249,5,30,1,0,23,4.0,0.0,0.0,4.0
35746,35746,249,5,40,1,0,23,19.0,0.0,0.0,19.0
35747,35747,249,5,50,1,0,23,15.0,0.0,0.0,15.0
35748,35748,249,6,0,1,0,23,30.0,1.0,1.0,29.0
35749,35749,249,6,10,1,0,23,28.0,0.0,0.0,28.0
35750,35750,249,6,20,1,0,23,50.0,4.0,4.0,46.0
35751,35751,249,6,30,1,0,23,58.0,7.0,7.0,51.0
35752,35752,249,6,40,1,0,23,80.0,4.0,4.0,76.0
35753,35753,249,6,50,1,0,23,82.0,13.0,13.0,69.0
35754,35754,249,7,0,1,0,23,93.0,10.0,10.0,83.0
35755,35755,249,7,10,1,0,23,147.0,30.0,30.0,117.0
35756,35756,249,7,20,1,0,23,193.0,32.0,32.0,161.0
35757,35757,249,7,30,1,0,23,255.0,43.0,43.0,212.0
35758,35758,249,7,40,1,0,23,327.0,52.0,52.0,275.0
35759,35759,249,7,50,1,0,23,321.0,49.0,49.0,272.0
35760,35760,249,8,0,1,0,23,283.0,55.0,55.0,228.0
35761,35761,249,8,10,1,0,23,295.0,60.0,60.0,235.0
35762,35762,249,8,20,1,0,23,319.0,73.0,73.0,246.0
35763,35763,249,8,30,1,0,23,208.0,64.0,64.0,144.0
35764,35764,249,8,40,1,0,23,159.0,31.0,31.0,128.0
35765,35765,249,8,50,1,0,23,146.0,30.0,30.0,116.0
35766,35766,249,9,0,1,0,23,105.0,27.0,27.0,78.0
35767,35767,249,9,10,1,0,23,83.0,29.0,29.0,54.0
35768,35768,249,9,20,1,0,23,85.0,33.0,33.0,52.0
35769,35769,249,9,30,1,0,23,78.0,32.0,32.0,46.0
35770,35770,249,9,40,1,0,23,78.0,35.0,35.0,43.0
35771,35771,249,9,50,1,0,23,63.0,28.0,28.0,35.0
35772,35772,249,10,0,1,0,23,69.0,25.0,25.0,44.0
35773,35773,249,10,10,1,0,23,55.0,17.0,17.0,38.0
35774,35774,249,10,20,1,0,23,38.0,17.0,17.0,21.0
35775,35775,249,10,30,1,0,23,44.0,21.0,21.0,23.0
35776,35776,249,10,40,1,0,23,33.0,9.0,9.0,24.0
35777,35777,249,10,50,1,0,23,38.0,11.0,11.0,27.0
35778,35778,249,11,0,1,0,23,44.0,26.0,26.0,18.0
35779,35779,249,11,10,1,0,23,36.0,6.0,6.0,30.0
35780,35780,249,11,20,1,0,23,55.0,20.0,20.0,35.0
35781,35781,249,11,30,1,0,23,49.0,13.0,13.0,36.0
35782,35782,249,11,40,1,0,23,54.0,19.0,19.0,35.0
35783,35783,249,11,50,1,0,23,50.0,17.0,17.0,33.0
35784,35784,249,12,0,1,0,23,46.0,15.0,15.0,31.0
35785,35785,249,12,10,1,0,23,39.0,10.0,10.0,29.0
35786,35786,249,12,20,1,0,23,48.0,19.0,19.0,29.0
35787,35787,249,12,30,1,0,23,39.0,16.0,16.0,23.0
35788,35788,249,12,40,1,0,23,41.0,13.0,13.0,28.0
35789,35789,249,12,50,1,0,23,63.0,37.0,37.0,26.0
35790,35790,249,13,0,1,0,23,47.0,23.0,23.0,24.0
35791,35791,249,13,10,1,0,23,50.0,24.0,24.0,26.0
35792,35792,249,13,20,1,0,23,27.0,15.0,15.0,12.0
35793,35793,249,13,30,1,0,23,51.0,9.0,9.0,42.0
35794,35794,249,13,40,1,0,23,35.0,15.0,15.0,20.0
35795,35795,249,13,50,1,0,23,37.0,20.0,20.0,17.0
35796,35796,249,14,0,1,0,23,48.0,19.0,19.0,29.0
35797,35797,249,14,10,1,0,23,36.0,15.0,15.0,21.0
35798,35798,249,14,20,1,0,23,41.0,11.0,11.0,30.0
35799,35799,249,14,30,1,0,23,25.0,9.0,9.0,16.0
35800,35800,249,14,40,1,0,23,45.0,25.0,25.0,20.0
35801,35801,249,14,50,1,0,23,54.0,12.0,12.0,42.0
35802,35802,249,15,0,1,0,23,65.0,20.0,20.0,45.0
35803,35803,249,15,10,1,0,23,57.0,22.0,22.0,35.0
35804,35804,249,15,20,1,0,23,58.0,20.0,20.0,38.0
35805,35805,249,15,30,1,0,23,42.0,15.0,15.0,27.0
35806,35806,249,15,40,1,0,23,57.0,34.0,34.0,23.0
35807,35807,249,15,50,1,0,23,57.0,33.0,33.0,24.0
35808,35808,249,16,0,1,0,23,72.0,27.0,27.0,45.0
35809,35809,249,16,10,1,0,23,58.0,30.0,30.0,28.0
35810,35810,249,16,20,1,0,23,82.0,37.0,37.0,45.0
35811,35811,249,16,30,1,0,23,73.0,10.0,10.0,63.0
35812,35812,249,16,40,1,0,23,91.0,44.0,44.0,47.0
35813,35813,249,16,50,1,0,23,81.0,32.0,32.0,49.0
35814,35814,249,17,0,1,0,23,87.0,55.0,55.0,32.0
35815,35815,249,17,10,1,0,23,87.0,55.0,55.0,32.0
35816,35816,249,17,20,1,0,23,75.0,56.0,56.0,19.0
35817,35817,249,17,30,1,0,23,102.0,75.0,75.0,27.0
35818,35818,249,17,40,1,0,23,83.0,70.0,70.0,13.0
35819,35819,249,17,50,1,0,23,103.0,80.0,80.0,23.0
35820,35820,249,18,0,1,0,23,99.0,79.0,79.0,20.0
35821,35821,249,18,10,1,0,23,162.0,132.0,132.0,30.0
35822,35822,249,18,20,1,0,23,161.0,146.0,146.0,15.0
35823,35823,249,18,30,1,0,23,115.0,94.0,94.0,21.0
35824,35824,249,18,40,1,0,23,168.0,151.0,151.0,17.0
35825,35825,249,18,50,1,0,23,164.0,146.0,146.0,18.0
35826,35826,249,19,0,1,0,23,153.0,143.0,143.0,10.0
35827,35827,249,19,10,1,0,23,105.0,91.0,91.0,14.0
35828,35828,249,19,20,1,0,23,111.0,99.0,99.0,12.0
35829,35829,249,19,30,1,0,23,96.0,86.0,86.0,10.0
35830,35830,249,19,40,1,0,23,75.0,66.0,66.0,9.0
35831,35831,249,19,50,1,0,23,82.0,71.0,71.0,11.0
35832,35832,249,20,0,1,0,23,80.0,61.0,61.0,19.0
35833,35833,249,20,10,1,0,23,66.0,50.0,50.0,16.0
35834,35834,249,20,20,1,0,23,57.0,43.0,43.0,14.0
35835,35835,249,20,30,1,0,23,56.0,46.0,46.0,10.0
35836,35836,249,20,40,1,0,23,83.0,63.0,63.0,20.0
35837,35837,249,20,50,1,0,23,39.0,34.0,34.0,5.0
35838,35838,249,21,0,1,0,23,44.0,34.0,34.0,10.0
35839,35839,249,21,10,1,0,23,39.0,32.0,32.0,7.0
35840,35840,249,21,20,1,0,23,60.0,57.0,57.0,3.0
35841,35841,249,21,30,1,0,23,62.0,54.0,54.0,8.0
35842,35842,249,21,40,1,0,23,60.0,50.0,50.0,10.0
35843,35843,249,21,50,1,0,23,52.0,44.0,44.0,8.0
35844,35844,249,22,0,1,0,23,38.0,36.0,36.0,2.0
35845,35845,249,22,10,1,0,23,37.0,37.0,37.0,0.0
35846,35846,249,22,20,1,0,23,20.0,16.0,16.0,4.0
35847,35847,249,22,30,1,0,23,27.0,27.0,27.0,0.0
35848,35848,249,22,40,1,0,23,34.0,34.0,34.0,0.0
35849,35849,249,22,50,1,0,23,35.0,35.0,35.0,0.0
35886,35886,250,5,0,1,0,23,0.0,0.0,0.0,0.0
35887,35887,250,5,10,1,0,23,6.0,0.0,0.0,6.0
35888,35888,250,5,20,1,0,23,6.0,0.0,0.0,6.0
35889,35889,250,5,30,1,0,23,10.0,0.0,0.0,10.0
35890,35890,250,5,40,1,0,23,12.0,0.0,0.0,12.0
35891,35891,250,5,50,1,0,23,27.0,0.0,0.0,27.0
35892,35892,250,6,0,1,0,23,25.0,0.0,0.0,25.0
35893,35893,250,6,10,1,0,23,56.0,0.0,0.0,56.0
35894,35894,250,6,20,1,0,23,77.0,0.0,0.0,77.0
35895,35895,250,6,30,1,0,23,76.0,0.0,0.0,76.0
35896,35896,250,6,40,1,0,23,57.0,9.0,9.0,48.0
35897,35897,250,6,50,1,0,23,91.0,9.0,9.0,82.0
35898,35898,250,7,0,1,0,23,112.0,5.0,5.0,107.0
35899,35899,250,7,10,1,0,23,137.0,5.0,5.0,132.0
35900,35900,250,7,20,1,0,23,174.0,14.0,14.0,160.0
35901,35901,250,7,30,1,0,23,157.0,5.0,5.0,152.0
35902,35902,250,7,40,1,0,23,199.0,9.0,9.0,190.0
35903,35903,250,7,50,1,0,23,173.0,18.0,18.0,155.0
35904,35904,250,8,0,1,0,23,129.0,22.0,22.0,107.0
35905,35905,250,8,10,1,0,23,112.0,11.0,11.0,101.0
35906,35906,250,8,20,1,0,23,94.0,13.0,13.0,81.0
35907,35907,250,8,30,1,0,23,54.0,11.0,11.0,43.0
35908,35908,250,8,40,1,0,23,59.0,6.0,6.0,53.0
35909,35909,250,8,50,1,0,23,43.0,9.0,9.0,34.0
35910,35910,250,9,0,1,0,23,57.0,4.0,4.0,53.0
35911,35911,250,9,10,1,0,23,34.0,8.0,8.0,26.0
35912,35912,250,9,20,1,0,23,26.0,11.0,11.0,15.0
35913,35913,250,9,30,1,0,23,27.0,5.0,5.0,22.0
35914,35914,250,9,40,1,0,23,29.0,7.0,7.0,22.0
35915,35915,250,9,50,1,0,23,24.0,11.0,11.0,13.0
35916,35916,250,10,0,1,0,23,39.0,18.0,18.0,21.0
35917,35917,250,10,10,1,0,23,24.0,8.0,8.0,16.0
35918,35918,250,10,20,1,0,23,33.0,15.0,15.0,18.0
35919,35919,250,10,30,1,0,23,14.0,3.0,3.0,11.0
35920,35920,250,10,40,1,0,23,22.0,9.0,9.0,13.0
35921,35921,250,10,50,1,0,23,29.0,8.0,8.0,21.0
35922,35922,250,11,0,1,0,23,17.0,10.0,10.0,7.0
35923,35923,250,11,10,1,0,23,12.0,4.0,4.0,8.0
35924,35924,250,11,20,1,0,23,18.0,9.0,9.0,9.0
35925,35925,250,11,30,1,0,23,26.0,11.0,11.0,15.0
35926,35926,250,11,40,1,0,23,13.0,4.0,4.0,9.0
35927,35927,250,11,50,1,0,23,15.0,5.0,5.0,10.0
35928,35928,250,12,0,1,0,23,27.0,9.0,9.0,18.0
35929,35929,250,12,10,1,0,23,22.0,6.0,6.0,16.0
35930,35930,250,12,20,1,0,23,19.0,12.0,12.0,7.0
35931,35931,250,12,30,1,0,23,20.0,6.0,6.0,14.0
35932,35932,250,12,40,1,0,23,28.0,16.0,16.0,12.0
35933,35933,250,12,50,1,0,23,13.0,6.0,6.0,7.0
35934,35934,250,13,0,1,0,23,19.0,10.0,10.0,9.0
35935,35935,250,13,10,1,0,23,28.0,6.0,6.0,22.0
35936,35936,250,13,20,1,0,23,27.0,9.0,9.0,18.0
35937,35937,250,13,30,1,0,23,20.0,10.0,10.0,10.0
35938,35938,250,13,40,1,0,23,23.0,9.0,9.0,14.0
35939,35939,250,13,50,1,0,23,11.0,5.0,5.0,6.0
35940,35940,250,14,0,1,0,23,14.0,4.0,4.0,10.0
35941,35941,250,14,10,1,0,23,16.0,7.0,7.0,9.0
35942,35942,250,14,20,1,0,23,19.0,9.0,9.0,10.0
35943,35943,250,14,30,1,0,23,12.0,7.0,7.0,5.0
35944,35944,250,14,40,1,0,23,13.0,8.0,8.0,5.0
35945,35945,250,14,50,1,0,23,24.0,13.0,13.0,11.0
35946,35946,250,15,0,1,0,23,18.0,13.0,13.0,5.0
35947,35947,250,15,10,1,0,23,22.0,14.0,14.0,8.0
35948,35948,250,15,20,1,0,23,21.0,11.0,11.0,10.0
35949,35949,250,15,30,1,0,23,18.0,9.0,9.0,9.0
35950,35950,250,15,40,1,0,23,20.0,10.0,10.0,10.0
35951,35951,250,15,50,1,0,23,23.0,14.0,14.0,9.0
35952,35952,250,16,0,1,0,23,27.0,15.0,15.0,12.0
35953,35953,250,16,10,1,0,23,15.0,9.0,9.0,6.0
35954,35954,250,16,20,1,0,23,33.0,20.0,20.0,13.0
35955,35955,250,16,30,1,0,23,35.0,29.0,29.0,6.0
35956,35956,250,16,40,1,0,23,33.0,20.0,20.0,13.0
35957,35957,250,16,50,1,0,23,42.0,32.0,32.0,10.0
35958,35958,250,17,0,1,0,23,11.0,6.0,6.0,5.0
35959,35959,250,17,10,1,0,23,44.0,34.0,34.0,10.0
35960,35960,250,17,20,1,0,23,21.0,16.0,16.0,5.0
35961,35961,250,17,30,1,0,23,53.0,38.0,38.0,15.0
35962,35962,250,17,40,1,0,23,58.0,43.0,43.0,15.0
35963,35963,250,17,50,1,0,23,38.0,25.0,25.0,13.0
35964,35964,250,18,0,1,0,23,51.0,39.0,39.0,12.0
35965,35965,250,18,10,1,0,23,102.0,94.0,94.0,8.0
35966,35966,250,18,20,1,0,23,50.0,41.0,41.0,9.0
35967,35967,250,18,30,1,0,23,77.0,72.0,72.0,5.0
35968,35968,250,18,40,1,0,23,50.0,31.0,31.0,19.0
35969,35969,250,18,50,1,0,23,108.0,104.0,104.0,4.0
35970,35970,250,19,0,1,0,23,109.0,103.0,103.0,6.0
35971,35971,250,19,10,1,0,23,57.0,53.0,53.0,4.0
35972,35972,250,19,20,1,0,23,89.0,87.0,87.0,2.0
35973,35973,250,19,30,1,0,23,43.0,38.0,38.0,5.0
35974,35974,250,19,40,1,0,23,39.0,38.0,38.0,1.0
35975,35975,250,19,50,1,0,23,27.0,20.0,20.0,7.0
35976,35976,250,20,0,1,0,23,52.0,47.0,47.0,5.0
35977,35977,250,20,10,1,0,23,20.0,18.0,18.0,2.0
35978,35978,250,20,20,1,0,23,25.0,22.0,22.0,3.0
35979,35979,250,20,30,1,0,23,31.0,29.0,29.0,2.0
35980,35980,250,20,40,1,0,23,17.0,15.0,15.0,2.0
35981,35981,250,20,50,1,0,23,25.0,20.0,20.0,5.0
35982,35982,250,21,0,1,0,23,27.0,23.0,23.0,4.0
35983,35983,250,21,10,1,0,23,24.0,24.0,24.0,0.0
35984,35984,250,21,20,1,0,23,18.0,16.0,16.0,2.0
35985,35985,250,21,30,1,0,23,26.0,19.0,19.0,7.0
35986,35986,250,21,40,1,0,23,18.0,17.0,17.0,1.0
35987,35987,250,21,50,1,0,23,47.0,45.0,45.0,2.0
35988,35988,250,22,0,1,0,23,34.0,33.0,33.0,1.0
35989,35989,250,22,10,1,0,23,28.0,25.0,25.0,3.0
35990,35990,250,22,20,1,0,23,24.0,24.0,24.0,0.0
35991,35991,250,22,30,1,0,23,26.0,26.0,26.0,0.0
35992,35992,250,22,40,1,0,23,14.0,14.0,14.0,0.0
35993,35993,250,22,50,1,0,23,21.0,21.0,21.0,0.0
36030,36030,251,5,0,1,0,23,0.0,0.0,0.0,0.0
36031,36031,251,5,10,1,0,23,0.0,0.0,0.0,0.0
36032,36032,251,5,20,1,0,23,5.0,0.0,0.0,5.0
36033,36033,251,5,30,1,0,23,6.0,0.0,0.0,6.0
36034,36034,251,5,40,1,0,23,9.0,1.0,1.0,8.0
36035,36035,251,5,50,1,0,23,11.0,0.0,0.0,11.0
36036,36036,251,6,0,1,0,23,14.0,3.0,3.0,11.0
36037,36037,251,6,10,1,0,23,21.0,0.0,0.0,21.0
36038,36038,251,6,20,1,0,23,17.0,0.0,0.0,17.0
36039,36039,251,6,30,1,0,23,42.0,6.0,6.0,36.0
36040,36040,251,6,40,1,0,23,59.0,9.0,9.0,50.0
36041,36041,251,6,50,1,0,23,56.0,1.0,1.0,55.0
36042,36042,251,7,0,1,0,23,50.0,2.0,2.0,48.0
36043,36043,251,7,10,1,0,23,94.0,9.0,9.0,85.0
36044,36044,251,7,20,1,0,23,81.0,8.0,8.0,73.0
36045,36045,251,7,30,1,0,23,117.0,5.0,5.0,112.0
36046,36046,251,7,40,1,0,23,157.0,16.0,16.0,141.0
36047,36047,251,7,50,1,0,23,99.0,13.0,13.0,86.0
36048,36048,251,8,0,1,0,23,119.0,12.0,12.0,107.0
36049,36049,251,8,10,1,0,23,100.0,12.0,12.0,88.0
36050,36050,251,8,20,1,0,23,90.0,12.0,12.0,78.0
36051,36051,251,8,30,1,0,23,93.0,17.0,17.0,76.0
36052,36052,251,8,40,1,0,23,68.0,15.0,15.0,53.0
36053,36053,251,8,50,1,0,23,57.0,14.0,14.0,43.0
36054,36054,251,9,0,1,0,23,55.0,11.0,11.0,44.0
36055,36055,251,9,10,1,0,23,32.0,5.0,5.0,27.0
36056,36056,251,9,20,1,0,23,29.0,9.0,9.0,20.0
36057,36057,251,9,30,1,0,23,28.0,11.0,11.0,17.0
36058,36058,251,9,40,1,0,23,20.0,6.0,6.0,14.0
36059,36059,251,9,50,1,0,23,14.0,3.0,3.0,11.0
36060,36060,251,10,0,1,0,23,21.0,6.0,6.0,15.0
36061,36061,251,10,10,1,0,23,21.0,3.0,3.0,18.0
36062,36062,251,10,20,1,0,23,19.0,10.0,10.0,9.0
36063,36063,251,10,30,1,0,23,19.0,10.0,10.0,9.0
36064,36064,251,10,40,1,0,23,25.0,13.0,13.0,12.0
36065,36065,251,10,50,1,0,23,12.0,5.0,5.0,7.0
36066,36066,251,11,0,1,0,23,11.0,4.0,4.0,7.0
36067,36067,251,11,10,1,0,23,11.0,2.0,2.0,9.0
36068,36068,251,11,20,1,0,23,9.0,3.0,3.0,6.0
36069,36069,251,11,30,1,0,23,15.0,7.0,7.0,8.0
36070,36070,251,11,40,1,0,23,15.0,8.0,8.0,7.0
36071,36071,251,11,50,1,0,23,15.0,3.0,3.0,12.0
36072,36072,251,12,0,1,0,23,22.0,6.0,6.0,16.0
36073,36073,251,12,10,1,0,23,20.0,8.0,8.0,12.0
36074,36074,251,12,20,1,0,23,13.0,3.0,3.0,10.0
36075,36075,251,12,30,1,0,23,15.0,8.0,8.0,7.0
36076,36076,251,12,40,1,0,23,28.0,11.0,11.0,17.0
36077,36077,251,12,50,1,0,23,13.0,5.0,5.0,8.0
36078,36078,251,13,0,1,0,23,11.0,7.0,7.0,4.0
36079,36079,251,13,10,1,0,23,14.0,3.0,3.0,11.0
36080,36080,251,13,20,1,0,23,16.0,11.0,11.0,5.0
36081,36081,251,13,30,1,0,23,18.0,5.0,5.0,13.0
36082,36082,251,13,40,1,0,23,10.0,3.0,3.0,7.0
36083,36083,251,13,50,1,0,23,17.0,12.0,12.0,5.0
36084,36084,251,14,0,1,0,23,9.0,7.0,7.0,2.0
36085,36085,251,14,10,1,0,23,8.0,2.0,2.0,6.0
36086,36086,251,14,20,1,0,23,6.0,3.0,3.0,3.0
36087,36087,251,14,30,1,0,23,11.0,5.0,5.0,6.0
36088,36088,251,14,40,1,0,23,12.0,5.0,5.0,7.0
36089,36089,251,14,50,1,0,23,11.0,9.0,9.0,2.0
36090,36090,251,15,0,1,0,23,12.0,11.0,11.0,1.0
36091,36091,251,15,10,1,0,23,10.0,4.0,4.0,6.0
36092,36092,251,15,20,1,0,23,11.0,9.0,9.0,2.0
36093,36093,251,15,30,1,0,23,9.0,6.0,6.0,3.0
36094,36094,251,15,40,1,0,23,20.0,13.0,13.0,7.0
36095,36095,251,15,50,1,0,23,19.0,11.0,11.0,8.0
36096,36096,251,16,0,1,0,23,16.0,11.0,11.0,5.0
36097,36097,251,16,10,1,0,23,23.0,13.0,13.0,10.0
36098,36098,251,16,20,1,0,23,18.0,15.0,15.0,3.0
36099,36099,251,16,30,1,0,23,22.0,15.0,15.0,7.0
36100,36100,251,16,40,1,0,23,28.0,14.0,14.0,14.0
36101,36101,251,16,50,1,0,23,30.0,21.0,21.0,9.0
36102,36102,251,17,0,1,0,23,32.0,18.0,18.0,14.0
36103,36103,251,17,10,1,0,23,29.0,22.0,22.0,7.0
36104,36104,251,17,20,1,0,23,37.0,23.0,23.0,14.0
36105,36105,251,17,30,1,0,23,35.0,24.0,24.0,11.0
36106,36106,251,17,40,1,0,23,24.0,18.0,18.0,6.0
36107,36107,251,17,50,1,0,23,33.0,25.0,25.0,8.0
36108,36108,251,18,0,1,0,23,49.0,41.0,41.0,8.0
36109,36109,251,18,10,1,0,23,46.0,41.0,41.0,5.0
36110,36110,251,18,20,1,0,23,65.0,62.0,62.0,3.0
36111,36111,251,18,30,1,0,23,41.0,37.0,37.0,4.0
36112,36112,251,18,40,1,0,23,57.0,52.0,52.0,5.0
36113,36113,251,18,50,1,0,23,47.0,43.0,43.0,4.0
36114,36114,251,19,0,1,0,23,57.0,52.0,52.0,5.0
36115,36115,251,19,10,1,0,23,51.0,48.0,48.0,3.0
36116,36116,251,19,20,1,0,23,34.0,33.0,33.0,1.0
36117,36117,251,19,30,1,0,23,32.0,32.0,32.0,0.0
36118,36118,251,19,40,1,0,23,33.0,30.0,30.0,3.0
36119,36119,251,19,50,1,0,23,17.0,17.0,17.0,0.0
36120,36120,251,20,0,1,0,23,18.0,16.0,16.0,2.0
36121,36121,251,20,10,1,0,23,10.0,9.0,9.0,1.0
36122,36122,251,20,20,1,0,23,23.0,21.0,21.0,2.0
36123,36123,251,20,30,1,0,23,25.0,21.0,21.0,4.0
36124,36124,251,20,40,1,0,23,16.0,16.0,16.0,0.0
36125,36125,251,20,50,1,0,23,14.0,13.0,13.0,1.0
36126,36126,251,21,0,1,0,23,16.0,14.0,14.0,2.0
36127,36127,251,21,10,1,0,23,26.0,21.0,21.0,5.0
36128,36128,251,21,20,1,0,23,9.0,9.0,9.0,0.0
36129,36129,251,21,30,1,0,23,13.0,12.0,12.0,1.0
36130,36130,251,21,40,1,0,23,14.0,13.0,13.0,1.0
36131,36131,251,21,50,1,0,23,12.0,12.0,12.0,0.0
36132,36132,251,22,0,1,0,23,14.0,13.0,13.0,1.0
36133,36133,251,22,10,1,0,23,18.0,15.0,15.0,3.0
36134,36134,251,22,20,1,0,23,22.0,21.0,21.0,1.0
36135,36135,251,22,30,1,0,23,18.0,18.0,18.0,0.0
36136,36136,251,22,40,1,0,23,17.0,17.0,17.0,0.0
36137,36137,251,22,50,1,0,23,5.0,5.0,5.0,0.0
36174,36174,252,5,0,1,0,23,1.0,0.0,0.0,1.0
36175,36175,252,5,10,1,0,23,0.0,0.0,0.0,0.0
36176,36176,252,5,20,1,0,23,11.0,0.0,0.0,11.0
36177,36177,252,5,30,1,0,23,25.0,0.0,0.0,25.0
36178,36178,252,5,40,1,0,23,20.0,0.0,0.0,20.0
36179,36179,252,5,50,1,0,23,43.0,1.0,1.0,42.0
36180,36180,252,6,0,1,0,23,37.0,0.0,0.0,37.0
36181,36181,252,6,10,1,0,23,56.0,1.0,1.0,55.0
36182,36182,252,6,20,1,0,23,81.0,5.0,5.0,76.0
36183,36183,252,6,30,1,0,23,82.0,6.0,6.0,76.0
36184,36184,252,6,40,1,0,23,125.0,15.0,15.0,110.0
36185,36185,252,6,50,1,0,23,150.0,13.0,13.0,137.0
36186,36186,252,7,0,1,0,23,137.0,20.0,20.0,117.0
36187,36187,252,7,10,1,0,23,212.0,26.0,26.0,186.0
36188,36188,252,7,20,1,0,23,209.0,23.0,23.0,186.0
36189,36189,252,7,30,1,0,23,224.0,31.0,31.0,193.0
36190,36190,252,7,40,1,0,23,316.0,43.0,43.0,273.0
36191,36191,252,7,50,1,0,23,320.0,62.0,62.0,258.0
36192,36192,252,8,0,1,0,23,397.0,69.0,69.0,328.0
36193,36193,252,8,10,1,0,23,376.0,155.0,155.0,221.0
36194,36194,252,8,20,1,0,23,328.0,118.0,118.0,210.0
36195,36195,252,8,30,1,0,23,220.0,75.0,75.0,145.0
36196,36196,252,8,40,1,0,23,301.0,122.0,122.0,179.0
36197,36197,252,8,50,1,0,23,200.0,90.0,90.0,110.0
36198,36198,252,9,0,1,0,23,160.0,65.0,65.0,95.0
36199,36199,252,9,10,1,0,23,126.0,37.0,37.0,89.0
36200,36200,252,9,20,1,0,23,103.0,41.0,41.0,62.0
36201,36201,252,9,30,1,0,23,104.0,41.0,41.0,63.0
36202,36202,252,9,40,1,0,23,94.0,46.0,46.0,48.0
36203,36203,252,9,50,1,0,23,55.0,25.0,25.0,30.0
36204,36204,252,10,0,1,0,23,91.0,42.0,42.0,49.0
36205,36205,252,10,10,1,0,23,50.0,24.0,24.0,26.0
36206,36206,252,10,20,1,0,23,57.0,23.0,23.0,34.0
36207,36207,252,10,30,1,0,23,72.0,31.0,31.0,41.0
36208,36208,252,10,40,1,0,23,48.0,14.0,14.0,34.0
36209,36209,252,10,50,1,0,23,59.0,40.0,40.0,19.0
36210,36210,252,11,0,1,0,23,51.0,11.0,11.0,40.0
36211,36211,252,11,10,1,0,23,39.0,15.0,15.0,24.0
36212,36212,252,11,20,1,0,23,67.0,28.0,28.0,39.0
36213,36213,252,11,30,1,0,23,41.0,25.0,25.0,16.0
36214,36214,252,11,40,1,0,23,39.0,18.0,18.0,21.0
36215,36215,252,11,50,1,0,23,49.0,20.0,20.0,29.0
36216,36216,252,12,0,1,0,23,59.0,11.0,11.0,48.0
36217,36217,252,12,10,1,0,23,57.0,23.0,23.0,34.0
36218,36218,252,12,20,1,0,23,67.0,33.0,33.0,34.0
36219,36219,252,12,30,1,0,23,56.0,30.0,30.0,26.0
36220,36220,252,12,40,1,0,23,53.0,29.0,29.0,24.0
36221,36221,252,12,50,1,0,23,55.0,25.0,25.0,30.0
36222,36222,252,13,0,1,0,23,47.0,16.0,16.0,31.0
36223,36223,252,13,10,1,0,23,55.0,23.0,23.0,32.0
36224,36224,252,13,20,1,0,23,53.0,28.0,28.0,25.0
36225,36225,252,13,30,1,0,23,56.0,37.0,37.0,19.0
36226,36226,252,13,40,1,0,23,64.0,45.0,45.0,19.0
36227,36227,252,13,50,1,0,23,41.0,20.0,20.0,21.0
36228,36228,252,14,0,1,0,23,63.0,42.0,42.0,21.0
36229,36229,252,14,10,1,0,23,50.0,20.0,20.0,30.0
36230,36230,252,14,20,1,0,23,72.0,36.0,36.0,36.0
36231,36231,252,14,30,1,0,23,61.0,38.0,38.0,23.0
36232,36232,252,14,40,1,0,23,52.0,22.0,22.0,30.0
36233,36233,252,14,50,1,0,23,43.0,24.0,24.0,19.0
36234,36234,252,15,0,1,0,23,83.0,47.0,47.0,36.0
36235,36235,252,15,10,1,0,23,61.0,41.0,41.0,20.0
36236,36236,252,15,20,1,0,23,74.0,37.0,37.0,37.0
36237,36237,252,15,30,1,0,23,49.0,34.0,34.0,15.0
36238,36238,252,15,40,1,0,23,58.0,26.0,26.0,32.0
36239,36239,252,15,50,1,0,23,58.0,23.0,23.0,35.0
36240,36240,252,16,0,1,0,23,65.0,37.0,37.0,28.0
36241,36241,252,16,10,1,0,23,84.0,53.0,53.0,31.0
36242,36242,252,16,20,1,0,23,95.0,68.0,68.0,27.0
36243,36243,252,16,30,1,0,23,117.0,59.0,59.0,58.0
36244,36244,252,16,40,1,0,23,109.0,60.0,60.0,49.0
36245,36245,252,16,50,1,0,23,89.0,48.0,48.0,41.0
36246,36246,252,17,0,1,0,23,141.0,67.0,67.0,74.0
36247,36247,252,17,10,1,0,23,137.0,82.0,82.0,55.0
36248,36248,252,17,20,1,0,23,132.0,70.0,70.0,62.0
36249,36249,252,17,30,1,0,23,136.0,77.0,77.0,59.0
36250,36250,252,17,40,1,0,23,186.0,99.0,99.0,87.0
36251,36251,252,17,50,1,0,23,236.0,135.0,135.0,101.0
36252,36252,252,18,0,1,0,23,225.0,152.0,152.0,73.0
36253,36253,252,18,10,1,0,23,195.0,113.0,113.0,82.0
36254,36254,252,18,20,1,0,23,197.0,132.0,132.0,65.0
36255,36255,252,18,30,1,0,23,219.0,174.0,174.0,45.0
36256,36256,252,18,40,1,0,23,190.0,143.0,143.0,47.0
36257,36257,252,18,50,1,0,23,187.0,156.0,156.0,31.0
36258,36258,252,19,0,1,0,23,156.0,119.0,119.0,37.0
36259,36259,252,19,10,1,0,23,127.0,104.0,104.0,23.0
36260,36260,252,19,20,1,0,23,126.0,94.0,94.0,32.0
36261,36261,252,19,30,1,0,23,112.0,85.0,85.0,27.0
36262,36262,252,19,40,1,0,23,69.0,49.0,49.0,20.0
36263,36263,252,19,50,1,0,23,99.0,65.0,65.0,34.0
36264,36264,252,20,0,1,0,23,84.0,62.0,62.0,22.0
36265,36265,252,20,10,1,0,23,74.0,60.0,60.0,14.0
36266,36266,252,20,20,1,0,23,64.0,55.0,55.0,9.0
36267,36267,252,20,30,1,0,23,76.0,39.0,39.0,37.0
36268,36268,252,20,40,1,0,23,45.0,37.0,37.0,8.0
36269,36269,252,20,50,1,0,23,60.0,44.0,44.0,16.0
36270,36270,252,21,0,1,0,23,67.0,53.0,53.0,14.0
36271,36271,252,21,10,1,0,23,57.0,41.0,41.0,16.0
36272,36272,252,21,20,1,0,23,51.0,42.0,42.0,9.0
36273,36273,252,21,30,1,0,23,34.0,25.0,25.0,9.0
36274,36274,252,21,40,1,0,23,39.0,31.0,31.0,8.0
36275,36275,252,21,50,1,0,23,59.0,54.0,54.0,5.0
36276,36276,252,22,0,1,0,23,52.0,49.0,49.0,3.0
36277,36277,252,22,10,1,0,23,49.0,37.0,37.0,12.0
36278,36278,252,22,20,1,0,23,63.0,57.0,57.0,6.0
36279,36279,252,22,30,1,0,23,38.0,37.0,37.0,1.0
36280,36280,252,22,40,1,0,23,44.0,40.0,40.0,4.0
36281,36281,252,22,50,1,0,23,33.0,33.0,33.0,0.0
36318,36318,253,5,0,1,0,23,1.0,0.0,0.0,1.0
36319,36319,253,5,10,1,0,23,7.0,0.0,0.0,7.0
36320,36320,253,5,20,1,0,23,21.0,0.0,0.0,21.0
36321,36321,253,5,30,1,0,23,15.0,0.0,0.0,15.0
36322,36322,253,5,40,1,0,23,62.0,3.0,3.0,59.0
36323,36323,253,5,50,1,0,23,37.0,1.0,1.0,36.0
36324,36324,253,6,0,1,0,23,62.0,1.0,1.0,61.0
36325,36325,253,6,10,1,0,23,117.0,6.0,6.0,111.0
36326,36326,253,6,20,1,0,23,145.0,6.0,6.0,139.0
36327,36327,253,6,30,1,0,23,214.0,24.0,24.0,190.0
36328,36328,253,6,40,1,0,23,248.0,19.0,19.0,229.0
36329,36329,253,6,50,1,0,23,259.0,38.0,38.0,221.0
36330,36330,253,7,0,1,0,23,404.0,55.0,55.0,349.0
36331,36331,253,7,10,1,0,23,490.0,95.0,95.0,395.0
36332,36332,253,7,20,1,0,23,505.0,85.0,85.0,420.0
36333,36333,253,7,30,1,0,23,742.0,194.0,194.0,548.0
36334,36334,253,7,40,1,0,23,912.0,219.0,219.0,693.0
36335,36335,253,7,50,1,0,23,897.0,197.0,197.0,700.0
36336,36336,253,8,0,1,0,23,825.0,116.0,116.0,709.0
36337,36337,253,8,10,1,0,23,800.0,135.0,135.0,665.0
36338,36338,253,8,20,1,0,23,713.0,126.0,126.0,587.0
36339,36339,253,8,30,1,0,23,628.0,132.0,132.0,496.0
36340,36340,253,8,40,1,0,23,477.0,110.0,110.0,367.0
36341,36341,253,8,50,1,0,23,372.0,107.0,107.0,265.0
36342,36342,253,9,0,1,0,23,350.0,77.0,77.0,273.0
36343,36343,253,9,10,1,0,23,305.0,80.0,80.0,225.0
36344,36344,253,9,20,1,0,23,251.0,84.0,84.0,167.0
36345,36345,253,9,30,1,0,23,243.0,84.0,84.0,159.0
36346,36346,253,9,40,1,0,23,226.0,72.0,72.0,154.0
36347,36347,253,9,50,1,0,23,199.0,72.0,72.0,127.0
36348,36348,253,10,0,1,0,23,168.0,54.0,54.0,114.0
36349,36349,253,10,10,1,0,23,152.0,54.0,54.0,98.0
36350,36350,253,10,20,1,0,23,156.0,74.0,74.0,82.0
36351,36351,253,10,30,1,0,23,110.0,44.0,44.0,66.0
36352,36352,253,10,40,1,0,23,148.0,69.0,69.0,79.0
36353,36353,253,10,50,1,0,23,140.0,43.0,43.0,97.0
36354,36354,253,11,0,1,0,23,156.0,84.0,84.0,72.0
36355,36355,253,11,10,1,0,23,124.0,66.0,66.0,58.0
36356,36356,253,11,20,1,0,23,138.0,50.0,50.0,88.0
36357,36357,253,11,30,1,0,23,130.0,66.0,66.0,64.0
36358,36358,253,11,40,1,0,23,183.0,88.0,88.0,95.0
36359,36359,253,11,50,1,0,23,182.0,84.0,84.0,98.0
36360,36360,253,12,0,1,0,23,183.0,56.0,56.0,127.0
36361,36361,253,12,10,1,0,23,153.0,46.0,46.0,107.0
36362,36362,253,12,20,1,0,23,183.0,70.0,70.0,113.0
36363,36363,253,12,30,1,0,23,184.0,83.0,83.0,101.0
36364,36364,253,12,40,1,0,23,193.0,82.0,82.0,111.0
36365,36365,253,12,50,1,0,23,146.0,75.0,75.0,71.0
36366,36366,253,13,0,1,0,23,157.0,58.0,58.0,99.0
36367,36367,253,13,10,1,0,23,116.0,45.0,45.0,71.0
36368,36368,253,13,20,1,0,23,155.0,75.0,75.0,80.0
36369,36369,253,13,30,1,0,23,163.0,88.0,88.0,75.0
36370,36370,253,13,40,1,0,23,138.0,61.0,61.0,77.0
36371,36371,253,13,50,1,0,23,169.0,89.0,89.0,80.0
36372,36372,253,14,0,1,0,23,134.0,53.0,53.0,81.0
36373,36373,253,14,10,1,0,23,150.0,50.0,50.0,100.0
36374,36374,253,14,20,1,0,23,195.0,91.0,91.0,104.0
36375,36375,253,14,30,1,0,23,146.0,84.0,84.0,62.0
36376,36376,253,14,40,1,0,23,214.0,103.0,103.0,111.0
36377,36377,253,14,50,1,0,23,169.0,77.0,77.0,92.0
36378,36378,253,15,0,1,0,23,157.0,83.0,83.0,74.0
36379,36379,253,15,10,1,0,23,176.0,102.0,102.0,74.0
36380,36380,253,15,20,1,0,23,201.0,116.0,116.0,85.0
36381,36381,253,15,30,1,0,23,236.0,147.0,147.0,89.0
36382,36382,253,15,40,1,0,23,196.0,111.0,111.0,85.0
36383,36383,253,15,50,1,0,23,138.0,64.0,64.0,74.0
36384,36384,253,16,0,1,0,23,243.0,117.0,117.0,126.0
36385,36385,253,16,10,1,0,23,228.0,115.0,115.0,113.0
36386,36386,253,16,20,1,0,23,212.0,116.0,116.0,96.0
36387,36387,253,16,30,1,0,23,298.0,169.0,169.0,129.0
36388,36388,253,16,40,1,0,23,269.0,161.0,161.0,108.0
36389,36389,253,16,50,1,0,23,338.0,179.0,179.0,159.0
36390,36390,253,17,0,1,0,23,297.0,160.0,160.0,137.0
36391,36391,253,17,10,1,0,23,287.0,144.0,144.0,143.0
36392,36392,253,17,20,1,0,23,373.0,208.0,208.0,165.0
36393,36393,253,17,30,1,0,23,376.0,253.0,253.0,123.0
36394,36394,253,17,40,1,0,23,418.0,285.0,285.0,133.0
36395,36395,253,17,50,1,0,23,539.0,385.0,385.0,154.0
36396,36396,253,18,0,1,0,23,563.0,378.0,378.0,185.0
36397,36397,253,18,10,1,0,23,423.0,333.0,333.0,90.0
36398,36398,253,18,20,1,0,23,483.0,376.0,376.0,107.0
36399,36399,253,18,30,1,0,23,554.0,464.0,464.0,90.0
36400,36400,253,18,40,1,0,23,526.0,464.0,464.0,62.0
36401,36401,253,18,50,1,0,23,587.0,498.0,498.0,89.0
36402,36402,253,19,0,1,0,23,566.0,502.0,502.0,64.0
36403,36403,253,19,10,1,0,23,346.0,304.0,304.0,42.0
36404,36404,253,19,20,1,0,23,387.0,335.0,335.0,52.0
36405,36405,253,19,30,1,0,23,375.0,319.0,319.0,56.0
36406,36406,253,19,40,1,0,23,334.0,285.0,285.0,49.0
36407,36407,253,19,50,1,0,23,279.0,208.0,208.0,71.0
36408,36408,253,20,0,1,0,23,246.0,209.0,209.0,37.0
36409,36409,253,20,10,1,0,23,271.0,212.0,212.0,59.0
36410,36410,253,20,20,1,0,23,271.0,219.0,219.0,52.0
36411,36411,253,20,30,1,0,23,167.0,124.0,124.0,43.0
36412,36412,253,20,40,1,0,23,228.0,165.0,165.0,63.0
36413,36413,253,20,50,1,0,23,181.0,135.0,135.0,46.0
36414,36414,253,21,0,1,0,23,261.0,213.0,213.0,48.0
36415,36415,253,21,10,1,0,23,181.0,132.0,132.0,49.0
36416,36416,253,21,20,1,0,23,221.0,174.0,174.0,47.0
36417,36417,253,21,30,1,0,23,157.0,132.0,132.0,25.0
36418,36418,253,21,40,1,0,23,155.0,117.0,117.0,38.0
36419,36419,253,21,50,1,0,23,209.0,158.0,158.0,51.0
36420,36420,253,22,0,1,0,23,151.0,119.0,119.0,32.0
36421,36421,253,22,10,1,0,23,178.0,165.0,165.0,13.0
36422,36422,253,22,20,1,0,23,137.0,125.0,125.0,12.0
36423,36423,253,22,30,1,0,23,109.0,103.0,103.0,6.0
36424,36424,253,22,40,1,0,23,92.0,89.0,89.0,3.0
36425,36425,253,22,50,1,0,23,108.0,106.0,106.0,2.0
36462,36462,254,5,0,1,0,23,0.0,0.0,0.0,0.0
36463,36463,254,5,10,1,0,23,0.0,0.0,0.0,0.0
36464,36464,254,5,20,1,0,23,0.0,0.0,0.0,0.0
36465,36465,254,5,30,1,0,23,24.0,1.0,1.0,23.0
36466,36466,254,5,40,1,0,23,40.0,1.0,1.0,39.0
36467,36467,254,5,50,1,0,23,33.0,0.0,0.0,33.0
36468,36468,254,6,0,1,0,23,61.0,6.0,6.0,55.0
36469,36469,254,6,10,1,0,23,111.0,27.0,27.0,84.0
36470,36470,254,6,20,1,0,23,150.0,26.0,26.0,124.0
36471,36471,254,6,30,1,0,23,197.0,21.0,21.0,176.0
36472,36472,254,6,40,1,0,23,261.0,30.0,30.0,231.0
36473,36473,254,6,50,1,0,23,375.0,58.0,58.0,317.0
36474,36474,254,7,0,1,0,23,444.0,70.0,70.0,374.0
36475,36475,254,7,10,1,0,23,470.0,48.0,48.0,422.0
36476,36476,254,7,20,1,0,23,535.0,79.0,79.0,456.0
36477,36477,254,7,30,1,0,23,615.0,141.0,141.0,474.0
36478,36478,254,7,40,1,0,23,723.0,143.0,143.0,580.0
36479,36479,254,7,50,1,0,23,890.0,122.0,122.0,768.0
36480,36480,254,8,0,1,0,23,976.0,137.0,137.0,839.0
36481,36481,254,8,10,1,0,23,885.0,170.0,170.0,715.0
36482,36482,254,8,20,1,0,23,799.0,161.0,161.0,638.0
36483,36483,254,8,30,1,0,23,853.0,232.0,232.0,621.0
36484,36484,254,8,40,1,0,23,811.0,270.0,270.0,541.0
36485,36485,254,8,50,1,0,23,573.0,186.0,186.0,387.0
36486,36486,254,9,0,1,0,23,530.0,163.0,163.0,367.0
36487,36487,254,9,10,1,0,23,483.0,159.0,159.0,324.0
36488,36488,254,9,20,1,0,23,445.0,168.0,168.0,277.0
36489,36489,254,9,30,1,0,23,372.0,132.0,132.0,240.0
36490,36490,254,9,40,1,0,23,341.0,138.0,138.0,203.0
36491,36491,254,9,50,1,0,23,268.0,110.0,110.0,158.0
36492,36492,254,10,0,1,0,23,252.0,97.0,97.0,155.0
36493,36493,254,10,10,1,0,23,254.0,105.0,105.0,149.0
36494,36494,254,10,20,1,0,23,200.0,79.0,79.0,121.0
36495,36495,254,10,30,1,0,23,189.0,81.0,81.0,108.0
36496,36496,254,10,40,1,0,23,206.0,96.0,96.0,110.0
36497,36497,254,10,50,1,0,23,177.0,76.0,76.0,101.0
36498,36498,254,11,0,1,0,23,152.0,72.0,72.0,80.0
36499,36499,254,11,10,1,0,23,181.0,84.0,84.0,97.0
36500,36500,254,11,20,1,0,23,150.0,65.0,65.0,85.0
36501,36501,254,11,30,1,0,23,175.0,87.0,87.0,88.0
36502,36502,254,11,40,1,0,23,174.0,81.0,81.0,93.0
36503,36503,254,11,50,1,0,23,163.0,71.0,71.0,92.0
36504,36504,254,12,0,1,0,23,199.0,103.0,103.0,96.0
36505,36505,254,12,10,1,0,23,192.0,68.0,68.0,124.0
36506,36506,254,12,20,1,0,23,191.0,84.0,84.0,107.0
36507,36507,254,12,30,1,0,23,210.0,101.0,101.0,109.0
36508,36508,254,12,40,1,0,23,261.0,122.0,122.0,139.0
36509,36509,254,12,50,1,0,23,185.0,99.0,99.0,86.0
36510,36510,254,13,0,1,0,23,173.0,78.0,78.0,95.0
36511,36511,254,13,10,1,0,23,173.0,70.0,70.0,103.0
36512,36512,254,13,20,1,0,23,182.0,115.0,115.0,67.0
36513,36513,254,13,30,1,0,23,181.0,92.0,92.0,89.0
36514,36514,254,13,40,1,0,23,210.0,115.0,115.0,95.0
36515,36515,254,13,50,1,0,23,209.0,104.0,104.0,105.0
36516,36516,254,14,0,1,0,23,181.0,87.0,87.0,94.0
36517,36517,254,14,10,1,0,23,184.0,93.0,93.0,91.0
36518,36518,254,14,20,1,0,23,186.0,114.0,114.0,72.0
36519,36519,254,14,30,1,0,23,191.0,115.0,115.0,76.0
36520,36520,254,14,40,1,0,23,208.0,117.0,117.0,91.0
36521,36521,254,14,50,1,0,23,173.0,84.0,84.0,89.0
36522,36522,254,15,0,1,0,23,154.0,85.0,85.0,69.0
36523,36523,254,15,10,1,0,23,231.0,131.0,131.0,100.0
36524,36524,254,15,20,1,0,23,227.0,141.0,141.0,86.0
36525,36525,254,15,30,1,0,23,238.0,149.0,149.0,89.0
36526,36526,254,15,40,1,0,23,259.0,161.0,161.0,98.0
36527,36527,254,15,50,1,0,23,247.0,152.0,152.0,95.0
36528,36528,254,16,0,1,0,23,246.0,161.0,161.0,85.0
36529,36529,254,16,10,1,0,23,218.0,115.0,115.0,103.0
36530,36530,254,16,20,1,0,23,291.0,177.0,177.0,114.0
36531,36531,254,16,30,1,0,23,300.0,189.0,189.0,111.0
36532,36532,254,16,40,1,0,23,312.0,197.0,197.0,115.0
36533,36533,254,16,50,1,0,23,316.0,197.0,197.0,119.0
36534,36534,254,17,0,1,0,23,353.0,195.0,195.0,158.0
36535,36535,254,17,10,1,0,23,414.0,212.0,212.0,202.0
36536,36536,254,17,20,1,0,23,560.0,379.0,379.0,181.0
36537,36537,254,17,30,1,0,23,612.0,464.0,464.0,148.0
36538,36538,254,17,40,1,0,23,531.0,369.0,369.0,162.0
36539,36539,254,17,50,1,0,23,546.0,419.0,419.0,127.0
36540,36540,254,18,0,1,0,23,571.0,425.0,425.0,146.0
36541,36541,254,18,10,1,0,23,781.0,621.0,621.0,160.0
36542,36542,254,18,20,1,0,23,674.0,531.0,531.0,143.0
36543,36543,254,18,30,1,0,23,675.0,549.0,549.0,126.0
36544,36544,254,18,40,1,0,23,643.0,551.0,551.0,92.0
36545,36545,254,18,50,1,0,23,472.0,370.0,370.0,102.0
36546,36546,254,19,0,1,0,23,528.0,435.0,435.0,93.0
36547,36547,254,19,10,1,0,23,417.0,321.0,321.0,96.0
36548,36548,254,19,20,1,0,23,444.0,363.0,363.0,81.0
36549,36549,254,19,30,1,0,23,332.0,259.0,259.0,73.0
36550,36550,254,19,40,1,0,23,304.0,238.0,238.0,66.0
36551,36551,254,19,50,1,0,23,248.0,192.0,192.0,56.0
36552,36552,254,20,0,1,0,23,215.0,165.0,165.0,50.0
36553,36553,254,20,10,1,0,23,239.0,179.0,179.0,60.0
36554,36554,254,20,20,1,0,23,211.0,129.0,129.0,82.0
36555,36555,254,20,30,1,0,23,231.0,179.0,179.0,52.0
36556,36556,254,20,40,1,0,23,222.0,168.0,168.0,54.0
36557,36557,254,20,50,1,0,23,274.0,190.0,190.0,84.0
36558,36558,254,21,0,1,0,23,229.0,149.0,149.0,80.0
36559,36559,254,21,10,1,0,23,224.0,170.0,170.0,54.0
36560,36560,254,21,20,1,0,23,200.0,149.0,149.0,51.0
36561,36561,254,21,30,1,0,23,215.0,160.0,160.0,55.0
36562,36562,254,21,40,1,0,23,195.0,155.0,155.0,40.0
36563,36563,254,21,50,1,0,23,164.0,115.0,115.0,49.0
36564,36564,254,22,0,1,0,23,138.0,103.0,103.0,35.0
36565,36565,254,22,10,1,0,23,140.0,119.0,119.0,21.0
36566,36566,254,22,20,1,0,23,159.0,133.0,133.0,26.0
36567,36567,254,22,30,1,0,23,137.0,120.0,120.0,17.0
36568,36568,254,22,40,1,0,23,105.0,91.0,91.0,14.0
36569,36569,254,22,50,1,0,23,67.0,65.0,65.0,2.0
36606,36606,255,5,0,1,0,23,1.0,0.0,0.0,1.0
36607,36607,255,5,10,1,0,23,0.0,0.0,0.0,0.0
36608,36608,255,5,20,1,0,23,6.0,0.0,0.0,6.0
36609,36609,255,5,30,1,0,23,33.0,0.0,0.0,33.0
36610,36610,255,5,40,1,0,23,28.0,2.0,2.0,26.0
36611,36611,255,5,50,1,0,23,42.0,2.0,2.0,40.0
36612,36612,255,6,0,1,0,23,57.0,3.0,3.0,54.0
36613,36613,255,6,10,1,0,23,99.0,9.0,9.0,90.0
36614,36614,255,6,20,1,0,23,153.0,44.0,44.0,109.0
36615,36615,255,6,30,1,0,23,184.0,33.0,33.0,151.0
36616,36616,255,6,40,1,0,23,307.0,88.0,88.0,219.0
36617,36617,255,6,50,1,0,23,372.0,103.0,103.0,269.0
36618,36618,255,7,0,1,0,23,501.0,145.0,145.0,356.0
36619,36619,255,7,10,1,0,23,574.0,146.0,146.0,428.0
36620,36620,255,7,20,1,0,23,605.0,112.0,112.0,493.0
36621,36621,255,7,30,1,0,23,711.0,106.0,106.0,605.0
36622,36622,255,7,40,1,0,23,962.0,128.0,128.0,834.0
36623,36623,255,7,50,1,0,23,1103.0,122.0,122.0,981.0
36624,36624,255,8,0,1,0,23,1059.0,142.0,142.0,917.0
36625,36625,255,8,10,1,0,23,1113.0,187.0,187.0,926.0
36626,36626,255,8,20,1,0,23,973.0,190.0,190.0,783.0
36627,36627,255,8,30,1,0,23,821.0,162.0,162.0,659.0
36628,36628,255,8,40,1,0,23,720.0,166.0,166.0,554.0
36629,36629,255,8,50,1,0,23,573.0,169.0,169.0,404.0
36630,36630,255,9,0,1,0,23,470.0,102.0,102.0,368.0
36631,36631,255,9,10,1,0,23,430.0,117.0,117.0,313.0
36632,36632,255,9,20,1,0,23,376.0,104.0,104.0,272.0
36633,36633,255,9,30,1,0,23,245.0,61.0,61.0,184.0
36634,36634,255,9,40,1,0,23,263.0,87.0,87.0,176.0
36635,36635,255,9,50,1,0,23,236.0,84.0,84.0,152.0
36636,36636,255,10,0,1,0,23,175.0,50.0,50.0,125.0
36637,36637,255,10,10,1,0,23,160.0,54.0,54.0,106.0
36638,36638,255,10,20,1,0,23,167.0,71.0,71.0,96.0
36639,36639,255,10,30,1,0,23,162.0,66.0,66.0,96.0
36640,36640,255,10,40,1,0,23,101.0,33.0,33.0,68.0
36641,36641,255,10,50,1,0,23,132.0,64.0,64.0,68.0
36642,36642,255,11,0,1,0,23,124.0,63.0,63.0,61.0
36643,36643,255,11,10,1,0,23,127.0,65.0,65.0,62.0
36644,36644,255,11,20,1,0,23,96.0,31.0,31.0,65.0
36645,36645,255,11,30,1,0,23,118.0,47.0,47.0,71.0
36646,36646,255,11,40,1,0,23,140.0,59.0,59.0,81.0
36647,36647,255,11,50,1,0,23,135.0,66.0,66.0,69.0
36648,36648,255,12,0,1,0,23,161.0,75.0,75.0,86.0
36649,36649,255,12,10,1,0,23,167.0,83.0,83.0,84.0
36650,36650,255,12,20,1,0,23,142.0,31.0,31.0,111.0
36651,36651,255,12,30,1,0,23,194.0,89.0,89.0,105.0
36652,36652,255,12,40,1,0,23,166.0,79.0,79.0,87.0
36653,36653,255,12,50,1,0,23,136.0,59.0,59.0,77.0
36654,36654,255,13,0,1,0,23,142.0,69.0,69.0,73.0
36655,36655,255,13,10,1,0,23,145.0,64.0,64.0,81.0
36656,36656,255,13,20,1,0,23,92.0,33.0,33.0,59.0
36657,36657,255,13,30,1,0,23,128.0,60.0,60.0,68.0
36658,36658,255,13,40,1,0,23,148.0,67.0,67.0,81.0
36659,36659,255,13,50,1,0,23,133.0,67.0,67.0,66.0
36660,36660,255,14,0,1,0,23,170.0,86.0,86.0,84.0
36661,36661,255,14,10,1,0,23,137.0,44.0,44.0,93.0
36662,36662,255,14,20,1,0,23,170.0,72.0,72.0,98.0
36663,36663,255,14,30,1,0,23,154.0,86.0,86.0,68.0
36664,36664,255,14,40,1,0,23,154.0,84.0,84.0,70.0
36665,36665,255,14,50,1,0,23,178.0,83.0,83.0,95.0
36666,36666,255,15,0,1,0,23,145.0,62.0,62.0,83.0
36667,36667,255,15,10,1,0,23,194.0,87.0,87.0,107.0
36668,36668,255,15,20,1,0,23,186.0,93.0,93.0,93.0
36669,36669,255,15,30,1,0,23,195.0,131.0,131.0,64.0
36670,36670,255,15,40,1,0,23,181.0,108.0,108.0,73.0
36671,36671,255,15,50,1,0,23,198.0,121.0,121.0,77.0
36672,36672,255,16,0,1,0,23,231.0,146.0,146.0,85.0
36673,36673,255,16,10,1,0,23,189.0,88.0,88.0,101.0
36674,36674,255,16,20,1,0,23,190.0,100.0,100.0,90.0
36675,36675,255,16,30,1,0,23,277.0,150.0,150.0,127.0
36676,36676,255,16,40,1,0,23,269.0,148.0,148.0,121.0
36677,36677,255,16,50,1,0,23,317.0,219.0,219.0,98.0
36678,36678,255,17,0,1,0,23,311.0,190.0,190.0,121.0
36679,36679,255,17,10,1,0,23,310.0,151.0,151.0,159.0
36680,36680,255,17,20,1,0,23,468.0,288.0,288.0,180.0
36681,36681,255,17,30,1,0,23,588.0,406.0,406.0,182.0
36682,36682,255,17,40,1,0,23,554.0,311.0,311.0,243.0
36683,36683,255,17,50,1,0,23,623.0,367.0,367.0,256.0
36684,36684,255,18,0,1,0,23,564.0,395.0,395.0,169.0
36685,36685,255,18,10,1,0,23,707.0,472.0,472.0,235.0
36686,36686,255,18,20,1,0,23,790.0,604.0,604.0,186.0
36687,36687,255,18,30,1,0,23,648.0,533.0,533.0,115.0
36688,36688,255,18,40,1,0,23,554.0,448.0,448.0,106.0
36689,36689,255,18,50,1,0,23,586.0,499.0,499.0,87.0
36690,36690,255,19,0,1,0,23,458.0,387.0,387.0,71.0
36691,36691,255,19,10,1,0,23,489.0,420.0,420.0,69.0
36692,36692,255,19,20,1,0,23,335.0,275.0,275.0,60.0
36693,36693,255,19,30,1,0,23,410.0,347.0,347.0,63.0
36694,36694,255,19,40,1,0,23,270.0,225.0,225.0,45.0
36695,36695,255,19,50,1,0,23,245.0,200.0,200.0,45.0
36696,36696,255,20,0,1,0,23,265.0,217.0,217.0,48.0
36697,36697,255,20,10,1,0,23,197.0,137.0,137.0,60.0
36698,36698,255,20,20,1,0,23,184.0,143.0,143.0,41.0
36699,36699,255,20,30,1,0,23,179.0,127.0,127.0,52.0
36700,36700,255,20,40,1,0,23,209.0,166.0,166.0,43.0
36701,36701,255,20,50,1,0,23,184.0,134.0,134.0,50.0
36702,36702,255,21,0,1,0,23,180.0,113.0,113.0,67.0
36703,36703,255,21,10,1,0,23,201.0,163.0,163.0,38.0
36704,36704,255,21,20,1,0,23,213.0,165.0,165.0,48.0
36705,36705,255,21,30,1,0,23,198.0,138.0,138.0,60.0
36706,36706,255,21,40,1,0,23,191.0,163.0,163.0,28.0
36707,36707,255,21,50,1,0,23,165.0,136.0,136.0,29.0
36708,36708,255,22,0,1,0,23,168.0,138.0,138.0,30.0
36709,36709,255,22,10,1,0,23,123.0,110.0,110.0,13.0
36710,36710,255,22,20,1,0,23,123.0,100.0,100.0,23.0
36711,36711,255,22,30,1,0,23,149.0,128.0,128.0,21.0
36712,36712,255,22,40,1,0,23,130.0,122.0,122.0,8.0
36713,36713,255,22,50,1,0,23,69.0,66.0,66.0,3.0
36750,36750,256,5,0,1,0,23,0.0,0.0,0.0,0.0
36751,36751,256,5,10,1,0,23,0.0,0.0,0.0,0.0
36752,36752,256,5,20,1,0,23,9.0,0.0,0.0,9.0
36753,36753,256,5,30,1,0,23,20.0,1.0,1.0,19.0
36754,36754,256,5,40,1,0,23,13.0,1.0,1.0,12.0
36755,36755,256,5,50,1,0,23,36.0,0.0,0.0,36.0
36756,36756,256,6,0,1,0,23,31.0,0.0,0.0,31.0
36757,36757,256,6,10,1,0,23,79.0,2.0,2.0,77.0
36758,36758,256,6,20,1,0,23,98.0,23.0,23.0,75.0
36759,36759,256,6,30,1,0,23,143.0,38.0,38.0,105.0
36760,36760,256,6,40,1,0,23,203.0,38.0,38.0,165.0
36761,36761,256,6,50,1,0,23,289.0,69.0,69.0,220.0
36762,36762,256,7,0,1,0,23,369.0,127.0,127.0,242.0
36763,36763,256,7,10,1,0,23,518.0,147.0,147.0,371.0
36764,36764,256,7,20,1,0,23,482.0,74.0,74.0,408.0
36765,36765,256,7,30,1,0,23,590.0,87.0,87.0,503.0
36766,36766,256,7,40,1,0,23,815.0,116.0,116.0,699.0
36767,36767,256,7,50,1,0,23,824.0,97.0,97.0,727.0
36768,36768,256,8,0,1,0,23,1071.0,158.0,158.0,913.0
36769,36769,256,8,10,1,0,23,1074.0,138.0,138.0,936.0
36770,36770,256,8,20,1,0,23,988.0,159.0,159.0,829.0
36771,36771,256,8,30,1,0,23,876.0,193.0,193.0,683.0
36772,36772,256,8,40,1,0,23,760.0,185.0,185.0,575.0
36773,36773,256,8,50,1,0,23,654.0,179.0,179.0,475.0
36774,36774,256,9,0,1,0,23,575.0,147.0,147.0,428.0
36775,36775,256,9,10,1,0,23,416.0,100.0,100.0,316.0
36776,36776,256,9,20,1,0,23,320.0,65.0,65.0,255.0
36777,36777,256,9,30,1,0,23,265.0,62.0,62.0,203.0
36778,36778,256,9,40,1,0,23,236.0,44.0,44.0,192.0
36779,36779,256,9,50,1,0,23,199.0,58.0,58.0,141.0
36780,36780,256,10,0,1,0,23,169.0,69.0,69.0,100.0
36781,36781,256,10,10,1,0,23,107.0,22.0,22.0,85.0
36782,36782,256,10,20,1,0,23,138.0,55.0,55.0,83.0
36783,36783,256,10,30,1,0,23,112.0,44.0,44.0,68.0
36784,36784,256,10,40,1,0,23,122.0,31.0,31.0,91.0
36785,36785,256,10,50,1,0,23,108.0,47.0,47.0,61.0
36786,36786,256,11,0,1,0,23,105.0,39.0,39.0,66.0
36787,36787,256,11,10,1,0,23,91.0,31.0,31.0,60.0
36788,36788,256,11,20,1,0,23,107.0,47.0,47.0,60.0
36789,36789,256,11,30,1,0,23,92.0,41.0,41.0,51.0
36790,36790,256,11,40,1,0,23,110.0,47.0,47.0,63.0
36791,36791,256,11,50,1,0,23,101.0,51.0,51.0,50.0
36792,36792,256,12,0,1,0,23,102.0,35.0,35.0,67.0
36793,36793,256,12,10,1,0,23,136.0,45.0,45.0,91.0
36794,36794,256,12,20,1,0,23,137.0,69.0,69.0,68.0
36795,36795,256,12,30,1,0,23,124.0,47.0,47.0,77.0
36796,36796,256,12,40,1,0,23,108.0,41.0,41.0,67.0
36797,36797,256,12,50,1,0,23,122.0,65.0,65.0,57.0
36798,36798,256,13,0,1,0,23,94.0,42.0,42.0,52.0
36799,36799,256,13,10,1,0,23,122.0,49.0,49.0,73.0
36800,36800,256,13,20,1,0,23,115.0,61.0,61.0,54.0
36801,36801,256,13,30,1,0,23,119.0,51.0,51.0,68.0
36802,36802,256,13,40,1,0,23,119.0,49.0,49.0,70.0
36803,36803,256,13,50,1,0,23,110.0,46.0,46.0,64.0
36804,36804,256,14,0,1,0,23,76.0,35.0,35.0,41.0
36805,36805,256,14,10,1,0,23,102.0,55.0,55.0,47.0
36806,36806,256,14,20,1,0,23,103.0,52.0,52.0,51.0
36807,36807,256,14,30,1,0,23,134.0,75.0,75.0,59.0
36808,36808,256,14,40,1,0,23,123.0,87.0,87.0,36.0
36809,36809,256,14,50,1,0,23,118.0,77.0,77.0,41.0
36810,36810,256,15,0,1,0,23,142.0,77.0,77.0,65.0
36811,36811,256,15,10,1,0,23,123.0,80.0,80.0,43.0
36812,36812,256,15,20,1,0,23,153.0,85.0,85.0,68.0
36813,36813,256,15,30,1,0,23,117.0,70.0,70.0,47.0
36814,36814,256,15,40,1,0,23,140.0,91.0,91.0,49.0
36815,36815,256,15,50,1,0,23,98.0,65.0,65.0,33.0
36816,36816,256,16,0,1,0,23,196.0,103.0,103.0,93.0
36817,36817,256,16,10,1,0,23,188.0,127.0,127.0,61.0
36818,36818,256,16,20,1,0,23,165.0,108.0,108.0,57.0
36819,36819,256,16,30,1,0,23,197.0,115.0,115.0,82.0
36820,36820,256,16,40,1,0,23,388.0,162.0,162.0,226.0
36821,36821,256,16,50,1,0,23,377.0,172.0,172.0,205.0
36822,36822,256,17,0,1,0,23,296.0,142.0,142.0,154.0
36823,36823,256,17,10,1,0,23,347.0,173.0,173.0,174.0
36824,36824,256,17,20,1,0,23,308.0,215.0,215.0,93.0
36825,36825,256,17,30,1,0,23,478.0,331.0,331.0,147.0
36826,36826,256,17,40,1,0,23,518.0,347.0,347.0,171.0
36827,36827,256,17,50,1,0,23,411.0,315.0,315.0,96.0
36828,36828,256,18,0,1,0,23,483.0,358.0,358.0,125.0
36829,36829,256,18,10,1,0,23,531.0,429.0,429.0,102.0
36830,36830,256,18,20,1,0,23,551.0,465.0,465.0,86.0
36831,36831,256,18,30,1,0,23,554.0,458.0,458.0,96.0
36832,36832,256,18,40,1,0,23,613.0,506.0,506.0,107.0
36833,36833,256,18,50,1,0,23,560.0,494.0,494.0,66.0
36834,36834,256,19,0,1,0,23,478.0,426.0,426.0,52.0
36835,36835,256,19,10,1,0,23,524.0,456.0,456.0,68.0
36836,36836,256,19,20,1,0,23,374.0,306.0,306.0,68.0
36837,36837,256,19,30,1,0,23,291.0,239.0,239.0,52.0
36838,36838,256,19,40,1,0,23,261.0,212.0,212.0,49.0
36839,36839,256,19,50,1,0,23,286.0,245.0,245.0,41.0
36840,36840,256,20,0,1,0,23,240.0,209.0,209.0,31.0
36841,36841,256,20,10,1,0,23,236.0,184.0,184.0,52.0
36842,36842,256,20,20,1,0,23,188.0,150.0,150.0,38.0
36843,36843,256,20,30,1,0,23,143.0,115.0,115.0,28.0
36844,36844,256,20,40,1,0,23,260.0,203.0,203.0,57.0
36845,36845,256,20,50,1,0,23,191.0,159.0,159.0,32.0
36846,36846,256,21,0,1,0,23,213.0,174.0,174.0,39.0
36847,36847,256,21,10,1,0,23,178.0,147.0,147.0,31.0
36848,36848,256,21,20,1,0,23,209.0,172.0,172.0,37.0
36849,36849,256,21,30,1,0,23,181.0,162.0,162.0,19.0
36850,36850,256,21,40,1,0,23,189.0,170.0,170.0,19.0
36851,36851,256,21,50,1,0,23,205.0,183.0,183.0,22.0
36852,36852,256,22,0,1,0,23,159.0,137.0,137.0,22.0
36853,36853,256,22,10,1,0,23,180.0,161.0,161.0,19.0
36854,36854,256,22,20,1,0,23,69.0,58.0,58.0,11.0
36855,36855,256,22,30,1,0,23,145.0,142.0,142.0,3.0
36856,36856,256,22,40,1,0,23,142.0,140.0,140.0,2.0
36857,36857,256,22,50,1,0,23,57.0,55.0,55.0,2.0
36894,36894,257,5,0,1,0,23,0.0,0.0,0.0,0.0
36895,36895,257,5,10,1,0,23,0.0,0.0,0.0,0.0
36896,36896,257,5,20,1,0,23,0.0,0.0,0.0,0.0
36897,36897,257,5,30,1,0,23,13.0,0.0,0.0,13.0
36898,36898,257,5,40,1,0,23,6.0,0.0,0.0,6.0
36899,36899,257,5,50,1,0,23,13.0,2.0,2.0,11.0
36900,36900,257,6,0,1,0,23,24.0,0.0,0.0,24.0
36901,36901,257,6,10,1,0,23,45.0,4.0,4.0,41.0
36902,36902,257,6,20,1,0,23,64.0,5.0,5.0,59.0
36903,36903,257,6,30,1,0,23,84.0,10.0,10.0,74.0
36904,36904,257,6,40,1,0,23,106.0,13.0,13.0,93.0
36905,36905,257,6,50,1,0,23,152.0,23.0,23.0,129.0
36906,36906,257,7,0,1,0,23,167.0,32.0,32.0,135.0
36907,36907,257,7,10,1,0,23,209.0,44.0,44.0,165.0
36908,36908,257,7,20,1,0,23,245.0,34.0,34.0,211.0
36909,36909,257,7,30,1,0,23,301.0,54.0,54.0,247.0
36910,36910,257,7,40,1,0,23,381.0,60.0,60.0,321.0
36911,36911,257,7,50,1,0,23,425.0,59.0,59.0,366.0
36912,36912,257,8,0,1,0,23,470.0,81.0,81.0,389.0
36913,36913,257,8,10,1,0,23,455.0,80.0,80.0,375.0
36914,36914,257,8,20,1,0,23,445.0,101.0,101.0,344.0
36915,36915,257,8,30,1,0,23,462.0,137.0,137.0,325.0
36916,36916,257,8,40,1,0,23,495.0,209.0,209.0,286.0
36917,36917,257,8,50,1,0,23,376.0,121.0,121.0,255.0
36918,36918,257,9,0,1,0,23,295.0,85.0,85.0,210.0
36919,36919,257,9,10,1,0,23,243.0,82.0,82.0,161.0
36920,36920,257,9,20,1,0,23,204.0,63.0,63.0,141.0
36921,36921,257,9,30,1,0,23,176.0,64.0,64.0,112.0
36922,36922,257,9,40,1,0,23,168.0,71.0,71.0,97.0
36923,36923,257,9,50,1,0,23,138.0,65.0,65.0,73.0
36924,36924,257,10,0,1,0,23,105.0,30.0,30.0,75.0
36925,36925,257,10,10,1,0,23,128.0,61.0,61.0,67.0
36926,36926,257,10,20,1,0,23,97.0,31.0,31.0,66.0
36927,36927,257,10,30,1,0,23,91.0,42.0,42.0,49.0
36928,36928,257,10,40,1,0,23,102.0,48.0,48.0,54.0
36929,36929,257,10,50,1,0,23,77.0,30.0,30.0,47.0
36930,36930,257,11,0,1,0,23,92.0,35.0,35.0,57.0
36931,36931,257,11,10,1,0,23,73.0,31.0,31.0,42.0
36932,36932,257,11,20,1,0,23,80.0,31.0,31.0,49.0
36933,36933,257,11,30,1,0,23,94.0,39.0,39.0,55.0
36934,36934,257,11,40,1,0,23,92.0,47.0,47.0,45.0
36935,36935,257,11,50,1,0,23,80.0,30.0,30.0,50.0
36936,36936,257,12,0,1,0,23,81.0,25.0,25.0,56.0
36937,36937,257,12,10,1,0,23,67.0,33.0,33.0,34.0
36938,36938,257,12,20,1,0,23,84.0,32.0,32.0,52.0
36939,36939,257,12,30,1,0,23,95.0,40.0,40.0,55.0
36940,36940,257,12,40,1,0,23,80.0,32.0,32.0,48.0
36941,36941,257,12,50,1,0,23,92.0,41.0,41.0,51.0
36942,36942,257,13,0,1,0,23,75.0,40.0,40.0,35.0
36943,36943,257,13,10,1,0,23,88.0,50.0,50.0,38.0
36944,36944,257,13,20,1,0,23,101.0,61.0,61.0,40.0
36945,36945,257,13,30,1,0,23,93.0,36.0,36.0,57.0
36946,36946,257,13,40,1,0,23,113.0,58.0,58.0,55.0
36947,36947,257,13,50,1,0,23,87.0,43.0,43.0,44.0
36948,36948,257,14,0,1,0,23,93.0,41.0,41.0,52.0
36949,36949,257,14,10,1,0,23,128.0,70.0,70.0,58.0
36950,36950,257,14,20,1,0,23,112.0,58.0,58.0,54.0
36951,36951,257,14,30,1,0,23,114.0,64.0,64.0,50.0
36952,36952,257,14,40,1,0,23,103.0,56.0,56.0,47.0
36953,36953,257,14,50,1,0,23,87.0,36.0,36.0,51.0
36954,36954,257,15,0,1,0,23,116.0,60.0,60.0,56.0
36955,36955,257,15,10,1,0,23,120.0,71.0,71.0,49.0
36956,36956,257,15,20,1,0,23,119.0,65.0,65.0,54.0
36957,36957,257,15,30,1,0,23,164.0,93.0,93.0,71.0
36958,36958,257,15,40,1,0,23,132.0,64.0,64.0,68.0
36959,36959,257,15,50,1,0,23,136.0,73.0,73.0,63.0
36960,36960,257,16,0,1,0,23,139.0,91.0,91.0,48.0
36961,36961,257,16,10,1,0,23,167.0,67.0,67.0,100.0
36962,36962,257,16,20,1,0,23,186.0,66.0,66.0,120.0
36963,36963,257,16,30,1,0,23,165.0,68.0,68.0,97.0
36964,36964,257,16,40,1,0,23,156.0,79.0,79.0,77.0
36965,36965,257,16,50,1,0,23,180.0,110.0,110.0,70.0
36966,36966,257,17,0,1,0,23,192.0,113.0,113.0,79.0
36967,36967,257,17,10,1,0,23,191.0,93.0,93.0,98.0
36968,36968,257,17,20,1,0,23,213.0,132.0,132.0,81.0
36969,36969,257,17,30,1,0,23,342.0,228.0,228.0,114.0
36970,36970,257,17,40,1,0,23,347.0,176.0,176.0,171.0
36971,36971,257,17,50,1,0,23,280.0,196.0,196.0,84.0
36972,36972,257,18,0,1,0,23,258.0,194.0,194.0,64.0
36973,36973,257,18,10,1,0,23,264.0,218.0,218.0,46.0
36974,36974,257,18,20,1,0,23,307.0,245.0,245.0,62.0
36975,36975,257,18,30,1,0,23,261.0,216.0,216.0,45.0
36976,36976,257,18,40,1,0,23,264.0,228.0,228.0,36.0
36977,36977,257,18,50,1,0,23,241.0,212.0,212.0,29.0
36978,36978,257,19,0,1,0,23,189.0,167.0,167.0,22.0
36979,36979,257,19,10,1,0,23,197.0,169.0,169.0,28.0
36980,36980,257,19,20,1,0,23,132.0,113.0,113.0,19.0
36981,36981,257,19,30,1,0,23,127.0,96.0,96.0,31.0
36982,36982,257,19,40,1,0,23,103.0,79.0,79.0,24.0
36983,36983,257,19,50,1,0,23,115.0,84.0,84.0,31.0
36984,36984,257,20,0,1,0,23,105.0,68.0,68.0,37.0
36985,36985,257,20,10,1,0,23,86.0,67.0,67.0,19.0
36986,36986,257,20,20,1,0,23,69.0,45.0,45.0,24.0
36987,36987,257,20,30,1,0,23,96.0,67.0,67.0,29.0
36988,36988,257,20,40,1,0,23,129.0,92.0,92.0,37.0
36989,36989,257,20,50,1,0,23,98.0,71.0,71.0,27.0
36990,36990,257,21,0,1,0,23,154.0,96.0,96.0,58.0
36991,36991,257,21,10,1,0,23,92.0,62.0,62.0,30.0
36992,36992,257,21,20,1,0,23,128.0,79.0,79.0,49.0
36993,36993,257,21,30,1,0,23,91.0,66.0,66.0,25.0
36994,36994,257,21,40,1,0,23,71.0,57.0,57.0,14.0
36995,36995,257,21,50,1,0,23,57.0,49.0,49.0,8.0
36996,36996,257,22,0,1,0,23,78.0,69.0,69.0,9.0
36997,36997,257,22,10,1,0,23,74.0,61.0,61.0,13.0
36998,36998,257,22,20,1,0,23,39.0,34.0,34.0,5.0
36999,36999,257,22,30,1,0,23,45.0,38.0,38.0,7.0
37000,37000,257,22,40,1,0,23,45.0,43.0,43.0,2.0
37001,37001,257,22,50,1,0,23,21.0,21.0,21.0,0.0
37038,37038,258,5,0,1,0,23,0.0,0.0,0.0,0.0
37039,37039,258,5,10,1,0,23,0.0,0.0,0.0,0.0
37040,37040,258,5,20,1,0,23,0.0,0.0,0.0,0.0
37041,37041,258,5,30,1,0,23,11.0,0.0,0.0,11.0
37042,37042,258,5,40,1,0,23,38.0,0.0,0.0,38.0
37043,37043,258,5,50,1,0,23,28.0,2.0,2.0,26.0
37044,37044,258,6,0,1,0,23,52.0,7.0,7.0,45.0
37045,37045,258,6,10,1,0,23,73.0,16.0,16.0,57.0
37046,37046,258,6,20,1,0,23,95.0,11.0,11.0,84.0
37047,37047,258,6,30,1,0,23,143.0,27.0,27.0,116.0
37048,37048,258,6,40,1,0,23,192.0,25.0,25.0,167.0
37049,37049,258,6,50,1,0,23,274.0,46.0,46.0,228.0
37050,37050,258,7,0,1,0,23,267.0,61.0,61.0,206.0
37051,37051,258,7,10,1,0,23,410.0,93.0,93.0,317.0
37052,37052,258,7,20,1,0,23,394.0,95.0,95.0,299.0
37053,37053,258,7,30,1,0,23,530.0,85.0,85.0,445.0
37054,37054,258,7,40,1,0,23,599.0,92.0,92.0,507.0
37055,37055,258,7,50,1,0,23,653.0,70.0,70.0,583.0
37056,37056,258,8,0,1,0,23,742.0,111.0,111.0,631.0
37057,37057,258,8,10,1,0,23,737.0,93.0,93.0,644.0
37058,37058,258,8,20,1,0,23,718.0,79.0,79.0,639.0
37059,37059,258,8,30,1,0,23,657.0,110.0,110.0,547.0
37060,37060,258,8,40,1,0,23,595.0,115.0,115.0,480.0
37061,37061,258,8,50,1,0,23,523.0,108.0,108.0,415.0
37062,37062,258,9,0,1,0,23,439.0,85.0,85.0,354.0
37063,37063,258,9,10,1,0,23,386.0,71.0,71.0,315.0
37064,37064,258,9,20,1,0,23,289.0,53.0,53.0,236.0
37065,37065,258,9,30,1,0,23,261.0,54.0,54.0,207.0
37066,37066,258,9,40,1,0,23,179.0,41.0,41.0,138.0
37067,37067,258,9,50,1,0,23,147.0,30.0,30.0,117.0
37068,37068,258,10,0,1,0,23,154.0,52.0,52.0,102.0
37069,37069,258,10,10,1,0,23,140.0,48.0,48.0,92.0
37070,37070,258,10,20,1,0,23,120.0,47.0,47.0,73.0
37071,37071,258,10,30,1,0,23,118.0,47.0,47.0,71.0
37072,37072,258,10,40,1,0,23,94.0,32.0,32.0,62.0
37073,37073,258,10,50,1,0,23,95.0,28.0,28.0,67.0
37074,37074,258,11,0,1,0,23,99.0,45.0,45.0,54.0
37075,37075,258,11,10,1,0,23,100.0,45.0,45.0,55.0
37076,37076,258,11,20,1,0,23,82.0,33.0,33.0,49.0
37077,37077,258,11,30,1,0,23,100.0,39.0,39.0,61.0
37078,37078,258,11,40,1,0,23,77.0,25.0,25.0,52.0
37079,37079,258,11,50,1,0,23,100.0,44.0,44.0,56.0
37080,37080,258,12,0,1,0,23,111.0,56.0,56.0,55.0
37081,37081,258,12,10,1,0,23,99.0,33.0,33.0,66.0
37082,37082,258,12,20,1,0,23,121.0,52.0,52.0,69.0
37083,37083,258,12,30,1,0,23,137.0,58.0,58.0,79.0
37084,37084,258,12,40,1,0,23,116.0,46.0,46.0,70.0
37085,37085,258,12,50,1,0,23,97.0,44.0,44.0,53.0
37086,37086,258,13,0,1,0,23,108.0,48.0,48.0,60.0
37087,37087,258,13,10,1,0,23,127.0,49.0,49.0,78.0
37088,37088,258,13,20,1,0,23,107.0,41.0,41.0,66.0
37089,37089,258,13,30,1,0,23,75.0,35.0,35.0,40.0
37090,37090,258,13,40,1,0,23,108.0,49.0,49.0,59.0
37091,37091,258,13,50,1,0,23,84.0,43.0,43.0,41.0
37092,37092,258,14,0,1,0,23,76.0,44.0,44.0,32.0
37093,37093,258,14,10,1,0,23,105.0,55.0,55.0,50.0
37094,37094,258,14,20,1,0,23,118.0,68.0,68.0,50.0
37095,37095,258,14,30,1,0,23,110.0,56.0,56.0,54.0
37096,37096,258,14,40,1,0,23,88.0,43.0,43.0,45.0
37097,37097,258,14,50,1,0,23,115.0,68.0,68.0,47.0
37098,37098,258,15,0,1,0,23,87.0,36.0,36.0,51.0
37099,37099,258,15,10,1,0,23,111.0,66.0,66.0,45.0
37100,37100,258,15,20,1,0,23,119.0,64.0,64.0,55.0
37101,37101,258,15,30,1,0,23,126.0,82.0,82.0,44.0
37102,37102,258,15,40,1,0,23,153.0,105.0,105.0,48.0
37103,37103,258,15,50,1,0,23,162.0,88.0,88.0,74.0
37104,37104,258,16,0,1,0,23,148.0,84.0,84.0,64.0
37105,37105,258,16,10,1,0,23,176.0,111.0,111.0,65.0
37106,37106,258,16,20,1,0,23,165.0,102.0,102.0,63.0
37107,37107,258,16,30,1,0,23,194.0,110.0,110.0,84.0
37108,37108,258,16,40,1,0,23,233.0,129.0,129.0,104.0
37109,37109,258,16,50,1,0,23,284.0,182.0,182.0,102.0
37110,37110,258,17,0,1,0,23,294.0,180.0,180.0,114.0
37111,37111,258,17,10,1,0,23,275.0,145.0,145.0,130.0
37112,37112,258,17,20,1,0,23,328.0,249.0,249.0,79.0
37113,37113,258,17,30,1,0,23,370.0,262.0,262.0,108.0
37114,37114,258,17,40,1,0,23,477.0,366.0,366.0,111.0
37115,37115,258,17,50,1,0,23,363.0,276.0,276.0,87.0
37116,37116,258,18,0,1,0,23,400.0,318.0,318.0,82.0
37117,37117,258,18,10,1,0,23,475.0,370.0,370.0,105.0
37118,37118,258,18,20,1,0,23,466.0,405.0,405.0,61.0
37119,37119,258,18,30,1,0,23,443.0,396.0,396.0,47.0
37120,37120,258,18,40,1,0,23,462.0,409.0,409.0,53.0
37121,37121,258,18,50,1,0,23,400.0,329.0,329.0,71.0
37122,37122,258,19,0,1,0,23,311.0,277.0,277.0,34.0
37123,37123,258,19,10,1,0,23,315.0,283.0,283.0,32.0
37124,37124,258,19,20,1,0,23,222.0,185.0,185.0,37.0
37125,37125,258,19,30,1,0,23,238.0,197.0,197.0,41.0
37126,37126,258,19,40,1,0,23,174.0,148.0,148.0,26.0
37127,37127,258,19,50,1,0,23,177.0,130.0,130.0,47.0
37128,37128,258,20,0,1,0,23,149.0,113.0,113.0,36.0
37129,37129,258,20,10,1,0,23,168.0,143.0,143.0,25.0
37130,37130,258,20,20,1,0,23,179.0,133.0,133.0,46.0
37131,37131,258,20,30,1,0,23,167.0,142.0,142.0,25.0
37132,37132,258,20,40,1,0,23,142.0,116.0,116.0,26.0
37133,37133,258,20,50,1,0,23,184.0,139.0,139.0,45.0
37134,37134,258,21,0,1,0,23,145.0,110.0,110.0,35.0
37135,37135,258,21,10,1,0,23,159.0,132.0,132.0,27.0
37136,37136,258,21,20,1,0,23,179.0,149.0,149.0,30.0
37137,37137,258,21,30,1,0,23,146.0,120.0,120.0,26.0
37138,37138,258,21,40,1,0,23,130.0,113.0,113.0,17.0
37139,37139,258,21,50,1,0,23,132.0,118.0,118.0,14.0
37140,37140,258,22,0,1,0,23,112.0,87.0,87.0,25.0
37141,37141,258,22,10,1,0,23,126.0,98.0,98.0,28.0
37142,37142,258,22,20,1,0,23,93.0,82.0,82.0,11.0
37143,37143,258,22,30,1,0,23,127.0,120.0,120.0,7.0
37144,37144,258,22,40,1,0,23,64.0,58.0,58.0,6.0
37145,37145,258,22,50,1,0,23,27.0,24.0,24.0,3.0
37182,37182,259,5,0,1,0,23,0.0,0.0,0.0,0.0
37183,37183,259,5,10,1,0,23,0.0,0.0,0.0,0.0
37184,37184,259,5,20,1,0,23,0.0,0.0,0.0,0.0
37185,37185,259,5,30,1,0,23,7.0,0.0,0.0,7.0
37186,37186,259,5,40,1,0,23,20.0,0.0,0.0,20.0
37187,37187,259,5,50,1,0,23,37.0,2.0,2.0,35.0
37188,37188,259,6,0,1,0,23,52.0,18.0,18.0,34.0
37189,37189,259,6,10,1,0,23,71.0,23.0,23.0,48.0
37190,37190,259,6,20,1,0,23,130.0,56.0,56.0,74.0
37191,37191,259,6,30,1,0,23,151.0,59.0,59.0,92.0
37192,37192,259,6,40,1,0,23,191.0,73.0,73.0,118.0
37193,37193,259,6,50,1,0,23,295.0,146.0,146.0,149.0
37194,37194,259,7,0,1,0,23,370.0,198.0,198.0,172.0
37195,37195,259,7,10,1,0,23,404.0,193.0,193.0,211.0
37196,37196,259,7,20,1,0,23,399.0,187.0,187.0,212.0
37197,37197,259,7,30,1,0,23,564.0,302.0,302.0,262.0
37198,37198,259,7,40,1,0,23,668.0,334.0,334.0,334.0
37199,37199,259,7,50,1,0,23,910.0,496.0,496.0,414.0
37200,37200,259,8,0,1,0,23,1147.0,690.0,690.0,457.0
37201,37201,259,8,10,1,0,23,1553.0,1093.0,1093.0,460.0
37202,37202,259,8,20,1,0,23,1621.0,1167.0,1167.0,454.0
37203,37203,259,8,30,1,0,23,1947.0,1552.0,1552.0,395.0
37204,37204,259,8,40,1,0,23,2049.0,1700.0,1700.0,349.0
37205,37205,259,8,50,1,0,23,1883.0,1580.0,1580.0,303.0
37206,37206,259,9,0,1,0,23,1464.0,1138.0,1138.0,326.0
37207,37207,259,9,10,1,0,23,1578.0,1318.0,1318.0,260.0
37208,37208,259,9,20,1,0,23,1032.0,800.0,800.0,232.0
37209,37209,259,9,30,1,0,23,915.0,658.0,658.0,257.0
37210,37210,259,9,40,1,0,23,909.0,677.0,677.0,232.0
37211,37211,259,9,50,1,0,23,745.0,534.0,534.0,211.0
37212,37212,259,10,0,1,0,23,629.0,411.0,411.0,218.0
37213,37213,259,10,10,1,0,23,521.0,325.0,325.0,196.0
37214,37214,259,10,20,1,0,23,537.0,318.0,318.0,219.0
37215,37215,259,10,30,1,0,23,500.0,306.0,306.0,194.0
37216,37216,259,10,40,1,0,23,449.0,238.0,238.0,211.0
37217,37217,259,10,50,1,0,23,438.0,242.0,242.0,196.0
37218,37218,259,11,0,1,0,23,467.0,269.0,269.0,198.0
37219,37219,259,11,10,1,0,23,403.0,190.0,190.0,213.0
37220,37220,259,11,20,1,0,23,367.0,188.0,188.0,179.0
37221,37221,259,11,30,1,0,23,376.0,184.0,184.0,192.0
37222,37222,259,11,40,1,0,23,441.0,248.0,248.0,193.0
37223,37223,259,11,50,1,0,23,478.0,281.0,281.0,197.0
37224,37224,259,12,0,1,0,23,425.0,237.0,237.0,188.0
37225,37225,259,12,10,1,0,23,471.0,260.0,260.0,211.0
37226,37226,259,12,20,1,0,23,414.0,186.0,186.0,228.0
37227,37227,259,12,30,1,0,23,444.0,232.0,232.0,212.0
37228,37228,259,12,40,1,0,23,486.0,276.0,276.0,210.0
37229,37229,259,12,50,1,0,23,436.0,243.0,243.0,193.0
37230,37230,259,13,0,1,0,23,508.0,292.0,292.0,216.0
37231,37231,259,13,10,1,0,23,444.0,198.0,198.0,246.0
37232,37232,259,13,20,1,0,23,476.0,213.0,213.0,263.0
37233,37233,259,13,30,1,0,23,482.0,261.0,261.0,221.0
37234,37234,259,13,40,1,0,23,475.0,225.0,225.0,250.0
37235,37235,259,13,50,1,0,23,471.0,215.0,215.0,256.0
37236,37236,259,14,0,1,0,23,496.0,251.0,251.0,245.0
37237,37237,259,14,10,1,0,23,504.0,195.0,195.0,309.0
37238,37238,259,14,20,1,0,23,529.0,229.0,229.0,300.0
37239,37239,259,14,30,1,0,23,493.0,211.0,211.0,282.0
37240,37240,259,14,40,1,0,23,443.0,234.0,234.0,209.0
37241,37241,259,14,50,1,0,23,453.0,223.0,223.0,230.0
37242,37242,259,15,0,1,0,23,435.0,184.0,184.0,251.0
37243,37243,259,15,10,1,0,23,439.0,160.0,160.0,279.0
37244,37244,259,15,20,1,0,23,460.0,212.0,212.0,248.0
37245,37245,259,15,30,1,0,23,490.0,220.0,220.0,270.0
37246,37246,259,15,40,1,0,23,483.0,223.0,223.0,260.0
37247,37247,259,15,50,1,0,23,460.0,211.0,211.0,249.0
37248,37248,259,16,0,1,0,23,501.0,210.0,210.0,291.0
37249,37249,259,16,10,1,0,23,510.0,203.0,203.0,307.0
37250,37250,259,16,20,1,0,23,526.0,235.0,235.0,291.0
37251,37251,259,16,30,1,0,23,574.0,216.0,216.0,358.0
37252,37252,259,16,40,1,0,23,684.0,289.0,289.0,395.0
37253,37253,259,16,50,1,0,23,624.0,254.0,254.0,370.0
37254,37254,259,17,0,1,0,23,939.0,302.0,302.0,637.0
37255,37255,259,17,10,1,0,23,1142.0,309.0,309.0,833.0
37256,37256,259,17,20,1,0,23,941.0,303.0,303.0,638.0
37257,37257,259,17,30,1,0,23,1165.0,378.0,378.0,787.0
37258,37258,259,17,40,1,0,23,1482.0,433.0,433.0,1049.0
37259,37259,259,17,50,1,0,23,1303.0,421.0,421.0,882.0
37260,37260,259,18,0,1,0,23,1325.0,510.0,510.0,815.0
37261,37261,259,18,10,1,0,23,1937.0,579.0,579.0,1358.0
37262,37262,259,18,20,1,0,23,1473.0,463.0,463.0,1010.0
37263,37263,259,18,30,1,0,23,1261.0,518.0,518.0,743.0
37264,37264,259,18,40,1,0,23,1282.0,514.0,514.0,768.0
37265,37265,259,18,50,1,0,23,974.0,400.0,400.0,574.0
37266,37266,259,19,0,1,0,23,915.0,376.0,376.0,539.0
37267,37267,259,19,10,1,0,23,817.0,304.0,304.0,513.0
37268,37268,259,19,20,1,0,23,595.0,224.0,224.0,371.0
37269,37269,259,19,30,1,0,23,606.0,223.0,223.0,383.0
37270,37270,259,19,40,1,0,23,513.0,171.0,171.0,342.0
37271,37271,259,19,50,1,0,23,486.0,182.0,182.0,304.0
37272,37272,259,20,0,1,0,23,493.0,168.0,168.0,325.0
37273,37273,259,20,10,1,0,23,478.0,161.0,161.0,317.0
37274,37274,259,20,20,1,0,23,583.0,159.0,159.0,424.0
37275,37275,259,20,30,1,0,23,467.0,99.0,99.0,368.0
37276,37276,259,20,40,1,0,23,418.0,98.0,98.0,320.0
37277,37277,259,20,50,1,0,23,429.0,131.0,131.0,298.0
37278,37278,259,21,0,1,0,23,516.0,126.0,126.0,390.0
37279,37279,259,21,10,1,0,23,492.0,128.0,128.0,364.0
37280,37280,259,21,20,1,0,23,413.0,138.0,138.0,275.0
37281,37281,259,21,30,1,0,23,393.0,124.0,124.0,269.0
37282,37282,259,21,40,1,0,23,348.0,128.0,128.0,220.0
37283,37283,259,21,50,1,0,23,312.0,123.0,123.0,189.0
37284,37284,259,22,0,1,0,23,346.0,111.0,111.0,235.0
37285,37285,259,22,10,1,0,23,287.0,134.0,134.0,153.0
37286,37286,259,22,20,1,0,23,248.0,135.0,135.0,113.0
37287,37287,259,22,30,1,0,23,151.0,98.0,98.0,53.0
37288,37288,259,22,40,1,0,23,117.0,77.0,77.0,40.0
37289,37289,259,22,50,1,0,23,65.0,44.0,44.0,21.0
37326,37326,260,5,0,1,0,23,0.0,0.0,0.0,0.0
37327,37327,260,5,10,1,0,23,0.0,0.0,0.0,0.0
37328,37328,260,5,20,1,0,23,0.0,0.0,0.0,0.0
37329,37329,260,5,30,1,0,23,7.0,1.0,1.0,6.0
37330,37330,260,5,40,1,0,23,9.0,0.0,0.0,9.0
37331,37331,260,5,50,1,0,23,37.0,11.0,11.0,26.0
37332,37332,260,6,0,1,0,23,39.0,23.0,23.0,16.0
37333,37333,260,6,10,1,0,23,93.0,63.0,63.0,30.0
37334,37334,260,6,20,1,0,23,147.0,117.0,117.0,30.0
37335,37335,260,6,30,1,0,23,157.0,115.0,115.0,42.0
37336,37336,260,6,40,1,0,23,302.0,237.0,237.0,65.0
37337,37337,260,6,50,1,0,23,344.0,278.0,278.0,66.0
37338,37338,260,7,0,1,0,23,395.0,293.0,293.0,102.0
37339,37339,260,7,10,1,0,23,551.0,430.0,430.0,121.0
37340,37340,260,7,20,1,0,23,516.0,393.0,393.0,123.0
37341,37341,260,7,30,1,0,23,670.0,491.0,491.0,179.0
37342,37342,260,7,40,1,0,23,786.0,604.0,604.0,182.0
37343,37343,260,7,50,1,0,23,935.0,703.0,703.0,232.0
37344,37344,260,8,0,1,0,23,1023.0,789.0,789.0,234.0
37345,37345,260,8,10,1,0,23,1227.0,939.0,939.0,288.0
37346,37346,260,8,20,1,0,23,1220.0,896.0,896.0,324.0
37347,37347,260,8,30,1,0,23,1253.0,970.0,970.0,283.0
37348,37348,260,8,40,1,0,23,1557.0,1294.0,1294.0,263.0
37349,37349,260,8,50,1,0,23,1616.0,1353.0,1353.0,263.0
37350,37350,260,9,0,1,0,23,1132.0,890.0,890.0,242.0
37351,37351,260,9,10,1,0,23,891.0,646.0,646.0,245.0
37352,37352,260,9,20,1,0,23,1032.0,784.0,784.0,248.0
37353,37353,260,9,30,1,0,23,694.0,466.0,466.0,228.0
37354,37354,260,9,40,1,0,23,562.0,345.0,345.0,217.0
37355,37355,260,9,50,1,0,23,665.0,466.0,466.0,199.0
37356,37356,260,10,0,1,0,23,510.0,310.0,310.0,200.0
37357,37357,260,10,10,1,0,23,499.0,289.0,289.0,210.0
37358,37358,260,10,20,1,0,23,436.0,246.0,246.0,190.0
37359,37359,260,10,30,1,0,23,436.0,204.0,204.0,232.0
37360,37360,260,10,40,1,0,23,359.0,203.0,203.0,156.0
37361,37361,260,10,50,1,0,23,344.0,180.0,180.0,164.0
37362,37362,260,11,0,1,0,23,325.0,170.0,170.0,155.0
37363,37363,260,11,10,1,0,23,374.0,158.0,158.0,216.0
37364,37364,260,11,20,1,0,23,324.0,116.0,116.0,208.0
37365,37365,260,11,30,1,0,23,338.0,150.0,150.0,188.0
37366,37366,260,11,40,1,0,23,351.0,157.0,157.0,194.0
37367,37367,260,11,50,1,0,23,325.0,147.0,147.0,178.0
37368,37368,260,12,0,1,0,23,339.0,156.0,156.0,183.0
37369,37369,260,12,10,1,0,23,360.0,151.0,151.0,209.0
37370,37370,260,12,20,1,0,23,358.0,212.0,212.0,146.0
37371,37371,260,12,30,1,0,23,347.0,203.0,203.0,144.0
37372,37372,260,12,40,1,0,23,441.0,291.0,291.0,150.0
37373,37373,260,12,50,1,0,23,424.0,254.0,254.0,170.0
37374,37374,260,13,0,1,0,23,437.0,265.0,265.0,172.0
37375,37375,260,13,10,1,0,23,377.0,202.0,202.0,175.0
37376,37376,260,13,20,1,0,23,366.0,206.0,206.0,160.0
37377,37377,260,13,30,1,0,23,444.0,261.0,261.0,183.0
37378,37378,260,13,40,1,0,23,405.0,240.0,240.0,165.0
37379,37379,260,13,50,1,0,23,407.0,189.0,189.0,218.0
37380,37380,260,14,0,1,0,23,328.0,125.0,125.0,203.0
37381,37381,260,14,10,1,0,23,386.0,184.0,184.0,202.0
37382,37382,260,14,20,1,0,23,385.0,176.0,176.0,209.0
37383,37383,260,14,30,1,0,23,418.0,198.0,198.0,220.0
37384,37384,260,14,40,1,0,23,393.0,178.0,178.0,215.0
37385,37385,260,14,50,1,0,23,381.0,168.0,168.0,213.0
37386,37386,260,15,0,1,0,23,375.0,121.0,121.0,254.0
37387,37387,260,15,10,1,0,23,389.0,144.0,144.0,245.0
37388,37388,260,15,20,1,0,23,484.0,149.0,149.0,335.0
37389,37389,260,15,30,1,0,23,435.0,146.0,146.0,289.0
37390,37390,260,15,40,1,0,23,438.0,153.0,153.0,285.0
37391,37391,260,15,50,1,0,23,467.0,171.0,171.0,296.0
37392,37392,260,16,0,1,0,23,481.0,136.0,136.0,345.0
37393,37393,260,16,10,1,0,23,422.0,129.0,129.0,293.0
37394,37394,260,16,20,1,0,23,476.0,144.0,144.0,332.0
37395,37395,260,16,30,1,0,23,505.0,120.0,120.0,385.0
37396,37396,260,16,40,1,0,23,541.0,143.0,143.0,398.0
37397,37397,260,16,50,1,0,23,561.0,143.0,143.0,418.0
37398,37398,260,17,0,1,0,23,783.0,160.0,160.0,623.0
37399,37399,260,17,10,1,0,23,1079.0,163.0,163.0,916.0
37400,37400,260,17,20,1,0,23,768.0,163.0,163.0,605.0
37401,37401,260,17,30,1,0,23,949.0,240.0,240.0,709.0
37402,37402,260,17,40,1,0,23,1114.0,256.0,256.0,858.0
37403,37403,260,17,50,1,0,23,830.0,216.0,216.0,614.0
37404,37404,260,18,0,1,0,23,988.0,231.0,231.0,757.0
37405,37405,260,18,10,1,0,23,1127.0,256.0,256.0,871.0
37406,37406,260,18,20,1,0,23,781.0,200.0,200.0,581.0
37407,37407,260,18,30,1,0,23,652.0,223.0,223.0,429.0
37408,37408,260,18,40,1,0,23,622.0,239.0,239.0,383.0
37409,37409,260,18,50,1,0,23,479.0,167.0,167.0,312.0
37410,37410,260,19,0,1,0,23,448.0,144.0,144.0,304.0
37411,37411,260,19,10,1,0,23,411.0,147.0,147.0,264.0
37412,37412,260,19,20,1,0,23,329.0,123.0,123.0,206.0
37413,37413,260,19,30,1,0,23,281.0,99.0,99.0,182.0
37414,37414,260,19,40,1,0,23,315.0,89.0,89.0,226.0
37415,37415,260,19,50,1,0,23,321.0,75.0,75.0,246.0
37416,37416,260,20,0,1,0,23,320.0,74.0,74.0,246.0
37417,37417,260,20,10,1,0,23,270.0,75.0,75.0,195.0
37418,37418,260,20,20,1,0,23,232.0,71.0,71.0,161.0
37419,37419,260,20,30,1,0,23,252.0,85.0,85.0,167.0
37420,37420,260,20,40,1,0,23,254.0,77.0,77.0,177.0
37421,37421,260,20,50,1,0,23,223.0,71.0,71.0,152.0
37422,37422,260,21,0,1,0,23,256.0,59.0,59.0,197.0
37423,37423,260,21,10,1,0,23,211.0,41.0,41.0,170.0
37424,37424,260,21,20,1,0,23,195.0,54.0,54.0,141.0
37425,37425,260,21,30,1,0,23,190.0,59.0,59.0,131.0
37426,37426,260,21,40,1,0,23,155.0,48.0,48.0,107.0
37427,37427,260,21,50,1,0,23,157.0,60.0,60.0,97.0
37428,37428,260,22,0,1,0,23,133.0,51.0,51.0,82.0
37429,37429,260,22,10,1,0,23,122.0,50.0,50.0,72.0
37430,37430,260,22,20,1,0,23,128.0,68.0,68.0,60.0
37431,37431,260,22,30,1,0,23,94.0,35.0,35.0,59.0
37432,37432,260,22,40,1,0,23,82.0,33.0,33.0,49.0
37433,37433,260,22,50,1,0,23,50.0,45.0,45.0,5.0
37470,37470,261,5,0,1,0,23,0.0,0.0,0.0,0.0
37471,37471,261,5,10,1,0,23,0.0,0.0,0.0,0.0
37472,37472,261,5,20,1,0,23,0.0,0.0,0.0,0.0
37473,37473,261,5,30,1,0,23,5.0,0.0,0.0,5.0
37474,37474,261,5,40,1,0,23,12.0,0.0,0.0,12.0
37475,37475,261,5,50,1,0,23,19.0,1.0,1.0,18.0
37476,37476,261,6,0,1,0,23,31.0,9.0,9.0,22.0
37477,37477,261,6,10,1,0,23,43.0,13.0,13.0,30.0
37478,37478,261,6,20,1,0,23,57.0,7.0,7.0,50.0
37479,37479,261,6,30,1,0,23,76.0,29.0,29.0,47.0
37480,37480,261,6,40,1,0,23,116.0,29.0,29.0,87.0
37481,37481,261,6,50,1,0,23,138.0,29.0,29.0,109.0
37482,37482,261,7,0,1,0,23,184.0,55.0,55.0,129.0
37483,37483,261,7,10,1,0,23,175.0,61.0,61.0,114.0
37484,37484,261,7,20,1,0,23,212.0,56.0,56.0,156.0
37485,37485,261,7,30,1,0,23,279.0,92.0,92.0,187.0
37486,37486,261,7,40,1,0,23,319.0,77.0,77.0,242.0
37487,37487,261,7,50,1,0,23,403.0,115.0,115.0,288.0
37488,37488,261,8,0,1,0,23,498.0,162.0,162.0,336.0
37489,37489,261,8,10,1,0,23,563.0,259.0,259.0,304.0
37490,37490,261,8,20,1,0,23,634.0,276.0,276.0,358.0
37491,37491,261,8,30,1,0,23,575.0,280.0,280.0,295.0
37492,37492,261,8,40,1,0,23,645.0,360.0,360.0,285.0
37493,37493,261,8,50,1,0,23,436.0,243.0,243.0,193.0
37494,37494,261,9,0,1,0,23,343.0,166.0,166.0,177.0
37495,37495,261,9,10,1,0,23,295.0,165.0,165.0,130.0
37496,37496,261,9,20,1,0,23,250.0,132.0,132.0,118.0
37497,37497,261,9,30,1,0,23,228.0,100.0,100.0,128.0
37498,37498,261,9,40,1,0,23,246.0,134.0,134.0,112.0
37499,37499,261,9,50,1,0,23,192.0,95.0,95.0,97.0
37500,37500,261,10,0,1,0,23,140.0,77.0,77.0,63.0
37501,37501,261,10,10,1,0,23,156.0,73.0,73.0,83.0
37502,37502,261,10,20,1,0,23,118.0,51.0,51.0,67.0
37503,37503,261,10,30,1,0,23,100.0,35.0,35.0,65.0
37504,37504,261,10,40,1,0,23,119.0,47.0,47.0,72.0
37505,37505,261,10,50,1,0,23,81.0,34.0,34.0,47.0
37506,37506,261,11,0,1,0,23,99.0,49.0,49.0,50.0
37507,37507,261,11,10,1,0,23,89.0,30.0,30.0,59.0
37508,37508,261,11,20,1,0,23,94.0,48.0,48.0,46.0
37509,37509,261,11,30,1,0,23,90.0,49.0,49.0,41.0
37510,37510,261,11,40,1,0,23,97.0,35.0,35.0,62.0
37511,37511,261,11,50,1,0,23,125.0,59.0,59.0,66.0
37512,37512,261,12,0,1,0,23,98.0,43.0,43.0,55.0
37513,37513,261,12,10,1,0,23,105.0,57.0,57.0,48.0
37514,37514,261,12,20,1,0,23,109.0,60.0,60.0,49.0
37515,37515,261,12,30,1,0,23,113.0,50.0,50.0,63.0
37516,37516,261,12,40,1,0,23,102.0,47.0,47.0,55.0
37517,37517,261,12,50,1,0,23,105.0,44.0,44.0,61.0
37518,37518,261,13,0,1,0,23,98.0,43.0,43.0,55.0
37519,37519,261,13,10,1,0,23,98.0,37.0,37.0,61.0
37520,37520,261,13,20,1,0,23,122.0,53.0,53.0,69.0
37521,37521,261,13,30,1,0,23,107.0,55.0,55.0,52.0
37522,37522,261,13,40,1,0,23,113.0,58.0,58.0,55.0
37523,37523,261,13,50,1,0,23,117.0,57.0,57.0,60.0
37524,37524,261,14,0,1,0,23,89.0,41.0,41.0,48.0
37525,37525,261,14,10,1,0,23,108.0,45.0,45.0,63.0
37526,37526,261,14,20,1,0,23,107.0,55.0,55.0,52.0
37527,37527,261,14,30,1,0,23,103.0,47.0,47.0,56.0
37528,37528,261,14,40,1,0,23,115.0,62.0,62.0,53.0
37529,37529,261,14,50,1,0,23,85.0,36.0,36.0,49.0
37530,37530,261,15,0,1,0,23,124.0,69.0,69.0,55.0
37531,37531,261,15,10,1,0,23,120.0,68.0,68.0,52.0
37532,37532,261,15,20,1,0,23,132.0,76.0,76.0,56.0
37533,37533,261,15,30,1,0,23,132.0,78.0,78.0,54.0
37534,37534,261,15,40,1,0,23,187.0,68.0,68.0,119.0
37535,37535,261,15,50,1,0,23,136.0,68.0,68.0,68.0
37536,37536,261,16,0,1,0,23,141.0,72.0,72.0,69.0
37537,37537,261,16,10,1,0,23,154.0,84.0,84.0,70.0
37538,37538,261,16,20,1,0,23,147.0,64.0,64.0,83.0
37539,37539,261,16,30,1,0,23,192.0,101.0,101.0,91.0
37540,37540,261,16,40,1,0,23,172.0,85.0,85.0,87.0
37541,37541,261,16,50,1,0,23,165.0,91.0,91.0,74.0
37542,37542,261,17,0,1,0,23,270.0,119.0,119.0,151.0
37543,37543,261,17,10,1,0,23,314.0,121.0,121.0,193.0
37544,37544,261,17,20,1,0,23,311.0,157.0,157.0,154.0
37545,37545,261,17,30,1,0,23,327.0,171.0,171.0,156.0
37546,37546,261,17,40,1,0,23,441.0,166.0,166.0,275.0
37547,37547,261,17,50,1,0,23,333.0,176.0,176.0,157.0
37548,37548,261,18,0,1,0,23,351.0,183.0,183.0,168.0
37549,37549,261,18,10,1,0,23,443.0,237.0,237.0,206.0
37550,37550,261,18,20,1,0,23,378.0,196.0,196.0,182.0
37551,37551,261,18,30,1,0,23,324.0,208.0,208.0,116.0
37552,37552,261,18,40,1,0,23,324.0,242.0,242.0,82.0
37553,37553,261,18,50,1,0,23,278.0,174.0,174.0,104.0
37554,37554,261,19,0,1,0,23,238.0,160.0,160.0,78.0
37555,37555,261,19,10,1,0,23,245.0,150.0,150.0,95.0
37556,37556,261,19,20,1,0,23,244.0,159.0,159.0,85.0
37557,37557,261,19,30,1,0,23,198.0,115.0,115.0,83.0
37558,37558,261,19,40,1,0,23,145.0,88.0,88.0,57.0
37559,37559,261,19,50,1,0,23,116.0,73.0,73.0,43.0
37560,37560,261,20,0,1,0,23,147.0,92.0,92.0,55.0
37561,37561,261,20,10,1,0,23,120.0,60.0,60.0,60.0
37562,37562,261,20,20,1,0,23,142.0,86.0,86.0,56.0
37563,37563,261,20,30,1,0,23,138.0,91.0,91.0,47.0
37564,37564,261,20,40,1,0,23,123.0,76.0,76.0,47.0
37565,37565,261,20,50,1,0,23,93.0,54.0,54.0,39.0
37566,37566,261,21,0,1,0,23,137.0,74.0,74.0,63.0
37567,37567,261,21,10,1,0,23,100.0,73.0,73.0,27.0
37568,37568,261,21,20,1,0,23,125.0,82.0,82.0,43.0
37569,37569,261,21,30,1,0,23,96.0,66.0,66.0,30.0
37570,37570,261,21,40,1,0,23,112.0,79.0,79.0,33.0
37571,37571,261,21,50,1,0,23,96.0,65.0,65.0,31.0
37572,37572,261,22,0,1,0,23,94.0,62.0,62.0,32.0
37573,37573,261,22,10,1,0,23,101.0,66.0,66.0,35.0
37574,37574,261,22,20,1,0,23,91.0,71.0,71.0,20.0
37575,37575,261,22,30,1,0,23,70.0,53.0,53.0,17.0
37576,37576,261,22,40,1,0,23,48.0,44.0,44.0,4.0
37577,37577,261,22,50,1,0,23,44.0,37.0,37.0,7.0
37614,37614,262,5,0,1,0,23,0.0,0.0,0.0,0.0
37615,37615,262,5,10,1,0,23,0.0,0.0,0.0,0.0
37616,37616,262,5,20,1,0,23,5.0,0.0,0.0,5.0
37617,37617,262,5,30,1,0,23,10.0,0.0,0.0,10.0
37618,37618,262,5,40,1,0,23,34.0,0.0,0.0,34.0
37619,37619,262,5,50,1,0,23,31.0,3.0,3.0,28.0
37620,37620,262,6,0,1,0,23,25.0,1.0,1.0,24.0
37621,37621,262,6,10,1,0,23,68.0,6.0,6.0,62.0
37622,37622,262,6,20,1,0,23,71.0,19.0,19.0,52.0
37623,37623,262,6,30,1,0,23,116.0,8.0,8.0,108.0
37624,37624,262,6,40,1,0,23,145.0,16.0,16.0,129.0
37625,37625,262,6,50,1,0,23,162.0,33.0,33.0,129.0
37626,37626,262,7,0,1,0,23,219.0,45.0,45.0,174.0
37627,37627,262,7,10,1,0,23,238.0,69.0,69.0,169.0
37628,37628,262,7,20,1,0,23,321.0,66.0,66.0,255.0
37629,37629,262,7,30,1,0,23,355.0,66.0,66.0,289.0
37630,37630,262,7,40,1,0,23,418.0,101.0,101.0,317.0
37631,37631,262,7,50,1,0,23,444.0,88.0,88.0,356.0
37632,37632,262,8,0,1,0,23,545.0,113.0,113.0,432.0
37633,37633,262,8,10,1,0,23,535.0,137.0,137.0,398.0
37634,37634,262,8,20,1,0,23,537.0,164.0,164.0,373.0
37635,37635,262,8,30,1,0,23,536.0,204.0,204.0,332.0
37636,37636,262,8,40,1,0,23,472.0,193.0,193.0,279.0
37637,37637,262,8,50,1,0,23,390.0,149.0,149.0,241.0
37638,37638,262,9,0,1,0,23,341.0,143.0,143.0,198.0
37639,37639,262,9,10,1,0,23,308.0,122.0,122.0,186.0
37640,37640,262,9,20,1,0,23,216.0,73.0,73.0,143.0
37641,37641,262,9,30,1,0,23,157.0,51.0,51.0,106.0
37642,37642,262,9,40,1,0,23,177.0,79.0,79.0,98.0
37643,37643,262,9,50,1,0,23,149.0,56.0,56.0,93.0
37644,37644,262,10,0,1,0,23,188.0,62.0,62.0,126.0
37645,37645,262,10,10,1,0,23,161.0,62.0,62.0,99.0
37646,37646,262,10,20,1,0,23,129.0,49.0,49.0,80.0
37647,37647,262,10,30,1,0,23,107.0,57.0,57.0,50.0
37648,37648,262,10,40,1,0,23,90.0,44.0,44.0,46.0
37649,37649,262,10,50,1,0,23,89.0,31.0,31.0,58.0
37650,37650,262,11,0,1,0,23,111.0,46.0,46.0,65.0
37651,37651,262,11,10,1,0,23,107.0,51.0,51.0,56.0
37652,37652,262,11,20,1,0,23,121.0,68.0,68.0,53.0
37653,37653,262,11,30,1,0,23,148.0,75.0,75.0,73.0
37654,37654,262,11,40,1,0,23,143.0,72.0,72.0,71.0
37655,37655,262,11,50,1,0,23,146.0,74.0,74.0,72.0
37656,37656,262,12,0,1,0,23,147.0,68.0,68.0,79.0
37657,37657,262,12,10,1,0,23,150.0,69.0,69.0,81.0
37658,37658,262,12,20,1,0,23,123.0,55.0,55.0,68.0
37659,37659,262,12,30,1,0,23,132.0,59.0,59.0,73.0
37660,37660,262,12,40,1,0,23,142.0,51.0,51.0,91.0
37661,37661,262,12,50,1,0,23,141.0,67.0,67.0,74.0
37662,37662,262,13,0,1,0,23,120.0,61.0,61.0,59.0
37663,37663,262,13,10,1,0,23,121.0,57.0,57.0,64.0
37664,37664,262,13,20,1,0,23,124.0,65.0,65.0,59.0
37665,37665,262,13,30,1,0,23,124.0,51.0,51.0,73.0
37666,37666,262,13,40,1,0,23,119.0,69.0,69.0,50.0
37667,37667,262,13,50,1,0,23,115.0,71.0,71.0,44.0
37668,37668,262,14,0,1,0,23,119.0,66.0,66.0,53.0
37669,37669,262,14,10,1,0,23,119.0,58.0,58.0,61.0
37670,37670,262,14,20,1,0,23,118.0,60.0,60.0,58.0
37671,37671,262,14,30,1,0,23,117.0,71.0,71.0,46.0
37672,37672,262,14,40,1,0,23,145.0,79.0,79.0,66.0
37673,37673,262,14,50,1,0,23,109.0,59.0,59.0,50.0
37674,37674,262,15,0,1,0,23,154.0,106.0,106.0,48.0
37675,37675,262,15,10,1,0,23,143.0,57.0,57.0,86.0
37676,37676,262,15,20,1,0,23,161.0,83.0,83.0,78.0
37677,37677,262,15,30,1,0,23,161.0,96.0,96.0,65.0
37678,37678,262,15,40,1,0,23,136.0,77.0,77.0,59.0
37679,37679,262,15,50,1,0,23,142.0,98.0,98.0,44.0
37680,37680,262,16,0,1,0,23,152.0,79.0,79.0,73.0
37681,37681,262,16,10,1,0,23,145.0,81.0,81.0,64.0
37682,37682,262,16,20,1,0,23,198.0,130.0,130.0,68.0
37683,37683,262,16,30,1,0,23,187.0,101.0,101.0,86.0
37684,37684,262,16,40,1,0,23,265.0,164.0,164.0,101.0
37685,37685,262,16,50,1,0,23,208.0,108.0,108.0,100.0
37686,37686,262,17,0,1,0,23,257.0,146.0,146.0,111.0
37687,37687,262,17,10,1,0,23,340.0,189.0,189.0,151.0
37688,37688,262,17,20,1,0,23,317.0,207.0,207.0,110.0
37689,37689,262,17,30,1,0,23,368.0,240.0,240.0,128.0
37690,37690,262,17,40,1,0,23,394.0,219.0,219.0,175.0
37691,37691,262,17,50,1,0,23,377.0,226.0,226.0,151.0
37692,37692,262,18,0,1,0,23,409.0,291.0,291.0,118.0
37693,37693,262,18,10,1,0,23,404.0,247.0,247.0,157.0
37694,37694,262,18,20,1,0,23,399.0,270.0,270.0,129.0
37695,37695,262,18,30,1,0,23,383.0,282.0,282.0,101.0
37696,37696,262,18,40,1,0,23,316.0,217.0,217.0,99.0
37697,37697,262,18,50,1,0,23,347.0,266.0,266.0,81.0
37698,37698,262,19,0,1,0,23,277.0,207.0,207.0,70.0
37699,37699,262,19,10,1,0,23,239.0,181.0,181.0,58.0
37700,37700,262,19,20,1,0,23,209.0,161.0,161.0,48.0
37701,37701,262,19,30,1,0,23,192.0,141.0,141.0,51.0
37702,37702,262,19,40,1,0,23,172.0,126.0,126.0,46.0
37703,37703,262,19,50,1,0,23,180.0,124.0,124.0,56.0
37704,37704,262,20,0,1,0,23,160.0,96.0,96.0,64.0
37705,37705,262,20,10,1,0,23,139.0,92.0,92.0,47.0
37706,37706,262,20,20,1,0,23,135.0,88.0,88.0,47.0
37707,37707,262,20,30,1,0,23,130.0,87.0,87.0,43.0
37708,37708,262,20,40,1,0,23,154.0,101.0,101.0,53.0
37709,37709,262,20,50,1,0,23,129.0,99.0,99.0,30.0
37710,37710,262,21,0,1,0,23,168.0,98.0,98.0,70.0
37711,37711,262,21,10,1,0,23,165.0,100.0,100.0,65.0
37712,37712,262,21,20,1,0,23,186.0,131.0,131.0,55.0
37713,37713,262,21,30,1,0,23,139.0,86.0,86.0,53.0
37714,37714,262,21,40,1,0,23,133.0,90.0,90.0,43.0
37715,37715,262,21,50,1,0,23,116.0,93.0,93.0,23.0
37716,37716,262,22,0,1,0,23,124.0,97.0,97.0,27.0
37717,37717,262,22,10,1,0,23,153.0,127.0,127.0,26.0
37718,37718,262,22,20,1,0,23,109.0,90.0,90.0,19.0
37719,37719,262,22,30,1,0,23,71.0,60.0,60.0,11.0
37720,37720,262,22,40,1,0,23,65.0,61.0,61.0,4.0
37721,37721,262,22,50,1,0,23,43.0,43.0,43.0,0.0
37758,37758,263,5,0,1,0,23,0.0,0.0,0.0,0.0
37759,37759,263,5,10,1,0,23,0.0,0.0,0.0,0.0
37760,37760,263,5,20,1,0,23,3.0,2.0,2.0,1.0
37761,37761,263,5,30,1,0,23,17.0,0.0,0.0,17.0
37762,37762,263,5,40,1,0,23,56.0,0.0,0.0,56.0
37763,37763,263,5,50,1,0,23,66.0,10.0,10.0,56.0
37764,37764,263,6,0,1,0,23,97.0,6.0,6.0,91.0
37765,37765,263,6,10,1,0,23,133.0,30.0,30.0,103.0
37766,37766,263,6,20,1,0,23,252.0,38.0,38.0,214.0
37767,37767,263,6,30,1,0,23,279.0,28.0,28.0,251.0
37768,37768,263,6,40,1,0,23,331.0,48.0,48.0,283.0
37769,37769,263,6,50,1,0,23,471.0,102.0,102.0,369.0
37770,37770,263,7,0,1,0,23,527.0,116.0,116.0,411.0
37771,37771,263,7,10,1,0,23,604.0,121.0,121.0,483.0
37772,37772,263,7,20,1,0,23,623.0,104.0,104.0,519.0
37773,37773,263,7,30,1,0,23,780.0,162.0,162.0,618.0
37774,37774,263,7,40,1,0,23,960.0,164.0,164.0,796.0
37775,37775,263,7,50,1,0,23,1067.0,196.0,196.0,871.0
37776,37776,263,8,0,1,0,23,1085.0,133.0,133.0,952.0
37777,37777,263,8,10,1,0,23,1198.0,149.0,149.0,1049.0
37778,37778,263,8,20,1,0,23,1025.0,136.0,136.0,889.0
37779,37779,263,8,30,1,0,23,864.0,128.0,128.0,736.0
37780,37780,263,8,40,1,0,23,840.0,122.0,122.0,718.0
37781,37781,263,8,50,1,0,23,766.0,139.0,139.0,627.0
37782,37782,263,9,0,1,0,23,596.0,90.0,90.0,506.0
37783,37783,263,9,10,1,0,23,488.0,90.0,90.0,398.0
37784,37784,263,9,20,1,0,23,510.0,92.0,92.0,418.0
37785,37785,263,9,30,1,0,23,351.0,74.0,74.0,277.0
37786,37786,263,9,40,1,0,23,280.0,83.0,83.0,197.0
37787,37787,263,9,50,1,0,23,293.0,74.0,74.0,219.0
37788,37788,263,10,0,1,0,23,242.0,58.0,58.0,184.0
37789,37789,263,10,10,1,0,23,279.0,92.0,92.0,187.0
37790,37790,263,10,20,1,0,23,220.0,63.0,63.0,157.0
37791,37791,263,10,30,1,0,23,228.0,95.0,95.0,133.0
37792,37792,263,10,40,1,0,23,169.0,58.0,58.0,111.0
37793,37793,263,10,50,1,0,23,203.0,83.0,83.0,120.0
37794,37794,263,11,0,1,0,23,162.0,65.0,65.0,97.0
37795,37795,263,11,10,1,0,23,175.0,92.0,92.0,83.0
37796,37796,263,11,20,1,0,23,162.0,61.0,61.0,101.0
37797,37797,263,11,30,1,0,23,189.0,78.0,78.0,111.0
37798,37798,263,11,40,1,0,23,168.0,76.0,76.0,92.0
37799,37799,263,11,50,1,0,23,230.0,118.0,118.0,112.0
37800,37800,263,12,0,1,0,23,238.0,94.0,94.0,144.0
37801,37801,263,12,10,1,0,23,193.0,87.0,87.0,106.0
37802,37802,263,12,20,1,0,23,199.0,78.0,78.0,121.0
37803,37803,263,12,30,1,0,23,246.0,116.0,116.0,130.0
37804,37804,263,12,40,1,0,23,189.0,77.0,77.0,112.0
37805,37805,263,12,50,1,0,23,193.0,96.0,96.0,97.0
37806,37806,263,13,0,1,0,23,180.0,80.0,80.0,100.0
37807,37807,263,13,10,1,0,23,227.0,117.0,117.0,110.0
37808,37808,263,13,20,1,0,23,201.0,73.0,73.0,128.0
37809,37809,263,13,30,1,0,23,228.0,122.0,122.0,106.0
37810,37810,263,13,40,1,0,23,162.0,79.0,79.0,83.0
37811,37811,263,13,50,1,0,23,189.0,88.0,88.0,101.0
37812,37812,263,14,0,1,0,23,201.0,80.0,80.0,121.0
37813,37813,263,14,10,1,0,23,210.0,139.0,139.0,71.0
37814,37814,263,14,20,1,0,23,162.0,90.0,90.0,72.0
37815,37815,263,14,30,1,0,23,210.0,112.0,112.0,98.0
37816,37816,263,14,40,1,0,23,178.0,97.0,97.0,81.0
37817,37817,263,14,50,1,0,23,228.0,139.0,139.0,89.0
37818,37818,263,15,0,1,0,23,194.0,95.0,95.0,99.0
37819,37819,263,15,10,1,0,23,216.0,130.0,130.0,86.0
37820,37820,263,15,20,1,0,23,260.0,142.0,142.0,118.0
37821,37821,263,15,30,1,0,23,279.0,186.0,186.0,93.0
37822,37822,263,15,40,1,0,23,210.0,121.0,121.0,89.0
37823,37823,263,15,50,1,0,23,334.0,232.0,232.0,102.0
37824,37824,263,16,0,1,0,23,264.0,145.0,145.0,119.0
37825,37825,263,16,10,1,0,23,338.0,220.0,220.0,118.0
37826,37826,263,16,20,1,0,23,268.0,168.0,168.0,100.0
37827,37827,263,16,30,1,0,23,368.0,258.0,258.0,110.0
37828,37828,263,16,40,1,0,23,336.0,181.0,181.0,155.0
37829,37829,263,16,50,1,0,23,411.0,287.0,287.0,124.0
37830,37830,263,17,0,1,0,23,428.0,284.0,284.0,144.0
37831,37831,263,17,10,1,0,23,428.0,266.0,266.0,162.0
37832,37832,263,17,20,1,0,23,511.0,371.0,371.0,140.0
37833,37833,263,17,30,1,0,23,618.0,413.0,413.0,205.0
37834,37834,263,17,40,1,0,23,596.0,399.0,399.0,197.0
37835,37835,263,17,50,1,0,23,602.0,503.0,503.0,99.0
37836,37836,263,18,0,1,0,23,692.0,547.0,547.0,145.0
37837,37837,263,18,10,1,0,23,708.0,567.0,567.0,141.0
37838,37838,263,18,20,1,0,23,592.0,495.0,495.0,97.0
37839,37839,263,18,30,1,0,23,663.0,566.0,566.0,97.0
37840,37840,263,18,40,1,0,23,619.0,541.0,541.0,78.0
37841,37841,263,18,50,1,0,23,639.0,523.0,523.0,116.0
37842,37842,263,19,0,1,0,23,499.0,426.0,426.0,73.0
37843,37843,263,19,10,1,0,23,417.0,361.0,361.0,56.0
37844,37844,263,19,20,1,0,23,438.0,379.0,379.0,59.0
37845,37845,263,19,30,1,0,23,319.0,263.0,263.0,56.0
37846,37846,263,19,40,1,0,23,347.0,287.0,287.0,60.0
37847,37847,263,19,50,1,0,23,247.0,207.0,207.0,40.0
37848,37848,263,20,0,1,0,23,278.0,207.0,207.0,71.0
37849,37849,263,20,10,1,0,23,261.0,211.0,211.0,50.0
37850,37850,263,20,20,1,0,23,208.0,134.0,134.0,74.0
37851,37851,263,20,30,1,0,23,293.0,227.0,227.0,66.0
37852,37852,263,20,40,1,0,23,299.0,227.0,227.0,72.0
37853,37853,263,20,50,1,0,23,199.0,132.0,132.0,67.0
37854,37854,263,21,0,1,0,23,299.0,234.0,234.0,65.0
37855,37855,263,21,10,1,0,23,247.0,166.0,166.0,81.0
37856,37856,263,21,20,1,0,23,212.0,192.0,192.0,20.0
37857,37857,263,21,30,1,0,23,220.0,163.0,163.0,57.0
37858,37858,263,21,40,1,0,23,266.0,223.0,223.0,43.0
37859,37859,263,21,50,1,0,23,207.0,183.0,183.0,24.0
37860,37860,263,22,0,1,0,23,176.0,139.0,139.0,37.0
37861,37861,263,22,10,1,0,23,145.0,109.0,109.0,36.0
37862,37862,263,22,20,1,0,23,174.0,148.0,148.0,26.0
37863,37863,263,22,30,1,0,23,218.0,203.0,203.0,15.0
37864,37864,263,22,40,1,0,23,105.0,82.0,82.0,23.0
37865,37865,263,22,50,1,0,23,73.0,69.0,69.0,4.0
37902,37902,264,5,0,1,0,23,0.0,0.0,0.0,0.0
37903,37903,264,5,10,1,0,23,1.0,1.0,1.0,0.0
37904,37904,264,5,20,1,0,23,0.0,0.0,0.0,0.0
37905,37905,264,5,30,1,0,23,7.0,0.0,0.0,7.0
37906,37906,264,5,40,1,0,23,15.0,0.0,0.0,15.0
37907,37907,264,5,50,1,0,23,40.0,0.0,0.0,40.0
37908,37908,264,6,0,1,0,23,76.0,41.0,41.0,35.0
37909,37909,264,6,10,1,0,23,45.0,27.0,27.0,18.0
37910,37910,264,6,20,1,0,23,73.0,42.0,42.0,31.0
37911,37911,264,6,30,1,0,23,113.0,77.0,77.0,36.0
37912,37912,264,6,40,1,0,23,144.0,113.0,113.0,31.0
37913,37913,264,6,50,1,0,23,184.0,142.0,142.0,42.0
37914,37914,264,7,0,1,0,23,301.0,251.0,251.0,50.0
37915,37915,264,7,10,1,0,23,354.0,273.0,273.0,81.0
37916,37916,264,7,20,1,0,23,285.0,206.0,206.0,79.0
37917,37917,264,7,30,1,0,23,339.0,259.0,259.0,80.0
37918,37918,264,7,40,1,0,23,442.0,367.0,367.0,75.0
37919,37919,264,7,50,1,0,23,564.0,474.0,474.0,90.0
37920,37920,264,8,0,1,0,23,801.0,676.0,676.0,125.0
37921,37921,264,8,10,1,0,23,1136.0,1016.0,1016.0,120.0
37922,37922,264,8,20,1,0,23,1323.0,1213.0,1213.0,110.0
37923,37923,264,8,30,1,0,23,1575.0,1474.0,1474.0,101.0
37924,37924,264,8,40,1,0,23,1960.0,1840.0,1840.0,120.0
37925,37925,264,8,50,1,0,23,1691.0,1596.0,1596.0,95.0
37926,37926,264,9,0,1,0,23,1093.0,1022.0,1022.0,71.0
37927,37927,264,9,10,1,0,23,1134.0,1045.0,1045.0,89.0
37928,37928,264,9,20,1,0,23,860.0,748.0,748.0,112.0
37929,37929,264,9,30,1,0,23,749.0,651.0,651.0,98.0
37930,37930,264,9,40,1,0,23,618.0,489.0,489.0,129.0
37931,37931,264,9,50,1,0,23,548.0,449.0,449.0,99.0
37932,37932,264,10,0,1,0,23,516.0,421.0,421.0,95.0
37933,37933,264,10,10,1,0,23,291.0,199.0,199.0,92.0
37934,37934,264,10,20,1,0,23,381.0,284.0,284.0,97.0
37935,37935,264,10,30,1,0,23,276.0,189.0,189.0,87.0
37936,37936,264,10,40,1,0,23,372.0,248.0,248.0,124.0
37937,37937,264,10,50,1,0,23,287.0,191.0,191.0,96.0
37938,37938,264,11,0,1,0,23,313.0,208.0,208.0,105.0
37939,37939,264,11,10,1,0,23,244.0,142.0,142.0,102.0
37940,37940,264,11,20,1,0,23,277.0,165.0,165.0,112.0
37941,37941,264,11,30,1,0,23,260.0,160.0,160.0,100.0
37942,37942,264,11,40,1,0,23,323.0,190.0,190.0,133.0
37943,37943,264,11,50,1,0,23,267.0,146.0,146.0,121.0
37944,37944,264,12,0,1,0,23,318.0,189.0,189.0,129.0
37945,37945,264,12,10,1,0,23,266.0,129.0,129.0,137.0
37946,37946,264,12,20,1,0,23,332.0,181.0,181.0,151.0
37947,37947,264,12,30,1,0,23,316.0,151.0,151.0,165.0
37948,37948,264,12,40,1,0,23,359.0,234.0,234.0,125.0
37949,37949,264,12,50,1,0,23,324.0,155.0,155.0,169.0
37950,37950,264,13,0,1,0,23,371.0,222.0,222.0,149.0
37951,37951,264,13,10,1,0,23,302.0,146.0,146.0,156.0
37952,37952,264,13,20,1,0,23,345.0,202.0,202.0,143.0
37953,37953,264,13,30,1,0,23,312.0,170.0,170.0,142.0
37954,37954,264,13,40,1,0,23,362.0,181.0,181.0,181.0
37955,37955,264,13,50,1,0,23,323.0,138.0,138.0,185.0
37956,37956,264,14,0,1,0,23,300.0,134.0,134.0,166.0
37957,37957,264,14,10,1,0,23,275.0,127.0,127.0,148.0
37958,37958,264,14,20,1,0,23,315.0,145.0,145.0,170.0
37959,37959,264,14,30,1,0,23,271.0,113.0,113.0,158.0
37960,37960,264,14,40,1,0,23,321.0,152.0,152.0,169.0
37961,37961,264,14,50,1,0,23,270.0,115.0,115.0,155.0
37962,37962,264,15,0,1,0,23,295.0,130.0,130.0,165.0
37963,37963,264,15,10,1,0,23,300.0,96.0,96.0,204.0
37964,37964,264,15,20,1,0,23,331.0,155.0,155.0,176.0
37965,37965,264,15,30,1,0,23,281.0,132.0,132.0,149.0
37966,37966,264,15,40,1,0,23,329.0,163.0,163.0,166.0
37967,37967,264,15,50,1,0,23,304.0,122.0,122.0,182.0
37968,37968,264,16,0,1,0,23,454.0,150.0,150.0,304.0
37969,37969,264,16,10,1,0,23,415.0,118.0,118.0,297.0
37970,37970,264,16,20,1,0,23,436.0,164.0,164.0,272.0
37971,37971,264,16,30,1,0,23,428.0,143.0,143.0,285.0
37972,37972,264,16,40,1,0,23,477.0,155.0,155.0,322.0
37973,37973,264,16,50,1,0,23,511.0,186.0,186.0,325.0
37974,37974,264,17,0,1,0,23,660.0,182.0,182.0,478.0
37975,37975,264,17,10,1,0,23,864.0,180.0,180.0,684.0
37976,37976,264,17,20,1,0,23,797.0,286.0,286.0,511.0
37977,37977,264,17,30,1,0,23,937.0,242.0,242.0,695.0
37978,37978,264,17,40,1,0,23,1250.0,231.0,231.0,1019.0
37979,37979,264,17,50,1,0,23,1063.0,357.0,357.0,706.0
37980,37980,264,18,0,1,0,23,1148.0,334.0,334.0,814.0
37981,37981,264,18,10,1,0,23,1727.0,323.0,323.0,1404.0
37982,37982,264,18,20,1,0,23,1298.0,356.0,356.0,942.0
37983,37983,264,18,30,1,0,23,1024.0,314.0,314.0,710.0
37984,37984,264,18,40,1,0,23,953.0,348.0,348.0,605.0
37985,37985,264,18,50,1,0,23,753.0,272.0,272.0,481.0
37986,37986,264,19,0,1,0,23,630.0,258.0,258.0,372.0
37987,37987,264,19,10,1,0,23,574.0,183.0,183.0,391.0
37988,37988,264,19,20,1,0,23,462.0,136.0,136.0,326.0
37989,37989,264,19,30,1,0,23,437.0,136.0,136.0,301.0
37990,37990,264,19,40,1,0,23,430.0,109.0,109.0,321.0
37991,37991,264,19,50,1,0,23,325.0,78.0,78.0,247.0
37992,37992,264,20,0,1,0,23,362.0,93.0,93.0,269.0
37993,37993,264,20,10,1,0,23,429.0,64.0,64.0,365.0
37994,37994,264,20,20,1,0,23,343.0,67.0,67.0,276.0
37995,37995,264,20,30,1,0,23,363.0,55.0,55.0,308.0
37996,37996,264,20,40,1,0,23,344.0,52.0,52.0,292.0
37997,37997,264,20,50,1,0,23,298.0,50.0,50.0,248.0
37998,37998,264,21,0,1,0,23,378.0,71.0,71.0,307.0
37999,37999,264,21,10,1,0,23,436.0,60.0,60.0,376.0
38000,38000,264,21,20,1,0,23,379.0,70.0,70.0,309.0
38001,38001,264,21,30,1,0,23,490.0,58.0,58.0,432.0
38002,38002,264,21,40,1,0,23,390.0,62.0,62.0,328.0
38003,38003,264,21,50,1,0,23,239.0,49.0,49.0,190.0
38004,38004,264,22,0,1,0,23,275.0,44.0,44.0,231.0
38005,38005,264,22,10,1,0,23,221.0,42.0,42.0,179.0
38006,38006,264,22,20,1,0,23,184.0,49.0,49.0,135.0
38007,38007,264,22,30,1,0,23,143.0,49.0,49.0,94.0
38008,38008,264,22,40,1,0,23,98.0,54.0,54.0,44.0
38009,38009,264,22,50,1,0,23,49.0,17.0,17.0,32.0
38046,38046,265,5,0,1,0,23,0.0,0.0,0.0,0.0
38047,38047,265,5,10,1,0,23,0.0,0.0,0.0,0.0
38048,38048,265,5,20,1,0,23,2.0,0.0,0.0,2.0
38049,38049,265,5,30,1,0,23,9.0,0.0,0.0,9.0
38050,38050,265,5,40,1,0,23,26.0,0.0,0.0,26.0
38051,38051,265,5,50,1,0,23,33.0,10.0,10.0,23.0
38052,38052,265,6,0,1,0,23,41.0,4.0,4.0,37.0
38053,38053,265,6,10,1,0,23,74.0,27.0,27.0,47.0
38054,38054,265,6,20,1,0,23,113.0,33.0,33.0,80.0
38055,38055,265,6,30,1,0,23,120.0,36.0,36.0,84.0
38056,38056,265,6,40,1,0,23,201.0,38.0,38.0,163.0
38057,38057,265,6,50,1,0,23,259.0,81.0,81.0,178.0
38058,38058,265,7,0,1,0,23,266.0,59.0,59.0,207.0
38059,38059,265,7,10,1,0,23,366.0,93.0,93.0,273.0
38060,38060,265,7,20,1,0,23,427.0,133.0,133.0,294.0
38061,38061,265,7,30,1,0,23,562.0,144.0,144.0,418.0
38062,38062,265,7,40,1,0,23,640.0,205.0,205.0,435.0
38063,38063,265,7,50,1,0,23,709.0,202.0,202.0,507.0
38064,38064,265,8,0,1,0,23,920.0,320.0,320.0,600.0
38065,38065,265,8,10,1,0,23,1137.0,475.0,475.0,662.0
38066,38066,265,8,20,1,0,23,1080.0,474.0,474.0,606.0
38067,38067,265,8,30,1,0,23,1129.0,599.0,599.0,530.0
38068,38068,265,8,40,1,0,23,1266.0,839.0,839.0,427.0
38069,38069,265,8,50,1,0,23,978.0,622.0,622.0,356.0
38070,38070,265,9,0,1,0,23,825.0,488.0,488.0,337.0
38071,38071,265,9,10,1,0,23,667.0,379.0,379.0,288.0
38072,38072,265,9,20,1,0,23,597.0,334.0,334.0,263.0
38073,38073,265,9,30,1,0,23,476.0,248.0,248.0,228.0
38074,38074,265,9,40,1,0,23,478.0,302.0,302.0,176.0
38075,38075,265,9,50,1,0,23,420.0,253.0,253.0,167.0
38076,38076,265,10,0,1,0,23,433.0,277.0,277.0,156.0
38077,38077,265,10,10,1,0,23,371.0,214.0,214.0,157.0
38078,38078,265,10,20,1,0,23,324.0,182.0,182.0,142.0
38079,38079,265,10,30,1,0,23,287.0,156.0,156.0,131.0
38080,38080,265,10,40,1,0,23,358.0,215.0,215.0,143.0
38081,38081,265,10,50,1,0,23,293.0,177.0,177.0,116.0
38082,38082,265,11,0,1,0,23,336.0,195.0,195.0,141.0
38083,38083,265,11,10,1,0,23,297.0,166.0,166.0,131.0
38084,38084,265,11,20,1,0,23,375.0,227.0,227.0,148.0
38085,38085,265,11,30,1,0,23,344.0,200.0,200.0,144.0
38086,38086,265,11,40,1,0,23,471.0,303.0,303.0,168.0
38087,38087,265,11,50,1,0,23,426.0,278.0,278.0,148.0
38088,38088,265,12,0,1,0,23,507.0,302.0,302.0,205.0
38089,38089,265,12,10,1,0,23,390.0,214.0,214.0,176.0
38090,38090,265,12,20,1,0,23,451.0,225.0,225.0,226.0
38091,38091,265,12,30,1,0,23,420.0,202.0,202.0,218.0
38092,38092,265,12,40,1,0,23,523.0,270.0,270.0,253.0
38093,38093,265,12,50,1,0,23,397.0,175.0,175.0,222.0
38094,38094,265,13,0,1,0,23,446.0,235.0,235.0,211.0
38095,38095,265,13,10,1,0,23,430.0,191.0,191.0,239.0
38096,38096,265,13,20,1,0,23,449.0,196.0,196.0,253.0
38097,38097,265,13,30,1,0,23,344.0,138.0,138.0,206.0
38098,38098,265,13,40,1,0,23,435.0,223.0,223.0,212.0
38099,38099,265,13,50,1,0,23,394.0,177.0,177.0,217.0
38100,38100,265,14,0,1,0,23,419.0,208.0,208.0,211.0
38101,38101,265,14,10,1,0,23,375.0,136.0,136.0,239.0
38102,38102,265,14,20,1,0,23,418.0,206.0,206.0,212.0
38103,38103,265,14,30,1,0,23,373.0,169.0,169.0,204.0
38104,38104,265,14,40,1,0,23,429.0,241.0,241.0,188.0
38105,38105,265,14,50,1,0,23,353.0,164.0,164.0,189.0
38106,38106,265,15,0,1,0,23,467.0,237.0,237.0,230.0
38107,38107,265,15,10,1,0,23,412.0,165.0,165.0,247.0
38108,38108,265,15,20,1,0,23,436.0,236.0,236.0,200.0
38109,38109,265,15,30,1,0,23,432.0,201.0,201.0,231.0
38110,38110,265,15,40,1,0,23,451.0,233.0,233.0,218.0
38111,38111,265,15,50,1,0,23,453.0,235.0,235.0,218.0
38112,38112,265,16,0,1,0,23,485.0,282.0,282.0,203.0
38113,38113,265,16,10,1,0,23,444.0,210.0,210.0,234.0
38114,38114,265,16,20,1,0,23,646.0,366.0,366.0,280.0
38115,38115,265,16,30,1,0,23,529.0,255.0,255.0,274.0
38116,38116,265,16,40,1,0,23,629.0,323.0,323.0,306.0
38117,38117,265,16,50,1,0,23,608.0,345.0,345.0,263.0
38118,38118,265,17,0,1,0,23,823.0,435.0,435.0,388.0
38119,38119,265,17,10,1,0,23,910.0,429.0,429.0,481.0
38120,38120,265,17,20,1,0,23,975.0,542.0,542.0,433.0
38121,38121,265,17,30,1,0,23,1140.0,553.0,553.0,587.0
38122,38122,265,17,40,1,0,23,1276.0,607.0,607.0,669.0
38123,38123,265,17,50,1,0,23,1101.0,560.0,560.0,541.0
38124,38124,265,18,0,1,0,23,1282.0,715.0,715.0,567.0
38125,38125,265,18,10,1,0,23,1364.0,747.0,747.0,617.0
38126,38126,265,18,20,1,0,23,1200.0,686.0,686.0,514.0
38127,38127,265,18,30,1,0,23,1118.0,660.0,660.0,458.0
38128,38128,265,18,40,1,0,23,1048.0,659.0,659.0,389.0
38129,38129,265,18,50,1,0,23,1043.0,702.0,702.0,341.0
38130,38130,265,19,0,1,0,23,877.0,514.0,514.0,363.0
38131,38131,265,19,10,1,0,23,752.0,438.0,438.0,314.0
38132,38132,265,19,20,1,0,23,719.0,370.0,370.0,349.0
38133,38133,265,19,30,1,0,23,652.0,386.0,386.0,266.0
38134,38134,265,19,40,1,0,23,625.0,257.0,257.0,368.0
38135,38135,265,19,50,1,0,23,534.0,217.0,217.0,317.0
38136,38136,265,20,0,1,0,23,524.0,205.0,205.0,319.0
38137,38137,265,20,10,1,0,23,540.0,200.0,200.0,340.0
38138,38138,265,20,20,1,0,23,539.0,196.0,196.0,343.0
38139,38139,265,20,30,1,0,23,461.0,177.0,177.0,284.0
38140,38140,265,20,40,1,0,23,545.0,169.0,169.0,376.0
38141,38141,265,20,50,1,0,23,473.0,142.0,142.0,331.0
38142,38142,265,21,0,1,0,23,499.0,206.0,206.0,293.0
38143,38143,265,21,10,1,0,23,468.0,151.0,151.0,317.0
38144,38144,265,21,20,1,0,23,522.0,158.0,158.0,364.0
38145,38145,265,21,30,1,0,23,427.0,155.0,155.0,272.0
38146,38146,265,21,40,1,0,23,430.0,183.0,183.0,247.0
38147,38147,265,21,50,1,0,23,388.0,144.0,144.0,244.0
38148,38148,265,22,0,1,0,23,280.0,116.0,116.0,164.0
38149,38149,265,22,10,1,0,23,225.0,137.0,137.0,88.0
38150,38150,265,22,20,1,0,23,192.0,118.0,118.0,74.0
38151,38151,265,22,30,1,0,23,155.0,106.0,106.0,49.0
38152,38152,265,22,40,1,0,23,117.0,84.0,84.0,33.0
38153,38153,265,22,50,1,0,23,85.0,80.0,80.0,5.0
38190,38190,266,5,0,1,0,23,0.0,0.0,0.0,0.0
38191,38191,266,5,10,1,0,23,2.0,0.0,0.0,2.0
38192,38192,266,5,20,1,0,23,15.0,0.0,0.0,15.0
38193,38193,266,5,30,1,0,23,12.0,0.0,0.0,12.0
38194,38194,266,5,40,1,0,23,8.0,0.0,0.0,8.0
38195,38195,266,5,50,1,0,23,26.0,1.0,1.0,25.0
38196,38196,266,6,0,1,0,23,19.0,0.0,0.0,19.0
38197,38197,266,6,10,1,0,23,33.0,0.0,0.0,33.0
38198,38198,266,6,20,1,0,23,56.0,1.0,1.0,55.0
38199,38199,266,6,30,1,0,23,59.0,7.0,7.0,52.0
38200,38200,266,6,40,1,0,23,76.0,10.0,10.0,66.0
38201,38201,266,6,50,1,0,23,133.0,6.0,6.0,127.0
38202,38202,266,7,0,1,0,23,128.0,22.0,22.0,106.0
38203,38203,266,7,10,1,0,23,167.0,16.0,16.0,151.0
38204,38204,266,7,20,1,0,23,216.0,19.0,19.0,197.0
38205,38205,266,7,30,1,0,23,288.0,31.0,31.0,257.0
38206,38206,266,7,40,1,0,23,308.0,27.0,27.0,281.0
38207,38207,266,7,50,1,0,23,329.0,58.0,58.0,271.0
38208,38208,266,8,0,1,0,23,350.0,62.0,62.0,288.0
38209,38209,266,8,10,1,0,23,355.0,74.0,74.0,281.0
38210,38210,266,8,20,1,0,23,394.0,190.0,190.0,204.0
38211,38211,266,8,30,1,0,23,346.0,147.0,147.0,199.0
38212,38212,266,8,40,1,0,23,229.0,87.0,87.0,142.0
38213,38213,266,8,50,1,0,23,302.0,160.0,160.0,142.0
38214,38214,266,9,0,1,0,23,163.0,64.0,64.0,99.0
38215,38215,266,9,10,1,0,23,116.0,41.0,41.0,75.0
38216,38216,266,9,20,1,0,23,142.0,84.0,84.0,58.0
38217,38217,266,9,30,1,0,23,93.0,50.0,50.0,43.0
38218,38218,266,9,40,1,0,23,75.0,34.0,34.0,41.0
38219,38219,266,9,50,1,0,23,102.0,60.0,60.0,42.0
38220,38220,266,10,0,1,0,23,75.0,33.0,33.0,42.0
38221,38221,266,10,10,1,0,23,113.0,64.0,64.0,49.0
38222,38222,266,10,20,1,0,23,94.0,50.0,50.0,44.0
38223,38223,266,10,30,1,0,23,90.0,33.0,33.0,57.0
38224,38224,266,10,40,1,0,23,83.0,43.0,43.0,40.0
38225,38225,266,10,50,1,0,23,67.0,31.0,31.0,36.0
38226,38226,266,11,0,1,0,23,66.0,26.0,26.0,40.0
38227,38227,266,11,10,1,0,23,76.0,37.0,37.0,39.0
38228,38228,266,11,20,1,0,23,91.0,62.0,62.0,29.0
38229,38229,266,11,30,1,0,23,68.0,37.0,37.0,31.0
38230,38230,266,11,40,1,0,23,57.0,30.0,30.0,27.0
38231,38231,266,11,50,1,0,23,67.0,22.0,22.0,45.0
38232,38232,266,12,0,1,0,23,87.0,46.0,46.0,41.0
38233,38233,266,12,10,1,0,23,76.0,24.0,24.0,52.0
38234,38234,266,12,20,1,0,23,65.0,28.0,28.0,37.0
38235,38235,266,12,30,1,0,23,93.0,53.0,53.0,40.0
38236,38236,266,12,40,1,0,23,107.0,72.0,72.0,35.0
38237,38237,266,12,50,1,0,23,68.0,28.0,28.0,40.0
38238,38238,266,13,0,1,0,23,82.0,31.0,31.0,51.0
38239,38239,266,13,10,1,0,23,56.0,28.0,28.0,28.0
38240,38240,266,13,20,1,0,23,84.0,50.0,50.0,34.0
38241,38241,266,13,30,1,0,23,73.0,27.0,27.0,46.0
38242,38242,266,13,40,1,0,23,58.0,28.0,28.0,30.0
38243,38243,266,13,50,1,0,23,66.0,30.0,30.0,36.0
38244,38244,266,14,0,1,0,23,83.0,59.0,59.0,24.0
38245,38245,266,14,10,1,0,23,87.0,36.0,36.0,51.0
38246,38246,266,14,20,1,0,23,77.0,34.0,34.0,43.0
38247,38247,266,14,30,1,0,23,73.0,34.0,34.0,39.0
38248,38248,266,14,40,1,0,23,73.0,43.0,43.0,30.0
38249,38249,266,14,50,1,0,23,93.0,44.0,44.0,49.0
38250,38250,266,15,0,1,0,23,74.0,31.0,31.0,43.0
38251,38251,266,15,10,1,0,23,66.0,37.0,37.0,29.0
38252,38252,266,15,20,1,0,23,94.0,66.0,66.0,28.0
38253,38253,266,15,30,1,0,23,80.0,23.0,23.0,57.0
38254,38254,266,15,40,1,0,23,68.0,31.0,31.0,37.0
38255,38255,266,15,50,1,0,23,76.0,33.0,33.0,43.0
38256,38256,266,16,0,1,0,23,94.0,65.0,65.0,29.0
38257,38257,266,16,10,1,0,23,87.0,40.0,40.0,47.0
38258,38258,266,16,20,1,0,23,77.0,37.0,37.0,40.0
38259,38259,266,16,30,1,0,23,103.0,49.0,49.0,54.0
38260,38260,266,16,40,1,0,23,136.0,87.0,87.0,49.0
38261,38261,266,16,50,1,0,23,143.0,97.0,97.0,46.0
38262,38262,266,17,0,1,0,23,140.0,61.0,61.0,79.0
38263,38263,266,17,10,1,0,23,153.0,77.0,77.0,76.0
38264,38264,266,17,20,1,0,23,192.0,144.0,144.0,48.0
38265,38265,266,17,30,1,0,23,178.0,96.0,96.0,82.0
38266,38266,266,17,40,1,0,23,240.0,170.0,170.0,70.0
38267,38267,266,17,50,1,0,23,173.0,94.0,94.0,79.0
38268,38268,266,18,0,1,0,23,263.0,184.0,184.0,79.0
38269,38269,266,18,10,1,0,23,206.0,109.0,109.0,97.0
38270,38270,266,18,20,1,0,23,318.0,228.0,228.0,90.0
38271,38271,266,18,30,1,0,23,140.0,80.0,80.0,60.0
38272,38272,266,18,40,1,0,23,245.0,205.0,205.0,40.0
38273,38273,266,18,50,1,0,23,164.0,135.0,135.0,29.0
38274,38274,266,19,0,1,0,23,213.0,189.0,189.0,24.0
38275,38275,266,19,10,1,0,23,123.0,95.0,95.0,28.0
38276,38276,266,19,20,1,0,23,165.0,127.0,127.0,38.0
38277,38277,266,19,30,1,0,23,108.0,81.0,81.0,27.0
38278,38278,266,19,40,1,0,23,90.0,76.0,76.0,14.0
38279,38279,266,19,50,1,0,23,93.0,68.0,68.0,25.0
38280,38280,266,20,0,1,0,23,74.0,51.0,51.0,23.0
38281,38281,266,20,10,1,0,23,67.0,46.0,46.0,21.0
38282,38282,266,20,20,1,0,23,96.0,75.0,75.0,21.0
38283,38283,266,20,30,1,0,23,39.0,26.0,26.0,13.0
38284,38284,266,20,40,1,0,23,51.0,31.0,31.0,20.0
38285,38285,266,20,50,1,0,23,57.0,43.0,43.0,14.0
38286,38286,266,21,0,1,0,23,55.0,38.0,38.0,17.0
38287,38287,266,21,10,1,0,23,81.0,58.0,58.0,23.0
38288,38288,266,21,20,1,0,23,96.0,67.0,67.0,29.0
38289,38289,266,21,30,1,0,23,75.0,49.0,49.0,26.0
38290,38290,266,21,40,1,0,23,71.0,41.0,41.0,30.0
38291,38291,266,21,50,1,0,23,67.0,50.0,50.0,17.0
38292,38292,266,22,0,1,0,23,71.0,35.0,35.0,36.0
38293,38293,266,22,10,1,0,23,44.0,31.0,31.0,13.0
38294,38294,266,22,20,1,0,23,46.0,38.0,38.0,8.0
38295,38295,266,22,30,1,0,23,45.0,42.0,42.0,3.0
38296,38296,266,22,40,1,0,23,36.0,36.0,36.0,0.0
38297,38297,266,22,50,1,0,23,19.0,19.0,19.0,0.0
38334,38334,267,5,0,1,0,23,0.0,0.0,0.0,0.0
38335,38335,267,5,10,1,0,23,4.0,0.0,0.0,4.0
38336,38336,267,5,20,1,0,23,9.0,0.0,0.0,9.0
38337,38337,267,5,30,1,0,23,38.0,0.0,0.0,38.0
38338,38338,267,5,40,1,0,23,42.0,0.0,0.0,42.0
38339,38339,267,5,50,1,0,23,49.0,0.0,0.0,49.0
38340,38340,267,6,0,1,0,23,64.0,3.0,3.0,61.0
38341,38341,267,6,10,1,0,23,77.0,3.0,3.0,74.0
38342,38342,267,6,20,1,0,23,130.0,16.0,16.0,114.0
38343,38343,267,6,30,1,0,23,197.0,31.0,31.0,166.0
38344,38344,267,6,40,1,0,23,222.0,38.0,38.0,184.0
38345,38345,267,6,50,1,0,23,290.0,64.0,64.0,226.0
38346,38346,267,7,0,1,0,23,420.0,123.0,123.0,297.0
38347,38347,267,7,10,1,0,23,449.0,155.0,155.0,294.0
38348,38348,267,7,20,1,0,23,541.0,122.0,122.0,419.0
38349,38349,267,7,30,1,0,23,603.0,159.0,159.0,444.0
38350,38350,267,7,40,1,0,23,788.0,175.0,175.0,613.0
38351,38351,267,7,50,1,0,23,806.0,134.0,134.0,672.0
38352,38352,267,8,0,1,0,23,864.0,111.0,111.0,753.0
38353,38353,267,8,10,1,0,23,744.0,156.0,156.0,588.0
38354,38354,267,8,20,1,0,23,751.0,150.0,150.0,601.0
38355,38355,267,8,30,1,0,23,654.0,134.0,134.0,520.0
38356,38356,267,8,40,1,0,23,550.0,116.0,116.0,434.0
38357,38357,267,8,50,1,0,23,417.0,102.0,102.0,315.0
38358,38358,267,9,0,1,0,23,334.0,79.0,79.0,255.0
38359,38359,267,9,10,1,0,23,346.0,78.0,78.0,268.0
38360,38360,267,9,20,1,0,23,264.0,68.0,68.0,196.0
38361,38361,267,9,30,1,0,23,221.0,66.0,66.0,155.0
38362,38362,267,9,40,1,0,23,226.0,100.0,100.0,126.0
38363,38363,267,9,50,1,0,23,214.0,77.0,77.0,137.0
38364,38364,267,10,0,1,0,23,180.0,67.0,67.0,113.0
38365,38365,267,10,10,1,0,23,236.0,83.0,83.0,153.0
38366,38366,267,10,20,1,0,23,190.0,72.0,72.0,118.0
38367,38367,267,10,30,1,0,23,151.0,55.0,55.0,96.0
38368,38368,267,10,40,1,0,23,160.0,67.0,67.0,93.0
38369,38369,267,10,50,1,0,23,156.0,49.0,49.0,107.0
38370,38370,267,11,0,1,0,23,172.0,61.0,61.0,111.0
38371,38371,267,11,10,1,0,23,183.0,62.0,62.0,121.0
38372,38372,267,11,20,1,0,23,168.0,64.0,64.0,104.0
38373,38373,267,11,30,1,0,23,163.0,60.0,60.0,103.0
38374,38374,267,11,40,1,0,23,177.0,57.0,57.0,120.0
38375,38375,267,11,50,1,0,23,164.0,65.0,65.0,99.0
38376,38376,267,12,0,1,0,23,199.0,82.0,82.0,117.0
38377,38377,267,12,10,1,0,23,176.0,60.0,60.0,116.0
38378,38378,267,12,20,1,0,23,223.0,87.0,87.0,136.0
38379,38379,267,12,30,1,0,23,200.0,80.0,80.0,120.0
38380,38380,267,12,40,1,0,23,157.0,74.0,74.0,83.0
38381,38381,267,12,50,1,0,23,181.0,73.0,73.0,108.0
38382,38382,267,13,0,1,0,23,187.0,98.0,98.0,89.0
38383,38383,267,13,10,1,0,23,155.0,55.0,55.0,100.0
38384,38384,267,13,20,1,0,23,181.0,109.0,109.0,72.0
38385,38385,267,13,30,1,0,23,165.0,82.0,82.0,83.0
38386,38386,267,13,40,1,0,23,177.0,87.0,87.0,90.0
38387,38387,267,13,50,1,0,23,141.0,82.0,82.0,59.0
38388,38388,267,14,0,1,0,23,174.0,109.0,109.0,65.0
38389,38389,267,14,10,1,0,23,135.0,66.0,66.0,69.0
38390,38390,267,14,20,1,0,23,160.0,90.0,90.0,70.0
38391,38391,267,14,30,1,0,23,139.0,72.0,72.0,67.0
38392,38392,267,14,40,1,0,23,163.0,94.0,94.0,69.0
38393,38393,267,14,50,1,0,23,159.0,98.0,98.0,61.0
38394,38394,267,15,0,1,0,23,164.0,92.0,92.0,72.0
38395,38395,267,15,10,1,0,23,209.0,115.0,115.0,94.0
38396,38396,267,15,20,1,0,23,194.0,110.0,110.0,84.0
38397,38397,267,15,30,1,0,23,193.0,104.0,104.0,89.0
38398,38398,267,15,40,1,0,23,201.0,114.0,114.0,87.0
38399,38399,267,15,50,1,0,23,184.0,95.0,95.0,89.0
38400,38400,267,16,0,1,0,23,276.0,188.0,188.0,88.0
38401,38401,267,16,10,1,0,23,241.0,157.0,157.0,84.0
38402,38402,267,16,20,1,0,23,243.0,134.0,134.0,109.0
38403,38403,267,16,30,1,0,23,280.0,144.0,144.0,136.0
38404,38404,267,16,40,1,0,23,352.0,212.0,212.0,140.0
38405,38405,267,16,50,1,0,23,256.0,136.0,136.0,120.0
38406,38406,267,17,0,1,0,23,412.0,246.0,246.0,166.0
38407,38407,267,17,10,1,0,23,438.0,202.0,202.0,236.0
38408,38408,267,17,20,1,0,23,392.0,214.0,214.0,178.0
38409,38409,267,17,30,1,0,23,394.0,243.0,243.0,151.0
38410,38410,267,17,40,1,0,23,488.0,333.0,333.0,155.0
38411,38411,267,17,50,1,0,23,451.0,336.0,336.0,115.0
38412,38412,267,18,0,1,0,23,504.0,348.0,348.0,156.0
38413,38413,267,18,10,1,0,23,456.0,355.0,355.0,101.0
38414,38414,267,18,20,1,0,23,432.0,345.0,345.0,87.0
38415,38415,267,18,30,1,0,23,494.0,416.0,416.0,78.0
38416,38416,267,18,40,1,0,23,452.0,353.0,353.0,99.0
38417,38417,267,18,50,1,0,23,454.0,382.0,382.0,72.0
38418,38418,267,19,0,1,0,23,409.0,344.0,344.0,65.0
38419,38419,267,19,10,1,0,23,331.0,276.0,276.0,55.0
38420,38420,267,19,20,1,0,23,289.0,244.0,244.0,45.0
38421,38421,267,19,30,1,0,23,231.0,188.0,188.0,43.0
38422,38422,267,19,40,1,0,23,226.0,192.0,192.0,34.0
38423,38423,267,19,50,1,0,23,210.0,172.0,172.0,38.0
38424,38424,267,20,0,1,0,23,201.0,144.0,144.0,57.0
38425,38425,267,20,10,1,0,23,195.0,158.0,158.0,37.0
38426,38426,267,20,20,1,0,23,214.0,155.0,155.0,59.0
38427,38427,267,20,30,1,0,23,189.0,141.0,141.0,48.0
38428,38428,267,20,40,1,0,23,174.0,126.0,126.0,48.0
38429,38429,267,20,50,1,0,23,140.0,102.0,102.0,38.0
38430,38430,267,21,0,1,0,23,164.0,118.0,118.0,46.0
38431,38431,267,21,10,1,0,23,201.0,152.0,152.0,49.0
38432,38432,267,21,20,1,0,23,201.0,154.0,154.0,47.0
38433,38433,267,21,30,1,0,23,159.0,123.0,123.0,36.0
38434,38434,267,21,40,1,0,23,156.0,119.0,119.0,37.0
38435,38435,267,21,50,1,0,23,160.0,132.0,132.0,28.0
38436,38436,267,22,0,1,0,23,166.0,145.0,145.0,21.0
38437,38437,267,22,10,1,0,23,141.0,114.0,114.0,27.0
38438,38438,267,22,20,1,0,23,140.0,102.0,102.0,38.0
38439,38439,267,22,30,1,0,23,144.0,125.0,125.0,19.0
38440,38440,267,22,40,1,0,23,99.0,96.0,96.0,3.0
38441,38441,267,22,50,1,0,23,80.0,80.0,80.0,0.0
38478,38478,268,5,0,1,0,23,0.0,0.0,0.0,0.0
38479,38479,268,5,10,1,0,23,0.0,0.0,0.0,0.0
38480,38480,268,5,20,1,0,23,8.0,0.0,0.0,8.0
38481,38481,268,5,30,1,0,23,28.0,0.0,0.0,28.0
38482,38482,268,5,40,1,0,23,30.0,10.0,10.0,20.0
38483,38483,268,5,50,1,0,23,35.0,3.0,3.0,32.0
38484,38484,268,6,0,1,0,23,48.0,3.0,3.0,45.0
38485,38485,268,6,10,1,0,23,63.0,9.0,9.0,54.0
38486,38486,268,6,20,1,0,23,129.0,30.0,30.0,99.0
38487,38487,268,6,30,1,0,23,154.0,47.0,47.0,107.0
38488,38488,268,6,40,1,0,23,208.0,88.0,88.0,120.0
38489,38489,268,6,50,1,0,23,290.0,139.0,139.0,151.0
38490,38490,268,7,0,1,0,23,373.0,198.0,198.0,175.0
38491,38491,268,7,10,1,0,23,405.0,208.0,208.0,197.0
38492,38492,268,7,20,1,0,23,425.0,182.0,182.0,243.0
38493,38493,268,7,30,1,0,23,580.0,326.0,326.0,254.0
38494,38494,268,7,40,1,0,23,630.0,338.0,338.0,292.0
38495,38495,268,7,50,1,0,23,695.0,328.0,328.0,367.0
38496,38496,268,8,0,1,0,23,666.0,231.0,231.0,435.0
38497,38497,268,8,10,1,0,23,694.0,274.0,274.0,420.0
38498,38498,268,8,20,1,0,23,638.0,241.0,241.0,397.0
38499,38499,268,8,30,1,0,23,683.0,292.0,292.0,391.0
38500,38500,268,8,40,1,0,23,657.0,350.0,350.0,307.0
38501,38501,268,8,50,1,0,23,563.0,297.0,297.0,266.0
38502,38502,268,9,0,1,0,23,449.0,241.0,241.0,208.0
38503,38503,268,9,10,1,0,23,414.0,194.0,194.0,220.0
38504,38504,268,9,20,1,0,23,308.0,159.0,159.0,149.0
38505,38505,268,9,30,1,0,23,358.0,190.0,190.0,168.0
38506,38506,268,9,40,1,0,23,362.0,165.0,165.0,197.0
38507,38507,268,9,50,1,0,23,300.0,147.0,147.0,153.0
38508,38508,268,10,0,1,0,23,279.0,133.0,133.0,146.0
38509,38509,268,10,10,1,0,23,292.0,165.0,165.0,127.0
38510,38510,268,10,20,1,0,23,252.0,120.0,120.0,132.0
38511,38511,268,10,30,1,0,23,234.0,108.0,108.0,126.0
38512,38512,268,10,40,1,0,23,231.0,101.0,101.0,130.0
38513,38513,268,10,50,1,0,23,275.0,110.0,110.0,165.0
38514,38514,268,11,0,1,0,23,195.0,74.0,74.0,121.0
38515,38515,268,11,10,1,0,23,213.0,97.0,97.0,116.0
38516,38516,268,11,20,1,0,23,171.0,51.0,51.0,120.0
38517,38517,268,11,30,1,0,23,231.0,107.0,107.0,124.0
38518,38518,268,11,40,1,0,23,182.0,46.0,46.0,136.0
38519,38519,268,11,50,1,0,23,233.0,103.0,103.0,130.0
38520,38520,268,12,0,1,0,23,206.0,76.0,76.0,130.0
38521,38521,268,12,10,1,0,23,228.0,90.0,90.0,138.0
38522,38522,268,12,20,1,0,23,180.0,89.0,89.0,91.0
38523,38523,268,12,30,1,0,23,248.0,114.0,114.0,134.0
38524,38524,268,12,40,1,0,23,213.0,114.0,114.0,99.0
38525,38525,268,12,50,1,0,23,259.0,134.0,134.0,125.0
38526,38526,268,13,0,1,0,23,226.0,140.0,140.0,86.0
38527,38527,268,13,10,1,0,23,210.0,125.0,125.0,85.0
38528,38528,268,13,20,1,0,23,202.0,109.0,109.0,93.0
38529,38529,268,13,30,1,0,23,259.0,136.0,136.0,123.0
38530,38530,268,13,40,1,0,23,214.0,100.0,100.0,114.0
38531,38531,268,13,50,1,0,23,249.0,124.0,124.0,125.0
38532,38532,268,14,0,1,0,23,180.0,82.0,82.0,98.0
38533,38533,268,14,10,1,0,23,231.0,101.0,101.0,130.0
38534,38534,268,14,20,1,0,23,200.0,83.0,83.0,117.0
38535,38535,268,14,30,1,0,23,249.0,129.0,129.0,120.0
38536,38536,268,14,40,1,0,23,220.0,97.0,97.0,123.0
38537,38537,268,14,50,1,0,23,223.0,112.0,112.0,111.0
38538,38538,268,15,0,1,0,23,200.0,90.0,90.0,110.0
38539,38539,268,15,10,1,0,23,255.0,115.0,115.0,140.0
38540,38540,268,15,20,1,0,23,204.0,98.0,98.0,106.0
38541,38541,268,15,30,1,0,23,286.0,161.0,161.0,125.0
38542,38542,268,15,40,1,0,23,290.0,109.0,109.0,181.0
38543,38543,268,15,50,1,0,23,252.0,126.0,126.0,126.0
38544,38544,268,16,0,1,0,23,231.0,102.0,102.0,129.0
38545,38545,268,16,10,1,0,23,310.0,152.0,152.0,158.0
38546,38546,268,16,20,1,0,23,250.0,92.0,92.0,158.0
38547,38547,268,16,30,1,0,23,340.0,120.0,120.0,220.0
38548,38548,268,16,40,1,0,23,332.0,123.0,123.0,209.0
38549,38549,268,16,50,1,0,23,317.0,129.0,129.0,188.0
38550,38550,268,17,0,1,0,23,363.0,128.0,128.0,235.0
38551,38551,268,17,10,1,0,23,409.0,171.0,171.0,238.0
38552,38552,268,17,20,1,0,23,301.0,145.0,145.0,156.0
38553,38553,268,17,30,1,0,23,395.0,163.0,163.0,232.0
38554,38554,268,17,40,1,0,23,402.0,202.0,202.0,200.0
38555,38555,268,17,50,1,0,23,416.0,201.0,201.0,215.0
38556,38556,268,18,0,1,0,23,405.0,229.0,229.0,176.0
38557,38557,268,18,10,1,0,23,452.0,256.0,256.0,196.0
38558,38558,268,18,20,1,0,23,397.0,235.0,235.0,162.0
38559,38559,268,18,30,1,0,23,323.0,185.0,185.0,138.0
38560,38560,268,18,40,1,0,23,366.0,255.0,255.0,111.0
38561,38561,268,18,50,1,0,23,329.0,199.0,199.0,130.0
38562,38562,268,19,0,1,0,23,307.0,207.0,207.0,100.0
38563,38563,268,19,10,1,0,23,265.0,177.0,177.0,88.0
38564,38564,268,19,20,1,0,23,245.0,150.0,150.0,95.0
38565,38565,268,19,30,1,0,23,214.0,130.0,130.0,84.0
38566,38566,268,19,40,1,0,23,177.0,107.0,107.0,70.0
38567,38567,268,19,50,1,0,23,165.0,98.0,98.0,67.0
38568,38568,268,20,0,1,0,23,166.0,101.0,101.0,65.0
38569,38569,268,20,10,1,0,23,142.0,74.0,74.0,68.0
38570,38570,268,20,20,1,0,23,177.0,101.0,101.0,76.0
38571,38571,268,20,30,1,0,23,124.0,72.0,72.0,52.0
38572,38572,268,20,40,1,0,23,152.0,96.0,96.0,56.0
38573,38573,268,20,50,1,0,23,126.0,82.0,82.0,44.0
38574,38574,268,21,0,1,0,23,193.0,121.0,121.0,72.0
38575,38575,268,21,10,1,0,23,136.0,70.0,70.0,66.0
38576,38576,268,21,20,1,0,23,126.0,88.0,88.0,38.0
38577,38577,268,21,30,1,0,23,107.0,81.0,81.0,26.0
38578,38578,268,21,40,1,0,23,150.0,118.0,118.0,32.0
38579,38579,268,21,50,1,0,23,79.0,68.0,68.0,11.0
38580,38580,268,22,0,1,0,23,103.0,70.0,70.0,33.0
38581,38581,268,22,10,1,0,23,105.0,85.0,85.0,20.0
38582,38582,268,22,20,1,0,23,80.0,63.0,63.0,17.0
38583,38583,268,22,30,1,0,23,91.0,73.0,73.0,18.0
38584,38584,268,22,40,1,0,23,57.0,51.0,51.0,6.0
38585,38585,268,22,50,1,0,23,56.0,51.0,51.0,5.0
38622,38622,269,5,0,1,0,23,0.0,0.0,0.0,0.0
38623,38623,269,5,10,1,0,23,6.0,0.0,0.0,6.0
38624,38624,269,5,20,1,0,23,31.0,0.0,0.0,31.0
38625,38625,269,5,30,1,0,23,24.0,0.0,0.0,24.0
38626,38626,269,5,40,1,0,23,27.0,0.0,0.0,27.0
38627,38627,269,5,50,1,0,23,61.0,1.0,1.0,60.0
38628,38628,269,6,0,1,0,23,82.0,3.0,3.0,79.0
38629,38629,269,6,10,1,0,23,89.0,1.0,1.0,88.0
38630,38630,269,6,20,1,0,23,73.0,0.0,0.0,73.0
38631,38631,269,6,30,1,0,23,138.0,42.0,42.0,96.0
38632,38632,269,6,40,1,0,23,156.0,26.0,26.0,130.0
38633,38633,269,6,50,1,0,23,236.0,57.0,57.0,179.0
38634,38634,269,7,0,1,0,23,243.0,97.0,97.0,146.0
38635,38635,269,7,10,1,0,23,464.0,120.0,120.0,344.0
38636,38636,269,7,20,1,0,23,448.0,125.0,125.0,323.0
38637,38637,269,7,30,1,0,23,541.0,184.0,184.0,357.0
38638,38638,269,7,40,1,0,23,635.0,225.0,225.0,410.0
38639,38639,269,7,50,1,0,23,687.0,237.0,237.0,450.0
38640,38640,269,8,0,1,0,23,925.0,439.0,439.0,486.0
38641,38641,269,8,10,1,0,23,590.0,248.0,248.0,342.0
38642,38642,269,8,20,1,0,23,627.0,249.0,249.0,378.0
38643,38643,269,8,30,1,0,23,498.0,230.0,230.0,268.0
38644,38644,269,8,40,1,0,23,534.0,332.0,332.0,202.0
38645,38645,269,8,50,1,0,23,433.0,185.0,185.0,248.0
38646,38646,269,9,0,1,0,23,279.0,119.0,119.0,160.0
38647,38647,269,9,10,1,0,23,232.0,106.0,106.0,126.0
38648,38648,269,9,20,1,0,23,200.0,75.0,75.0,125.0
38649,38649,269,9,30,1,0,23,189.0,83.0,83.0,106.0
38650,38650,269,9,40,1,0,23,155.0,59.0,59.0,96.0
38651,38651,269,9,50,1,0,23,182.0,85.0,85.0,97.0
38652,38652,269,10,0,1,0,23,113.0,65.0,65.0,48.0
38653,38653,269,10,10,1,0,23,127.0,68.0,68.0,59.0
38654,38654,269,10,20,1,0,23,135.0,42.0,42.0,93.0
38655,38655,269,10,30,1,0,23,118.0,61.0,61.0,57.0
38656,38656,269,10,40,1,0,23,110.0,52.0,52.0,58.0
38657,38657,269,10,50,1,0,23,134.0,91.0,91.0,43.0
38658,38658,269,11,0,1,0,23,120.0,48.0,48.0,72.0
38659,38659,269,11,10,1,0,23,91.0,54.0,54.0,37.0
38660,38660,269,11,20,1,0,23,136.0,72.0,72.0,64.0
38661,38661,269,11,30,1,0,23,125.0,71.0,71.0,54.0
38662,38662,269,11,40,1,0,23,127.0,51.0,51.0,76.0
38663,38663,269,11,50,1,0,23,118.0,41.0,41.0,77.0
38664,38664,269,12,0,1,0,23,126.0,67.0,67.0,59.0
38665,38665,269,12,10,1,0,23,118.0,63.0,63.0,55.0
38666,38666,269,12,20,1,0,23,132.0,54.0,54.0,78.0
38667,38667,269,12,30,1,0,23,108.0,52.0,52.0,56.0
38668,38668,269,12,40,1,0,23,126.0,52.0,52.0,74.0
38669,38669,269,12,50,1,0,23,136.0,73.0,73.0,63.0
38670,38670,269,13,0,1,0,23,87.0,45.0,45.0,42.0
38671,38671,269,13,10,1,0,23,120.0,39.0,39.0,81.0
38672,38672,269,13,20,1,0,23,147.0,84.0,84.0,63.0
38673,38673,269,13,30,1,0,23,104.0,70.0,70.0,34.0
38674,38674,269,13,40,1,0,23,97.0,49.0,49.0,48.0
38675,38675,269,13,50,1,0,23,101.0,54.0,54.0,47.0
38676,38676,269,14,0,1,0,23,115.0,69.0,69.0,46.0
38677,38677,269,14,10,1,0,23,102.0,62.0,62.0,40.0
38678,38678,269,14,20,1,0,23,101.0,48.0,48.0,53.0
38679,38679,269,14,30,1,0,23,86.0,42.0,42.0,44.0
38680,38680,269,14,40,1,0,23,131.0,91.0,91.0,40.0
38681,38681,269,14,50,1,0,23,122.0,78.0,78.0,44.0
38682,38682,269,15,0,1,0,23,128.0,64.0,64.0,64.0
38683,38683,269,15,10,1,0,23,94.0,60.0,60.0,34.0
38684,38684,269,15,20,1,0,23,166.0,103.0,103.0,63.0
38685,38685,269,15,30,1,0,23,183.0,118.0,118.0,65.0
38686,38686,269,15,40,1,0,23,179.0,109.0,109.0,70.0
38687,38687,269,15,50,1,0,23,155.0,89.0,89.0,66.0
38688,38688,269,16,0,1,0,23,172.0,107.0,107.0,65.0
38689,38689,269,16,10,1,0,23,189.0,135.0,135.0,54.0
38690,38690,269,16,20,1,0,23,158.0,69.0,69.0,89.0
38691,38691,269,16,30,1,0,23,407.0,76.0,76.0,331.0
38692,38692,269,16,40,1,0,23,316.0,154.0,154.0,162.0
38693,38693,269,16,50,1,0,23,236.0,146.0,146.0,90.0
38694,38694,269,17,0,1,0,23,322.0,96.0,96.0,226.0
38695,38695,269,17,10,1,0,23,376.0,107.0,107.0,269.0
38696,38696,269,17,20,1,0,23,374.0,219.0,219.0,155.0
38697,38697,269,17,30,1,0,23,297.0,132.0,132.0,165.0
38698,38698,269,17,40,1,0,23,486.0,280.0,280.0,206.0
38699,38699,269,17,50,1,0,23,343.0,182.0,182.0,161.0
38700,38700,269,18,0,1,0,23,424.0,291.0,291.0,133.0
38701,38701,269,18,10,1,0,23,313.0,240.0,240.0,73.0
38702,38702,269,18,20,1,0,23,349.0,220.0,220.0,129.0
38703,38703,269,18,30,1,0,23,495.0,408.0,408.0,87.0
38704,38704,269,18,40,1,0,23,377.0,308.0,308.0,69.0
38705,38705,269,18,50,1,0,23,391.0,323.0,323.0,68.0
38706,38706,269,19,0,1,0,23,449.0,405.0,405.0,44.0
38707,38707,269,19,10,1,0,23,255.0,200.0,200.0,55.0
38708,38708,269,19,20,1,0,23,362.0,332.0,332.0,30.0
38709,38709,269,19,30,1,0,23,214.0,177.0,177.0,37.0
38710,38710,269,19,40,1,0,23,252.0,237.0,237.0,15.0
38711,38711,269,19,50,1,0,23,168.0,124.0,124.0,44.0
38712,38712,269,20,0,1,0,23,203.0,177.0,177.0,26.0
38713,38713,269,20,10,1,0,23,126.0,83.0,83.0,43.0
38714,38714,269,20,20,1,0,23,193.0,162.0,162.0,31.0
38715,38715,269,20,30,1,0,23,180.0,112.0,112.0,68.0
38716,38716,269,20,40,1,0,23,139.0,107.0,107.0,32.0
38717,38717,269,20,50,1,0,23,159.0,118.0,118.0,41.0
38718,38718,269,21,0,1,0,23,99.0,78.0,78.0,21.0
38719,38719,269,21,10,1,0,23,142.0,114.0,114.0,28.0
38720,38720,269,21,20,1,0,23,122.0,93.0,93.0,29.0
38721,38721,269,21,30,1,0,23,76.0,64.0,64.0,12.0
38722,38722,269,21,40,1,0,23,94.0,83.0,83.0,11.0
38723,38723,269,21,50,1,0,23,106.0,86.0,86.0,20.0
38724,38724,269,22,0,1,0,23,102.0,99.0,99.0,3.0
38725,38725,269,22,10,1,0,23,90.0,84.0,84.0,6.0
38726,38726,269,22,20,1,0,23,94.0,87.0,87.0,7.0
38727,38727,269,22,30,1,0,23,91.0,91.0,91.0,0.0
38728,38728,269,22,40,1,0,23,91.0,90.0,90.0,1.0
38729,38729,269,22,50,1,0,23,84.0,84.0,84.0,0.0
38766,38766,270,5,0,1,0,23,0.0,0.0,0.0,0.0
38767,38767,270,5,10,1,0,23,0.0,0.0,0.0,0.0
38768,38768,270,5,20,1,0,23,5.0,0.0,0.0,5.0
38769,38769,270,5,30,1,0,23,9.0,0.0,0.0,9.0
38770,38770,270,5,40,1,0,23,23.0,3.0,3.0,20.0
38771,38771,270,5,50,1,0,23,46.0,3.0,3.0,43.0
38772,38772,270,6,0,1,0,23,72.0,20.0,20.0,52.0
38773,38773,270,6,10,1,0,23,93.0,23.0,23.0,70.0
38774,38774,270,6,20,1,0,23,109.0,33.0,33.0,76.0
38775,38775,270,6,30,1,0,23,134.0,41.0,41.0,93.0
38776,38776,270,6,40,1,0,23,180.0,60.0,60.0,120.0
38777,38777,270,6,50,1,0,23,262.0,109.0,109.0,153.0
38778,38778,270,7,0,1,0,23,300.0,119.0,119.0,181.0
38779,38779,270,7,10,1,0,23,322.0,152.0,152.0,170.0
38780,38780,270,7,20,1,0,23,419.0,206.0,206.0,213.0
38781,38781,270,7,30,1,0,23,445.0,216.0,216.0,229.0
38782,38782,270,7,40,1,0,23,554.0,306.0,306.0,248.0
38783,38783,270,7,50,1,0,23,606.0,282.0,282.0,324.0
38784,38784,270,8,0,1,0,23,699.0,359.0,359.0,340.0
38785,38785,270,8,10,1,0,23,855.0,444.0,444.0,411.0
38786,38786,270,8,20,1,0,23,917.0,515.0,515.0,402.0
38787,38787,270,8,30,1,0,23,1013.0,576.0,576.0,437.0
38788,38788,270,8,40,1,0,23,992.0,655.0,655.0,337.0
38789,38789,270,8,50,1,0,23,997.0,720.0,720.0,277.0
38790,38790,270,9,0,1,0,23,726.0,436.0,436.0,290.0
38791,38791,270,9,10,1,0,23,657.0,424.0,424.0,233.0
38792,38792,270,9,20,1,0,23,567.0,366.0,366.0,201.0
38793,38793,270,9,30,1,0,23,552.0,348.0,348.0,204.0
38794,38794,270,9,40,1,0,23,467.0,294.0,294.0,173.0
38795,38795,270,9,50,1,0,23,468.0,310.0,310.0,158.0
38796,38796,270,10,0,1,0,23,358.0,229.0,229.0,129.0
38797,38797,270,10,10,1,0,23,357.0,207.0,207.0,150.0
38798,38798,270,10,20,1,0,23,295.0,153.0,153.0,142.0
38799,38799,270,10,30,1,0,23,293.0,168.0,168.0,125.0
38800,38800,270,10,40,1,0,23,254.0,126.0,126.0,128.0
38801,38801,270,10,50,1,0,23,267.0,150.0,150.0,117.0
38802,38802,270,11,0,1,0,23,215.0,90.0,90.0,125.0
38803,38803,270,11,10,1,0,23,279.0,168.0,168.0,111.0
38804,38804,270,11,20,1,0,23,233.0,105.0,105.0,128.0
38805,38805,270,11,30,1,0,23,335.0,143.0,143.0,192.0
38806,38806,270,11,40,1,0,23,260.0,113.0,113.0,147.0
38807,38807,270,11,50,1,0,23,325.0,169.0,169.0,156.0
38808,38808,270,12,0,1,0,23,317.0,142.0,142.0,175.0
38809,38809,270,12,10,1,0,23,349.0,155.0,155.0,194.0
38810,38810,270,12,20,1,0,23,313.0,151.0,151.0,162.0
38811,38811,270,12,30,1,0,23,351.0,151.0,151.0,200.0
38812,38812,270,12,40,1,0,23,298.0,146.0,146.0,152.0
38813,38813,270,12,50,1,0,23,343.0,193.0,193.0,150.0
38814,38814,270,13,0,1,0,23,323.0,180.0,180.0,143.0
38815,38815,270,13,10,1,0,23,335.0,180.0,180.0,155.0
38816,38816,270,13,20,1,0,23,287.0,110.0,110.0,177.0
38817,38817,270,13,30,1,0,23,371.0,198.0,198.0,173.0
38818,38818,270,13,40,1,0,23,310.0,153.0,153.0,157.0
38819,38819,270,13,50,1,0,23,332.0,176.0,176.0,156.0
38820,38820,270,14,0,1,0,23,318.0,168.0,168.0,150.0
38821,38821,270,14,10,1,0,23,315.0,145.0,145.0,170.0
38822,38822,270,14,20,1,0,23,333.0,145.0,145.0,188.0
38823,38823,270,14,30,1,0,23,321.0,156.0,156.0,165.0
38824,38824,270,14,40,1,0,23,328.0,136.0,136.0,192.0
38825,38825,270,14,50,1,0,23,328.0,157.0,157.0,171.0
38826,38826,270,15,0,1,0,23,328.0,146.0,146.0,182.0
38827,38827,270,15,10,1,0,23,346.0,124.0,124.0,222.0
38828,38828,270,15,20,1,0,23,350.0,129.0,129.0,221.0
38829,38829,270,15,30,1,0,23,393.0,183.0,183.0,210.0
38830,38830,270,15,40,1,0,23,352.0,148.0,148.0,204.0
38831,38831,270,15,50,1,0,23,378.0,186.0,186.0,192.0
38832,38832,270,16,0,1,0,23,387.0,147.0,147.0,240.0
38833,38833,270,16,10,1,0,23,409.0,170.0,170.0,239.0
38834,38834,270,16,20,1,0,23,407.0,146.0,146.0,261.0
38835,38835,270,16,30,1,0,23,471.0,188.0,188.0,283.0
38836,38836,270,16,40,1,0,23,385.0,163.0,163.0,222.0
38837,38837,270,16,50,1,0,23,423.0,196.0,196.0,227.0
38838,38838,270,17,0,1,0,23,623.0,229.0,229.0,394.0
38839,38839,270,17,10,1,0,23,620.0,209.0,209.0,411.0
38840,38840,270,17,20,1,0,23,612.0,258.0,258.0,354.0
38841,38841,270,17,30,1,0,23,697.0,259.0,259.0,438.0
38842,38842,270,17,40,1,0,23,801.0,301.0,301.0,500.0
38843,38843,270,17,50,1,0,23,667.0,325.0,325.0,342.0
38844,38844,270,18,0,1,0,23,666.0,308.0,308.0,358.0
38845,38845,270,18,10,1,0,23,821.0,296.0,296.0,525.0
38846,38846,270,18,20,1,0,23,669.0,291.0,291.0,378.0
38847,38847,270,18,30,1,0,23,625.0,315.0,315.0,310.0
38848,38848,270,18,40,1,0,23,597.0,303.0,303.0,294.0
38849,38849,270,18,50,1,0,23,547.0,280.0,280.0,267.0
38850,38850,270,19,0,1,0,23,420.0,179.0,179.0,241.0
38851,38851,270,19,10,1,0,23,373.0,177.0,177.0,196.0
38852,38852,270,19,20,1,0,23,338.0,159.0,159.0,179.0
38853,38853,270,19,30,1,0,23,298.0,128.0,128.0,170.0
38854,38854,270,19,40,1,0,23,278.0,145.0,145.0,133.0
38855,38855,270,19,50,1,0,23,227.0,97.0,97.0,130.0
38856,38856,270,20,0,1,0,23,219.0,98.0,98.0,121.0
38857,38857,270,20,10,1,0,23,266.0,139.0,139.0,127.0
38858,38858,270,20,20,1,0,23,247.0,99.0,99.0,148.0
38859,38859,270,20,30,1,0,23,230.0,111.0,111.0,119.0
38860,38860,270,20,40,1,0,23,209.0,88.0,88.0,121.0
38861,38861,270,20,50,1,0,23,197.0,97.0,97.0,100.0
38862,38862,270,21,0,1,0,23,247.0,108.0,108.0,139.0
38863,38863,270,21,10,1,0,23,246.0,129.0,129.0,117.0
38864,38864,270,21,20,1,0,23,197.0,111.0,111.0,86.0
38865,38865,270,21,30,1,0,23,234.0,141.0,141.0,93.0
38866,38866,270,21,40,1,0,23,199.0,115.0,115.0,84.0
38867,38867,270,21,50,1,0,23,184.0,118.0,118.0,66.0
38868,38868,270,22,0,1,0,23,195.0,121.0,121.0,74.0
38869,38869,270,22,10,1,0,23,211.0,157.0,157.0,54.0
38870,38870,270,22,20,1,0,23,172.0,127.0,127.0,45.0
38871,38871,270,22,30,1,0,23,131.0,95.0,95.0,36.0
38872,38872,270,22,40,1,0,23,65.0,47.0,47.0,18.0
38873,38873,270,22,50,1,0,23,54.0,47.0,47.0,7.0
38910,38910,271,5,0,1,0,23,0.0,0.0,0.0,0.0
38911,38911,271,5,10,1,0,23,5.0,0.0,0.0,5.0
38912,38912,271,5,20,1,0,23,23.0,0.0,0.0,23.0
38913,38913,271,5,30,1,0,23,41.0,1.0,1.0,40.0
38914,38914,271,5,40,1,0,23,33.0,0.0,0.0,33.0
38915,38915,271,5,50,1,0,23,50.0,0.0,0.0,50.0
38916,38916,271,6,0,1,0,23,43.0,0.0,0.0,43.0
38917,38917,271,6,10,1,0,23,58.0,0.0,0.0,58.0
38918,38918,271,6,20,1,0,23,58.0,0.0,0.0,58.0
38919,38919,271,6,30,1,0,23,99.0,8.0,8.0,91.0
38920,38920,271,6,40,1,0,23,123.0,10.0,10.0,113.0
38921,38921,271,6,50,1,0,23,149.0,14.0,14.0,135.0
38922,38922,271,7,0,1,0,23,176.0,16.0,16.0,160.0
38923,38923,271,7,10,1,0,23,220.0,33.0,33.0,187.0
38924,38924,271,7,20,1,0,23,283.0,22.0,22.0,261.0
38925,38925,271,7,30,1,0,23,472.0,142.0,142.0,330.0
38926,38926,271,7,40,1,0,23,560.0,160.0,160.0,400.0
38927,38927,271,7,50,1,0,23,589.0,96.0,96.0,493.0
38928,38928,271,8,0,1,0,23,581.0,127.0,127.0,454.0
38929,38929,271,8,10,1,0,23,451.0,127.0,127.0,324.0
38930,38930,271,8,20,1,0,23,438.0,149.0,149.0,289.0
38931,38931,271,8,30,1,0,23,414.0,211.0,211.0,203.0
38932,38932,271,8,40,1,0,23,445.0,244.0,244.0,201.0
38933,38933,271,8,50,1,0,23,331.0,168.0,168.0,163.0
38934,38934,271,9,0,1,0,23,252.0,137.0,137.0,115.0
38935,38935,271,9,10,1,0,23,210.0,117.0,117.0,93.0
38936,38936,271,9,20,1,0,23,149.0,80.0,80.0,69.0
38937,38937,271,9,30,1,0,23,119.0,54.0,54.0,65.0
38938,38938,271,9,40,1,0,23,122.0,63.0,63.0,59.0
38939,38939,271,9,50,1,0,23,108.0,50.0,50.0,58.0
38940,38940,271,10,0,1,0,23,94.0,41.0,41.0,53.0
38941,38941,271,10,10,1,0,23,72.0,25.0,25.0,47.0
38942,38942,271,10,20,1,0,23,101.0,62.0,62.0,39.0
38943,38943,271,10,30,1,0,23,56.0,32.0,32.0,24.0
38944,38944,271,10,40,1,0,23,71.0,42.0,42.0,29.0
38945,38945,271,10,50,1,0,23,62.0,28.0,28.0,34.0
38946,38946,271,11,0,1,0,23,63.0,26.0,26.0,37.0
38947,38947,271,11,10,1,0,23,59.0,18.0,18.0,41.0
38948,38948,271,11,20,1,0,23,58.0,12.0,12.0,46.0
38949,38949,271,11,30,1,0,23,54.0,21.0,21.0,33.0
38950,38950,271,11,40,1,0,23,84.0,45.0,45.0,39.0
38951,38951,271,11,50,1,0,23,69.0,21.0,21.0,48.0
38952,38952,271,12,0,1,0,23,39.0,12.0,12.0,27.0
38953,38953,271,12,10,1,0,23,61.0,22.0,22.0,39.0
38954,38954,271,12,20,1,0,23,97.0,46.0,46.0,51.0
38955,38955,271,12,30,1,0,23,70.0,27.0,27.0,43.0
38956,38956,271,12,40,1,0,23,71.0,25.0,25.0,46.0
38957,38957,271,12,50,1,0,23,58.0,25.0,25.0,33.0
38958,38958,271,13,0,1,0,23,95.0,53.0,53.0,42.0
38959,38959,271,13,10,1,0,23,51.0,26.0,26.0,25.0
38960,38960,271,13,20,1,0,23,65.0,30.0,30.0,35.0
38961,38961,271,13,30,1,0,23,44.0,22.0,22.0,22.0
38962,38962,271,13,40,1,0,23,75.0,43.0,43.0,32.0
38963,38963,271,13,50,1,0,23,65.0,27.0,27.0,38.0
38964,38964,271,14,0,1,0,23,59.0,33.0,33.0,26.0
38965,38965,271,14,10,1,0,23,47.0,24.0,24.0,23.0
38966,38966,271,14,20,1,0,23,80.0,49.0,49.0,31.0
38967,38967,271,14,30,1,0,23,46.0,21.0,21.0,25.0
38968,38968,271,14,40,1,0,23,49.0,24.0,24.0,25.0
38969,38969,271,14,50,1,0,23,73.0,38.0,38.0,35.0
38970,38970,271,15,0,1,0,23,70.0,52.0,52.0,18.0
38971,38971,271,15,10,1,0,23,51.0,24.0,24.0,27.0
38972,38972,271,15,20,1,0,23,65.0,29.0,29.0,36.0
38973,38973,271,15,30,1,0,23,62.0,27.0,27.0,35.0
38974,38974,271,15,40,1,0,23,73.0,54.0,54.0,19.0
38975,38975,271,15,50,1,0,23,58.0,29.0,29.0,29.0
38976,38976,271,16,0,1,0,23,77.0,40.0,40.0,37.0
38977,38977,271,16,10,1,0,23,85.0,38.0,38.0,47.0
38978,38978,271,16,20,1,0,23,128.0,87.0,87.0,41.0
38979,38979,271,16,30,1,0,23,105.0,45.0,45.0,60.0
38980,38980,271,16,40,1,0,23,291.0,62.0,62.0,229.0
38981,38981,271,16,50,1,0,23,98.0,44.0,44.0,54.0
38982,38982,271,17,0,1,0,23,160.0,98.0,98.0,62.0
38983,38983,271,17,10,1,0,23,179.0,66.0,66.0,113.0
38984,38984,271,17,20,1,0,23,210.0,81.0,81.0,129.0
38985,38985,271,17,30,1,0,23,247.0,114.0,114.0,133.0
38986,38986,271,17,40,1,0,23,225.0,61.0,61.0,164.0
38987,38987,271,17,50,1,0,23,246.0,179.0,179.0,67.0
38988,38988,271,18,0,1,0,23,204.0,103.0,103.0,101.0
38989,38989,271,18,10,1,0,23,319.0,217.0,217.0,102.0
38990,38990,271,18,20,1,0,23,205.0,111.0,111.0,94.0
38991,38991,271,18,30,1,0,23,272.0,198.0,198.0,74.0
38992,38992,271,18,40,1,0,23,220.0,174.0,174.0,46.0
38993,38993,271,18,50,1,0,23,322.0,266.0,266.0,56.0
38994,38994,271,19,0,1,0,23,215.0,178.0,178.0,37.0
38995,38995,271,19,10,1,0,23,311.0,274.0,274.0,37.0
38996,38996,271,19,20,1,0,23,158.0,135.0,135.0,23.0
38997,38997,271,19,30,1,0,23,234.0,210.0,210.0,24.0
38998,38998,271,19,40,1,0,23,135.0,114.0,114.0,21.0
38999,38999,271,19,50,1,0,23,202.0,182.0,182.0,20.0
39000,39000,271,20,0,1,0,23,111.0,82.0,82.0,29.0
39001,39001,271,20,10,1,0,23,139.0,121.0,121.0,18.0
39002,39002,271,20,20,1,0,23,82.0,62.0,62.0,20.0
39003,39003,271,20,30,1,0,23,155.0,131.0,131.0,24.0
39004,39004,271,20,40,1,0,23,103.0,91.0,91.0,12.0
39005,39005,271,20,50,1,0,23,74.0,63.0,63.0,11.0
39006,39006,271,21,0,1,0,23,109.0,102.0,102.0,7.0
39007,39007,271,21,10,1,0,23,100.0,86.0,86.0,14.0
39008,39008,271,21,20,1,0,23,58.0,40.0,40.0,18.0
39009,39009,271,21,30,1,0,23,121.0,110.0,110.0,11.0
39010,39010,271,21,40,1,0,23,83.0,71.0,71.0,12.0
39011,39011,271,21,50,1,0,23,76.0,67.0,67.0,9.0
39012,39012,271,22,0,1,0,23,75.0,70.0,70.0,5.0
39013,39013,271,22,10,1,0,23,59.0,54.0,54.0,5.0
39014,39014,271,22,20,1,0,23,67.0,65.0,65.0,2.0
39015,39015,271,22,30,1,0,23,47.0,46.0,46.0,1.0
39016,39016,271,22,40,1,0,23,54.0,54.0,54.0,0.0
39017,39017,271,22,50,1,0,23,86.0,86.0,86.0,0.0
39054,39054,272,5,0,1,0,23,0.0,0.0,0.0,0.0
39055,39055,272,5,10,1,0,23,0.0,0.0,0.0,0.0
39056,39056,272,5,20,1,0,23,9.0,0.0,0.0,9.0
39057,39057,272,5,30,1,0,23,39.0,0.0,0.0,39.0
39058,39058,272,5,40,1,0,23,86.0,2.0,2.0,84.0
39059,39059,272,5,50,1,0,23,91.0,4.0,4.0,87.0
39060,39060,272,6,0,1,0,23,102.0,4.0,4.0,98.0
39061,39061,272,6,10,1,0,23,119.0,2.0,2.0,117.0
39062,39062,272,6,20,1,0,23,178.0,32.0,32.0,146.0
39063,39063,272,6,30,1,0,23,198.0,18.0,18.0,180.0
39064,39064,272,6,40,1,0,23,253.0,41.0,41.0,212.0
39065,39065,272,6,50,1,0,23,253.0,42.0,42.0,211.0
39066,39066,272,7,0,1,0,23,287.0,64.0,64.0,223.0
39067,39067,272,7,10,1,0,23,347.0,41.0,41.0,306.0
39068,39068,272,7,20,1,0,23,392.0,66.0,66.0,326.0
39069,39069,272,7,30,1,0,23,450.0,58.0,58.0,392.0
39070,39070,272,7,40,1,0,23,529.0,57.0,57.0,472.0
39071,39071,272,7,50,1,0,23,667.0,79.0,79.0,588.0
39072,39072,272,8,0,1,0,23,685.0,55.0,55.0,630.0
39073,39073,272,8,10,1,0,23,647.0,84.0,84.0,563.0
39074,39074,272,8,20,1,0,23,559.0,69.0,69.0,490.0
39075,39075,272,8,30,1,0,23,477.0,86.0,86.0,391.0
39076,39076,272,8,40,1,0,23,409.0,80.0,80.0,329.0
39077,39077,272,8,50,1,0,23,307.0,57.0,57.0,250.0
39078,39078,272,9,0,1,0,23,284.0,35.0,35.0,249.0
39079,39079,272,9,10,1,0,23,234.0,29.0,29.0,205.0
39080,39080,272,9,20,1,0,23,171.0,34.0,34.0,137.0
39081,39081,272,9,30,1,0,23,169.0,33.0,33.0,136.0
39082,39082,272,9,40,1,0,23,182.0,49.0,49.0,133.0
39083,39083,272,9,50,1,0,23,116.0,35.0,35.0,81.0
39084,39084,272,10,0,1,0,23,90.0,32.0,32.0,58.0
39085,39085,272,10,10,1,0,23,84.0,29.0,29.0,55.0
39086,39086,272,10,20,1,0,23,85.0,21.0,21.0,64.0
39087,39087,272,10,30,1,0,23,110.0,52.0,52.0,58.0
39088,39088,272,10,40,1,0,23,68.0,27.0,27.0,41.0
39089,39089,272,10,50,1,0,23,84.0,22.0,22.0,62.0
39090,39090,272,11,0,1,0,23,84.0,37.0,37.0,47.0
39091,39091,272,11,10,1,0,23,99.0,43.0,43.0,56.0
39092,39092,272,11,20,1,0,23,59.0,24.0,24.0,35.0
39093,39093,272,11,30,1,0,23,57.0,18.0,18.0,39.0
39094,39094,272,11,40,1,0,23,54.0,17.0,17.0,37.0
39095,39095,272,11,50,1,0,23,104.0,62.0,62.0,42.0
39096,39096,272,12,0,1,0,23,90.0,27.0,27.0,63.0
39097,39097,272,12,10,1,0,23,88.0,32.0,32.0,56.0
39098,39098,272,12,20,1,0,23,94.0,32.0,32.0,62.0
39099,39099,272,12,30,1,0,23,82.0,41.0,41.0,41.0
39100,39100,272,12,40,1,0,23,77.0,31.0,31.0,46.0
39101,39101,272,12,50,1,0,23,93.0,37.0,37.0,56.0
39102,39102,272,13,0,1,0,23,78.0,35.0,35.0,43.0
39103,39103,272,13,10,1,0,23,101.0,49.0,49.0,52.0
39104,39104,272,13,20,1,0,23,80.0,35.0,35.0,45.0
39105,39105,272,13,30,1,0,23,80.0,35.0,35.0,45.0
39106,39106,272,13,40,1,0,23,69.0,35.0,35.0,34.0
39107,39107,272,13,50,1,0,23,91.0,61.0,61.0,30.0
39108,39108,272,14,0,1,0,23,67.0,32.0,32.0,35.0
39109,39109,272,14,10,1,0,23,72.0,33.0,33.0,39.0
39110,39110,272,14,20,1,0,23,83.0,41.0,41.0,42.0
39111,39111,272,14,30,1,0,23,100.0,63.0,63.0,37.0
39112,39112,272,14,40,1,0,23,64.0,35.0,35.0,29.0
39113,39113,272,14,50,1,0,23,72.0,32.0,32.0,40.0
39114,39114,272,15,0,1,0,23,89.0,50.0,50.0,39.0
39115,39115,272,15,10,1,0,23,110.0,68.0,68.0,42.0
39116,39116,272,15,20,1,0,23,64.0,34.0,34.0,30.0
39117,39117,272,15,30,1,0,23,107.0,49.0,49.0,58.0
39118,39118,272,15,40,1,0,23,112.0,55.0,55.0,57.0
39119,39119,272,15,50,1,0,23,132.0,88.0,88.0,44.0
39120,39120,272,16,0,1,0,23,121.0,73.0,73.0,48.0
39121,39121,272,16,10,1,0,23,117.0,57.0,57.0,60.0
39122,39122,272,16,20,1,0,23,107.0,56.0,56.0,51.0
39123,39123,272,16,30,1,0,23,177.0,114.0,114.0,63.0
39124,39124,272,16,40,1,0,23,167.0,97.0,97.0,70.0
39125,39125,272,16,50,1,0,23,161.0,101.0,101.0,60.0
39126,39126,272,17,0,1,0,23,143.0,81.0,81.0,62.0
39127,39127,272,17,10,1,0,23,313.0,187.0,187.0,126.0
39128,39128,272,17,20,1,0,23,173.0,92.0,92.0,81.0
39129,39129,272,17,30,1,0,23,300.0,231.0,231.0,69.0
39130,39130,272,17,40,1,0,23,193.0,121.0,121.0,72.0
39131,39131,272,17,50,1,0,23,296.0,230.0,230.0,66.0
39132,39132,272,18,0,1,0,23,320.0,214.0,214.0,106.0
39133,39133,272,18,10,1,0,23,234.0,165.0,165.0,69.0
39134,39134,272,18,20,1,0,23,370.0,312.0,312.0,58.0
39135,39135,272,18,30,1,0,23,237.0,181.0,181.0,56.0
39136,39136,272,18,40,1,0,23,365.0,311.0,311.0,54.0
39137,39137,272,18,50,1,0,23,350.0,312.0,312.0,38.0
39138,39138,272,19,0,1,0,23,319.0,297.0,297.0,22.0
39139,39139,272,19,10,1,0,23,322.0,293.0,293.0,29.0
39140,39140,272,19,20,1,0,23,229.0,205.0,205.0,24.0
39141,39141,272,19,30,1,0,23,270.0,252.0,252.0,18.0
39142,39142,272,19,40,1,0,23,146.0,119.0,119.0,27.0
39143,39143,272,19,50,1,0,23,241.0,209.0,209.0,32.0
39144,39144,272,20,0,1,0,23,133.0,118.0,118.0,15.0
39145,39145,272,20,10,1,0,23,178.0,158.0,158.0,20.0
39146,39146,272,20,20,1,0,23,147.0,126.0,126.0,21.0
39147,39147,272,20,30,1,0,23,164.0,137.0,137.0,27.0
39148,39148,272,20,40,1,0,23,83.0,61.0,61.0,22.0
39149,39149,272,20,50,1,0,23,211.0,185.0,185.0,26.0
39150,39150,272,21,0,1,0,23,160.0,143.0,143.0,17.0
39151,39151,272,21,10,1,0,23,125.0,108.0,108.0,17.0
39152,39152,272,21,20,1,0,23,135.0,121.0,121.0,14.0
39153,39153,272,21,30,1,0,23,127.0,120.0,120.0,7.0
39154,39154,272,21,40,1,0,23,133.0,118.0,118.0,15.0
39155,39155,272,21,50,1,0,23,134.0,123.0,123.0,11.0
39156,39156,272,22,0,1,0,23,120.0,102.0,102.0,18.0
39157,39157,272,22,10,1,0,23,128.0,120.0,120.0,8.0
39158,39158,272,22,20,1,0,23,131.0,124.0,124.0,7.0
39159,39159,272,22,30,1,0,23,234.0,230.0,230.0,4.0
39160,39160,272,22,40,1,0,23,164.0,157.0,157.0,7.0
39161,39161,272,22,50,1,0,23,72.0,71.0,71.0,1.0
39198,39198,273,5,0,1,0,23,0.0,0.0,0.0,0.0
39199,39199,273,5,10,1,0,23,1.0,0.0,0.0,1.0
39200,39200,273,5,20,1,0,23,33.0,1.0,1.0,32.0
39201,39201,273,5,30,1,0,23,96.0,1.0,1.0,95.0
39202,39202,273,5,40,1,0,23,58.0,0.0,0.0,58.0
39203,39203,273,5,50,1,0,23,114.0,1.0,1.0,113.0
39204,39204,273,6,0,1,0,23,121.0,0.0,0.0,121.0
39205,39205,273,6,10,1,0,23,155.0,0.0,0.0,155.0
39206,39206,273,6,20,1,0,23,205.0,18.0,18.0,187.0
39207,39207,273,6,30,1,0,23,245.0,10.0,10.0,235.0
39208,39208,273,6,40,1,0,23,283.0,29.0,29.0,254.0
39209,39209,273,6,50,1,0,23,375.0,35.0,35.0,340.0
39210,39210,273,7,0,1,0,23,441.0,37.0,37.0,404.0
39211,39211,273,7,10,1,0,23,438.0,31.0,31.0,407.0
39212,39212,273,7,20,1,0,23,726.0,79.0,79.0,647.0
39213,39213,273,7,30,1,0,23,627.0,41.0,41.0,586.0
39214,39214,273,7,40,1,0,23,857.0,78.0,78.0,779.0
39215,39215,273,7,50,1,0,23,926.0,64.0,64.0,862.0
39216,39216,273,8,0,1,0,23,923.0,86.0,86.0,837.0
39217,39217,273,8,10,1,0,23,878.0,87.0,87.0,791.0
39218,39218,273,8,20,1,0,23,743.0,105.0,105.0,638.0
39219,39219,273,8,30,1,0,23,594.0,117.0,117.0,477.0
39220,39220,273,8,40,1,0,23,559.0,108.0,108.0,451.0
39221,39221,273,8,50,1,0,23,458.0,80.0,80.0,378.0
39222,39222,273,9,0,1,0,23,440.0,104.0,104.0,336.0
39223,39223,273,9,10,1,0,23,328.0,83.0,83.0,245.0
39224,39224,273,9,20,1,0,23,216.0,56.0,56.0,160.0
39225,39225,273,9,30,1,0,23,258.0,91.0,91.0,167.0
39226,39226,273,9,40,1,0,23,206.0,75.0,75.0,131.0
39227,39227,273,9,50,1,0,23,164.0,45.0,45.0,119.0
39228,39228,273,10,0,1,0,23,148.0,46.0,46.0,102.0
39229,39229,273,10,10,1,0,23,178.0,85.0,85.0,93.0
39230,39230,273,10,20,1,0,23,136.0,44.0,44.0,92.0
39231,39231,273,10,30,1,0,23,169.0,45.0,45.0,124.0
39232,39232,273,10,40,1,0,23,140.0,52.0,52.0,88.0
39233,39233,273,10,50,1,0,23,159.0,85.0,85.0,74.0
39234,39234,273,11,0,1,0,23,96.0,31.0,31.0,65.0
39235,39235,273,11,10,1,0,23,100.0,36.0,36.0,64.0
39236,39236,273,11,20,1,0,23,109.0,36.0,36.0,73.0
39237,39237,273,11,30,1,0,23,149.0,63.0,63.0,86.0
39238,39238,273,11,40,1,0,23,98.0,32.0,32.0,66.0
39239,39239,273,11,50,1,0,23,102.0,18.0,18.0,84.0
39240,39240,273,12,0,1,0,23,126.0,38.0,38.0,88.0
39241,39241,273,12,10,1,0,23,180.0,79.0,79.0,101.0
39242,39242,273,12,20,1,0,23,142.0,47.0,47.0,95.0
39243,39243,273,12,30,1,0,23,131.0,43.0,43.0,88.0
39244,39244,273,12,40,1,0,23,134.0,46.0,46.0,88.0
39245,39245,273,12,50,1,0,23,163.0,89.0,89.0,74.0
39246,39246,273,13,0,1,0,23,116.0,46.0,46.0,70.0
39247,39247,273,13,10,1,0,23,147.0,46.0,46.0,101.0
39248,39248,273,13,20,1,0,23,141.0,48.0,48.0,93.0
39249,39249,273,13,30,1,0,23,164.0,104.0,104.0,60.0
39250,39250,273,13,40,1,0,23,99.0,49.0,49.0,50.0
39251,39251,273,13,50,1,0,23,125.0,50.0,50.0,75.0
39252,39252,273,14,0,1,0,23,131.0,67.0,67.0,64.0
39253,39253,273,14,10,1,0,23,158.0,88.0,88.0,70.0
39254,39254,273,14,20,1,0,23,131.0,52.0,52.0,79.0
39255,39255,273,14,30,1,0,23,107.0,47.0,47.0,60.0
39256,39256,273,14,40,1,0,23,129.0,54.0,54.0,75.0
39257,39257,273,14,50,1,0,23,180.0,117.0,117.0,63.0
39258,39258,273,15,0,1,0,23,125.0,71.0,71.0,54.0
39259,39259,273,15,10,1,0,23,138.0,66.0,66.0,72.0
39260,39260,273,15,20,1,0,23,127.0,66.0,66.0,61.0
39261,39261,273,15,30,1,0,23,154.0,95.0,95.0,59.0
39262,39262,273,15,40,1,0,23,198.0,140.0,140.0,58.0
39263,39263,273,15,50,1,0,23,152.0,91.0,91.0,61.0
39264,39264,273,16,0,1,0,23,177.0,107.0,107.0,70.0
39265,39265,273,16,10,1,0,23,264.0,166.0,166.0,98.0
39266,39266,273,16,20,1,0,23,188.0,108.0,108.0,80.0
39267,39267,273,16,30,1,0,23,219.0,121.0,121.0,98.0
39268,39268,273,16,40,1,0,23,205.0,134.0,134.0,71.0
39269,39269,273,16,50,1,0,23,357.0,261.0,261.0,96.0
39270,39270,273,17,0,1,0,23,269.0,162.0,162.0,107.0
39271,39271,273,17,10,1,0,23,287.0,171.0,171.0,116.0
39272,39272,273,17,20,1,0,23,400.0,313.0,313.0,87.0
39273,39273,273,17,30,1,0,23,317.0,232.0,232.0,85.0
39274,39274,273,17,40,1,0,23,324.0,232.0,232.0,92.0
39275,39275,273,17,50,1,0,23,559.0,438.0,438.0,121.0
39276,39276,273,18,0,1,0,23,348.0,247.0,247.0,101.0
39277,39277,273,18,10,1,0,23,592.0,513.0,513.0,79.0
39278,39278,273,18,20,1,0,23,369.0,291.0,291.0,78.0
39279,39279,273,18,30,1,0,23,579.0,499.0,499.0,80.0
39280,39280,273,18,40,1,0,23,350.0,272.0,272.0,78.0
39281,39281,273,18,50,1,0,23,581.0,532.0,532.0,49.0
39282,39282,273,19,0,1,0,23,367.0,309.0,309.0,58.0
39283,39283,273,19,10,1,0,23,515.0,460.0,460.0,55.0
39284,39284,273,19,20,1,0,23,379.0,326.0,326.0,53.0
39285,39285,273,19,30,1,0,23,305.0,269.0,269.0,36.0
39286,39286,273,19,40,1,0,23,346.0,309.0,309.0,37.0
39287,39287,273,19,50,1,0,23,216.0,174.0,174.0,42.0
39288,39288,273,20,0,1,0,23,283.0,243.0,243.0,40.0
39289,39289,273,20,10,1,0,23,155.0,111.0,111.0,44.0
39290,39290,273,20,20,1,0,23,247.0,214.0,214.0,33.0
39291,39291,273,20,30,1,0,23,177.0,146.0,146.0,31.0
39292,39292,273,20,40,1,0,23,167.0,126.0,126.0,41.0
39293,39293,273,20,50,1,0,23,177.0,144.0,144.0,33.0
39294,39294,273,21,0,1,0,23,237.0,216.0,216.0,21.0
39295,39295,273,21,10,1,0,23,110.0,71.0,71.0,39.0
39296,39296,273,21,20,1,0,23,191.0,155.0,155.0,36.0
39297,39297,273,21,30,1,0,23,181.0,149.0,149.0,32.0
39298,39298,273,21,40,1,0,23,297.0,278.0,278.0,19.0
39299,39299,273,21,50,1,0,23,162.0,155.0,155.0,7.0
39300,39300,273,22,0,1,0,23,119.0,100.0,100.0,19.0
39301,39301,273,22,10,1,0,23,149.0,139.0,139.0,10.0
39302,39302,273,22,20,1,0,23,122.0,118.0,118.0,4.0
39303,39303,273,22,30,1,0,23,124.0,118.0,118.0,6.0
39304,39304,273,22,40,1,0,23,188.0,186.0,186.0,2.0
39305,39305,273,22,50,1,0,23,99.0,98.0,98.0,1.0
39342,39342,274,5,0,1,0,23,0.0,0.0,0.0,0.0
39343,39343,274,5,10,1,0,23,0.0,0.0,0.0,0.0
39344,39344,274,5,20,1,0,23,5.0,0.0,0.0,5.0
39345,39345,274,5,30,1,0,23,9.0,0.0,0.0,9.0
39346,39346,274,5,40,1,0,23,12.0,1.0,1.0,11.0
39347,39347,274,5,50,1,0,23,27.0,0.0,0.0,27.0
39348,39348,274,6,0,1,0,23,68.0,26.0,26.0,42.0
39349,39349,274,6,10,1,0,23,108.0,52.0,52.0,56.0
39350,39350,274,6,20,1,0,23,141.0,68.0,68.0,73.0
39351,39351,274,6,30,1,0,23,204.0,100.0,100.0,104.0
39352,39352,274,6,40,1,0,23,291.0,161.0,161.0,130.0
39353,39353,274,6,50,1,0,23,393.0,236.0,236.0,157.0
39354,39354,274,7,0,1,0,23,638.0,436.0,436.0,202.0
39355,39355,274,7,10,1,0,23,835.0,568.0,568.0,267.0
39356,39356,274,7,20,1,0,23,857.0,578.0,578.0,279.0
39357,39357,274,7,30,1,0,23,831.0,535.0,535.0,296.0
39358,39358,274,7,40,1,0,23,870.0,493.0,493.0,377.0
39359,39359,274,7,50,1,0,23,941.0,460.0,460.0,481.0
39360,39360,274,8,0,1,0,23,1057.0,548.0,548.0,509.0
39361,39361,274,8,10,1,0,23,1229.0,683.0,683.0,546.0
39362,39362,274,8,20,1,0,23,1290.0,749.0,749.0,541.0
39363,39363,274,8,30,1,0,23,1176.0,681.0,681.0,495.0
39364,39364,274,8,40,1,0,23,1341.0,894.0,894.0,447.0
39365,39365,274,8,50,1,0,23,1296.0,910.0,910.0,386.0
39366,39366,274,9,0,1,0,23,897.0,552.0,552.0,345.0
39367,39367,274,9,10,1,0,23,845.0,547.0,547.0,298.0
39368,39368,274,9,20,1,0,23,676.0,395.0,395.0,281.0
39369,39369,274,9,30,1,0,23,676.0,383.0,383.0,293.0
39370,39370,274,9,40,1,0,23,607.0,346.0,346.0,261.0
39371,39371,274,9,50,1,0,23,555.0,303.0,303.0,252.0
39372,39372,274,10,0,1,0,23,467.0,230.0,230.0,237.0
39373,39373,274,10,10,1,0,23,496.0,273.0,273.0,223.0
39374,39374,274,10,20,1,0,23,446.0,193.0,193.0,253.0
39375,39375,274,10,30,1,0,23,339.0,156.0,156.0,183.0
39376,39376,274,10,40,1,0,23,381.0,197.0,197.0,184.0
39377,39377,274,10,50,1,0,23,313.0,126.0,126.0,187.0
39378,39378,274,11,0,1,0,23,366.0,180.0,180.0,186.0
39379,39379,274,11,10,1,0,23,355.0,173.0,173.0,182.0
39380,39380,274,11,20,1,0,23,345.0,167.0,167.0,178.0
39381,39381,274,11,30,1,0,23,349.0,134.0,134.0,215.0
39382,39382,274,11,40,1,0,23,380.0,158.0,158.0,222.0
39383,39383,274,11,50,1,0,23,337.0,144.0,144.0,193.0
39384,39384,274,12,0,1,0,23,395.0,169.0,169.0,226.0
39385,39385,274,12,10,1,0,23,386.0,158.0,158.0,228.0
39386,39386,274,12,20,1,0,23,413.0,204.0,204.0,209.0
39387,39387,274,12,30,1,0,23,346.0,153.0,153.0,193.0
39388,39388,274,12,40,1,0,23,426.0,220.0,220.0,206.0
39389,39389,274,12,50,1,0,23,375.0,209.0,209.0,166.0
39390,39390,274,13,0,1,0,23,440.0,227.0,227.0,213.0
39391,39391,274,13,10,1,0,23,426.0,218.0,218.0,208.0
39392,39392,274,13,20,1,0,23,445.0,218.0,218.0,227.0
39393,39393,274,13,30,1,0,23,368.0,199.0,199.0,169.0
39394,39394,274,13,40,1,0,23,399.0,200.0,200.0,199.0
39395,39395,274,13,50,1,0,23,375.0,180.0,180.0,195.0
39396,39396,274,14,0,1,0,23,377.0,200.0,200.0,177.0
39397,39397,274,14,10,1,0,23,418.0,204.0,204.0,214.0
39398,39398,274,14,20,1,0,23,402.0,184.0,184.0,218.0
39399,39399,274,14,30,1,0,23,368.0,130.0,130.0,238.0
39400,39400,274,14,40,1,0,23,541.0,182.0,182.0,359.0
39401,39401,274,14,50,1,0,23,515.0,165.0,165.0,350.0
39402,39402,274,15,0,1,0,23,506.0,213.0,213.0,293.0
39403,39403,274,15,10,1,0,23,505.0,136.0,136.0,369.0
39404,39404,274,15,20,1,0,23,519.0,158.0,158.0,361.0
39405,39405,274,15,30,1,0,23,594.0,167.0,167.0,427.0
39406,39406,274,15,40,1,0,23,632.0,229.0,229.0,403.0
39407,39407,274,15,50,1,0,23,525.0,175.0,175.0,350.0
39408,39408,274,16,0,1,0,23,538.0,198.0,198.0,340.0
39409,39409,274,16,10,1,0,23,520.0,138.0,138.0,382.0
39410,39410,274,16,20,1,0,23,565.0,235.0,235.0,330.0
39411,39411,274,16,30,1,0,23,560.0,188.0,188.0,372.0
39412,39412,274,16,40,1,0,23,568.0,219.0,219.0,349.0
39413,39413,274,16,50,1,0,23,571.0,220.0,220.0,351.0
39414,39414,274,17,0,1,0,23,723.0,218.0,218.0,505.0
39415,39415,274,17,10,1,0,23,905.0,237.0,237.0,668.0
39416,39416,274,17,20,1,0,23,791.0,360.0,360.0,431.0
39417,39417,274,17,30,1,0,23,957.0,393.0,393.0,564.0
39418,39418,274,17,40,1,0,23,931.0,344.0,344.0,587.0
39419,39419,274,17,50,1,0,23,856.0,413.0,413.0,443.0
39420,39420,274,18,0,1,0,23,899.0,448.0,448.0,451.0
39421,39421,274,18,10,1,0,23,1043.0,464.0,464.0,579.0
39422,39422,274,18,20,1,0,23,819.0,419.0,419.0,400.0
39423,39423,274,18,30,1,0,23,711.0,437.0,437.0,274.0
39424,39424,274,18,40,1,0,23,659.0,374.0,374.0,285.0
39425,39425,274,18,50,1,0,23,575.0,351.0,351.0,224.0
39426,39426,274,19,0,1,0,23,463.0,267.0,267.0,196.0
39427,39427,274,19,10,1,0,23,416.0,235.0,235.0,181.0
39428,39428,274,19,20,1,0,23,372.0,177.0,177.0,195.0
39429,39429,274,19,30,1,0,23,336.0,169.0,169.0,167.0
39430,39430,274,19,40,1,0,23,313.0,176.0,176.0,137.0
39431,39431,274,19,50,1,0,23,283.0,151.0,151.0,132.0
39432,39432,274,20,0,1,0,23,246.0,108.0,108.0,138.0
39433,39433,274,20,10,1,0,23,335.0,167.0,167.0,168.0
39434,39434,274,20,20,1,0,23,293.0,134.0,134.0,159.0
39435,39435,274,20,30,1,0,23,266.0,139.0,139.0,127.0
39436,39436,274,20,40,1,0,23,343.0,134.0,134.0,209.0
39437,39437,274,20,50,1,0,23,257.0,131.0,131.0,126.0
39438,39438,274,21,0,1,0,23,278.0,140.0,140.0,138.0
39439,39439,274,21,10,1,0,23,240.0,115.0,115.0,125.0
39440,39440,274,21,20,1,0,23,250.0,145.0,145.0,105.0
39441,39441,274,21,30,1,0,23,279.0,148.0,148.0,131.0
39442,39442,274,21,40,1,0,23,237.0,137.0,137.0,100.0
39443,39443,274,21,50,1,0,23,202.0,136.0,136.0,66.0
39444,39444,274,22,0,1,0,23,183.0,105.0,105.0,78.0
39445,39445,274,22,10,1,0,23,171.0,98.0,98.0,73.0
39446,39446,274,22,20,1,0,23,198.0,158.0,158.0,40.0
39447,39447,274,22,30,1,0,23,129.0,95.0,95.0,34.0
39448,39448,274,22,40,1,0,23,72.0,55.0,55.0,17.0
39449,39449,274,22,50,1,0,23,60.0,45.0,45.0,15.0
39486,39486,275,5,0,1,0,23,0.0,0.0,0.0,0.0
39487,39487,275,5,10,1,0,23,15.0,1.0,1.0,14.0
39488,39488,275,5,20,1,0,23,27.0,0.0,0.0,27.0
39489,39489,275,5,30,1,0,23,29.0,0.0,0.0,29.0
39490,39490,275,5,40,1,0,23,40.0,0.0,0.0,40.0
39491,39491,275,5,50,1,0,23,44.0,0.0,0.0,44.0
39492,39492,275,6,0,1,0,23,57.0,0.0,0.0,57.0
39493,39493,275,6,10,1,0,23,87.0,0.0,0.0,87.0
39494,39494,275,6,20,1,0,23,106.0,0.0,0.0,106.0
39495,39495,275,6,30,1,0,23,159.0,21.0,21.0,138.0
39496,39496,275,6,40,1,0,23,209.0,31.0,31.0,178.0
39497,39497,275,6,50,1,0,23,242.0,47.0,47.0,195.0
39498,39498,275,7,0,1,0,23,286.0,44.0,44.0,242.0
39499,39499,275,7,10,1,0,23,387.0,60.0,60.0,327.0
39500,39500,275,7,20,1,0,23,412.0,66.0,66.0,346.0
39501,39501,275,7,30,1,0,23,528.0,70.0,70.0,458.0
39502,39502,275,7,40,1,0,23,600.0,144.0,144.0,456.0
39503,39503,275,7,50,1,0,23,566.0,74.0,74.0,492.0
39504,39504,275,8,0,1,0,23,542.0,47.0,47.0,495.0
39505,39505,275,8,10,1,0,23,568.0,73.0,73.0,495.0
39506,39506,275,8,20,1,0,23,443.0,67.0,67.0,376.0
39507,39507,275,8,30,1,0,23,381.0,54.0,54.0,327.0
39508,39508,275,8,40,1,0,23,307.0,59.0,59.0,248.0
39509,39509,275,8,50,1,0,23,268.0,60.0,60.0,208.0
39510,39510,275,9,0,1,0,23,207.0,48.0,48.0,159.0
39511,39511,275,9,10,1,0,23,192.0,50.0,50.0,142.0
39512,39512,275,9,20,1,0,23,178.0,50.0,50.0,128.0
39513,39513,275,9,30,1,0,23,154.0,42.0,42.0,112.0
39514,39514,275,9,40,1,0,23,191.0,53.0,53.0,138.0
39515,39515,275,9,50,1,0,23,160.0,39.0,39.0,121.0
39516,39516,275,10,0,1,0,23,168.0,58.0,58.0,110.0
39517,39517,275,10,10,1,0,23,143.0,51.0,51.0,92.0
39518,39518,275,10,20,1,0,23,127.0,63.0,63.0,64.0
39519,39519,275,10,30,1,0,23,116.0,52.0,52.0,64.0
39520,39520,275,10,40,1,0,23,103.0,39.0,39.0,64.0
39521,39521,275,10,50,1,0,23,94.0,29.0,29.0,65.0
39522,39522,275,11,0,1,0,23,133.0,74.0,74.0,59.0
39523,39523,275,11,10,1,0,23,104.0,37.0,37.0,67.0
39524,39524,275,11,20,1,0,23,88.0,18.0,18.0,70.0
39525,39525,275,11,30,1,0,23,113.0,47.0,47.0,66.0
39526,39526,275,11,40,1,0,23,163.0,93.0,93.0,70.0
39527,39527,275,11,50,1,0,23,108.0,43.0,43.0,65.0
39528,39528,275,12,0,1,0,23,134.0,59.0,59.0,75.0
39529,39529,275,12,10,1,0,23,133.0,51.0,51.0,82.0
39530,39530,275,12,20,1,0,23,157.0,92.0,92.0,65.0
39531,39531,275,12,30,1,0,23,119.0,47.0,47.0,72.0
39532,39532,275,12,40,1,0,23,105.0,36.0,36.0,69.0
39533,39533,275,12,50,1,0,23,83.0,27.0,27.0,56.0
39534,39534,275,13,0,1,0,23,141.0,75.0,75.0,66.0
39535,39535,275,13,10,1,0,23,100.0,53.0,53.0,47.0
39536,39536,275,13,20,1,0,23,107.0,43.0,43.0,64.0
39537,39537,275,13,30,1,0,23,96.0,45.0,45.0,51.0
39538,39538,275,13,40,1,0,23,131.0,87.0,87.0,44.0
39539,39539,275,13,50,1,0,23,100.0,45.0,45.0,55.0
39540,39540,275,14,0,1,0,23,99.0,53.0,53.0,46.0
39541,39541,275,14,10,1,0,23,82.0,42.0,42.0,40.0
39542,39542,275,14,20,1,0,23,119.0,70.0,70.0,49.0
39543,39543,275,14,30,1,0,23,92.0,57.0,57.0,35.0
39544,39544,275,14,40,1,0,23,136.0,56.0,56.0,80.0
39545,39545,275,14,50,1,0,23,164.0,48.0,48.0,116.0
39546,39546,275,15,0,1,0,23,201.0,107.0,107.0,94.0
39547,39547,275,15,10,1,0,23,143.0,76.0,76.0,67.0
39548,39548,275,15,20,1,0,23,125.0,61.0,61.0,64.0
39549,39549,275,15,30,1,0,23,101.0,65.0,65.0,36.0
39550,39550,275,15,40,1,0,23,193.0,124.0,124.0,69.0
39551,39551,275,15,50,1,0,23,114.0,63.0,63.0,51.0
39552,39552,275,16,0,1,0,23,124.0,57.0,57.0,67.0
39553,39553,275,16,10,1,0,23,107.0,69.0,69.0,38.0
39554,39554,275,16,20,1,0,23,235.0,173.0,173.0,62.0
39555,39555,275,16,30,1,0,23,153.0,100.0,100.0,53.0
39556,39556,275,16,40,1,0,23,173.0,88.0,88.0,85.0
39557,39557,275,16,50,1,0,23,176.0,122.0,122.0,54.0
39558,39558,275,17,0,1,0,23,182.0,126.0,126.0,56.0
39559,39559,275,17,10,1,0,23,337.0,255.0,255.0,82.0
39560,39560,275,17,20,1,0,23,226.0,151.0,151.0,75.0
39561,39561,275,17,30,1,0,23,309.0,256.0,256.0,53.0
39562,39562,275,17,40,1,0,23,338.0,262.0,262.0,76.0
39563,39563,275,17,50,1,0,23,440.0,383.0,383.0,57.0
39564,39564,275,18,0,1,0,23,300.0,264.0,264.0,36.0
39565,39565,275,18,10,1,0,23,303.0,245.0,245.0,58.0
39566,39566,275,18,20,1,0,23,516.0,463.0,463.0,53.0
39567,39567,275,18,30,1,0,23,300.0,261.0,261.0,39.0
39568,39568,275,18,40,1,0,23,506.0,460.0,460.0,46.0
39569,39569,275,18,50,1,0,23,440.0,406.0,406.0,34.0
39570,39570,275,19,0,1,0,23,350.0,314.0,314.0,36.0
39571,39571,275,19,10,1,0,23,383.0,351.0,351.0,32.0
39572,39572,275,19,20,1,0,23,227.0,191.0,191.0,36.0
39573,39573,275,19,30,1,0,23,246.0,225.0,225.0,21.0
39574,39574,275,19,40,1,0,23,182.0,157.0,157.0,25.0
39575,39575,275,19,50,1,0,23,182.0,153.0,153.0,29.0
39576,39576,275,20,0,1,0,23,139.0,118.0,118.0,21.0
39577,39577,275,20,10,1,0,23,196.0,156.0,156.0,40.0
39578,39578,275,20,20,1,0,23,137.0,102.0,102.0,35.0
39579,39579,275,20,30,1,0,23,134.0,113.0,113.0,21.0
39580,39580,275,20,40,1,0,23,129.0,87.0,87.0,42.0
39581,39581,275,20,50,1,0,23,132.0,107.0,107.0,25.0
39582,39582,275,21,0,1,0,23,132.0,102.0,102.0,30.0
39583,39583,275,21,10,1,0,23,113.0,85.0,85.0,28.0
39584,39584,275,21,20,1,0,23,113.0,96.0,96.0,17.0
39585,39585,275,21,30,1,0,23,118.0,103.0,103.0,15.0
39586,39586,275,21,40,1,0,23,138.0,109.0,109.0,29.0
39587,39587,275,21,50,1,0,23,99.0,86.0,86.0,13.0
39588,39588,275,22,0,1,0,23,157.0,141.0,141.0,16.0
39589,39589,275,22,10,1,0,23,93.0,81.0,81.0,12.0
39590,39590,275,22,20,1,0,23,89.0,86.0,86.0,3.0
39591,39591,275,22,30,1,0,23,72.0,71.0,71.0,1.0
39592,39592,275,22,40,1,0,23,95.0,95.0,95.0,0.0
39593,39593,275,22,50,1,0,23,76.0,75.0,75.0,1.0
39630,39630,276,5,0,1,0,23,1.0,1.0,1.0,0.0
39631,39631,276,5,10,1,0,23,2.0,0.0,0.0,2.0
39632,39632,276,5,20,1,0,23,9.0,1.0,1.0,8.0
39633,39633,276,5,30,1,0,23,22.0,2.0,2.0,20.0
39634,39634,276,5,40,1,0,23,27.0,1.0,1.0,26.0
39635,39635,276,5,50,1,0,23,32.0,1.0,1.0,31.0
39636,39636,276,6,0,1,0,23,43.0,0.0,0.0,43.0
39637,39637,276,6,10,1,0,23,46.0,0.0,0.0,46.0
39638,39638,276,6,20,1,0,23,96.0,20.0,20.0,76.0
39639,39639,276,6,30,1,0,23,120.0,3.0,3.0,117.0
39640,39640,276,6,40,1,0,23,155.0,18.0,18.0,137.0
39641,39641,276,6,50,1,0,23,174.0,29.0,29.0,145.0
39642,39642,276,7,0,1,0,23,224.0,28.0,28.0,196.0
39643,39643,276,7,10,1,0,23,244.0,39.0,39.0,205.0
39644,39644,276,7,20,1,0,23,349.0,66.0,66.0,283.0
39645,39645,276,7,30,1,0,23,423.0,129.0,129.0,294.0
39646,39646,276,7,40,1,0,23,462.0,116.0,116.0,346.0
39647,39647,276,7,50,1,0,23,519.0,95.0,95.0,424.0
39648,39648,276,8,0,1,0,23,511.0,122.0,122.0,389.0
39649,39649,276,8,10,1,0,23,572.0,193.0,193.0,379.0
39650,39650,276,8,20,1,0,23,455.0,204.0,204.0,251.0
39651,39651,276,8,30,1,0,23,419.0,244.0,244.0,175.0
39652,39652,276,8,40,1,0,23,510.0,301.0,301.0,209.0
39653,39653,276,8,50,1,0,23,411.0,265.0,265.0,146.0
39654,39654,276,9,0,1,0,23,321.0,214.0,214.0,107.0
39655,39655,276,9,10,1,0,23,359.0,217.0,217.0,142.0
39656,39656,276,9,20,1,0,23,296.0,208.0,208.0,88.0
39657,39657,276,9,30,1,0,23,174.0,111.0,111.0,63.0
39658,39658,276,9,40,1,0,23,165.0,112.0,112.0,53.0
39659,39659,276,9,50,1,0,23,150.0,91.0,91.0,59.0
39660,39660,276,10,0,1,0,23,138.0,90.0,90.0,48.0
39661,39661,276,10,10,1,0,23,118.0,39.0,39.0,79.0
39662,39662,276,10,20,1,0,23,71.0,38.0,38.0,33.0
39663,39663,276,10,30,1,0,23,115.0,75.0,75.0,40.0
39664,39664,276,10,40,1,0,23,60.0,31.0,31.0,29.0
39665,39665,276,10,50,1,0,23,100.0,39.0,39.0,61.0
39666,39666,276,11,0,1,0,23,87.0,43.0,43.0,44.0
39667,39667,276,11,10,1,0,23,110.0,64.0,64.0,46.0
39668,39668,276,11,20,1,0,23,68.0,32.0,32.0,36.0
39669,39669,276,11,30,1,0,23,67.0,27.0,27.0,40.0
39670,39670,276,11,40,1,0,23,74.0,34.0,34.0,40.0
39671,39671,276,11,50,1,0,23,98.0,49.0,49.0,49.0
39672,39672,276,12,0,1,0,23,94.0,45.0,45.0,49.0
39673,39673,276,12,10,1,0,23,111.0,26.0,26.0,85.0
39674,39674,276,12,20,1,0,23,72.0,31.0,31.0,41.0
39675,39675,276,12,30,1,0,23,132.0,84.0,84.0,48.0
39676,39676,276,12,40,1,0,23,96.0,47.0,47.0,49.0
39677,39677,276,12,50,1,0,23,59.0,25.0,25.0,34.0
39678,39678,276,13,0,1,0,23,89.0,35.0,35.0,54.0
39679,39679,276,13,10,1,0,23,129.0,80.0,80.0,49.0
39680,39680,276,13,20,1,0,23,91.0,41.0,41.0,50.0
39681,39681,276,13,30,1,0,23,95.0,34.0,34.0,61.0
39682,39682,276,13,40,1,0,23,74.0,35.0,35.0,39.0
39683,39683,276,13,50,1,0,23,122.0,81.0,81.0,41.0
39684,39684,276,14,0,1,0,23,59.0,21.0,21.0,38.0
39685,39685,276,14,10,1,0,23,92.0,42.0,42.0,50.0
39686,39686,276,14,20,1,0,23,78.0,41.0,41.0,37.0
39687,39687,276,14,30,1,0,23,124.0,80.0,80.0,44.0
39688,39688,276,14,40,1,0,23,70.0,33.0,33.0,37.0
39689,39689,276,14,50,1,0,23,65.0,30.0,30.0,35.0
39690,39690,276,15,0,1,0,23,94.0,52.0,52.0,42.0
39691,39691,276,15,10,1,0,23,134.0,78.0,78.0,56.0
39692,39692,276,15,20,1,0,23,92.0,39.0,39.0,53.0
39693,39693,276,15,30,1,0,23,83.0,43.0,43.0,40.0
39694,39694,276,15,40,1,0,23,93.0,61.0,61.0,32.0
39695,39695,276,15,50,1,0,23,136.0,88.0,88.0,48.0
39696,39696,276,16,0,1,0,23,103.0,54.0,54.0,49.0
39697,39697,276,16,10,1,0,23,123.0,59.0,59.0,64.0
39698,39698,276,16,20,1,0,23,116.0,56.0,56.0,60.0
39699,39699,276,16,30,1,0,23,188.0,103.0,103.0,85.0
39700,39700,276,16,40,1,0,23,151.0,71.0,71.0,80.0
39701,39701,276,16,50,1,0,23,154.0,68.0,68.0,86.0
39702,39702,276,17,0,1,0,23,195.0,90.0,90.0,105.0
39703,39703,276,17,10,1,0,23,301.0,155.0,155.0,146.0
39704,39704,276,17,20,1,0,23,234.0,77.0,77.0,157.0
39705,39705,276,17,30,1,0,23,357.0,191.0,191.0,166.0
39706,39706,276,17,40,1,0,23,263.0,97.0,97.0,166.0
39707,39707,276,17,50,1,0,23,365.0,229.0,229.0,136.0
39708,39708,276,18,0,1,0,23,336.0,162.0,162.0,174.0
39709,39709,276,18,10,1,0,23,364.0,140.0,140.0,224.0
39710,39710,276,18,20,1,0,23,272.0,128.0,128.0,144.0
39711,39711,276,18,30,1,0,23,485.0,324.0,324.0,161.0
39712,39712,276,18,40,1,0,23,384.0,250.0,250.0,134.0
39713,39713,276,18,50,1,0,23,317.0,203.0,203.0,114.0
39714,39714,276,19,0,1,0,23,348.0,261.0,261.0,87.0
39715,39715,276,19,10,1,0,23,299.0,232.0,232.0,67.0
39716,39716,276,19,20,1,0,23,218.0,148.0,148.0,70.0
39717,39717,276,19,30,1,0,23,235.0,178.0,178.0,57.0
39718,39718,276,19,40,1,0,23,126.0,74.0,74.0,52.0
39719,39719,276,19,50,1,0,23,205.0,154.0,154.0,51.0
39720,39720,276,20,0,1,0,23,149.0,98.0,98.0,51.0
39721,39721,276,20,10,1,0,23,153.0,96.0,96.0,57.0
39722,39722,276,20,20,1,0,23,95.0,43.0,43.0,52.0
39723,39723,276,20,30,1,0,23,127.0,75.0,75.0,52.0
39724,39724,276,20,40,1,0,23,162.0,90.0,90.0,72.0
39725,39725,276,20,50,1,0,23,110.0,57.0,57.0,53.0
39726,39726,276,21,0,1,0,23,107.0,57.0,57.0,50.0
39727,39727,276,21,10,1,0,23,135.0,83.0,83.0,52.0
39728,39728,276,21,20,1,0,23,89.0,51.0,51.0,38.0
39729,39729,276,21,30,1,0,23,76.0,47.0,47.0,29.0
39730,39730,276,21,40,1,0,23,70.0,44.0,44.0,26.0
39731,39731,276,21,50,1,0,23,94.0,64.0,64.0,30.0
39732,39732,276,22,0,1,0,23,74.0,54.0,54.0,20.0
39733,39733,276,22,10,1,0,23,89.0,75.0,75.0,14.0
39734,39734,276,22,20,1,0,23,59.0,43.0,43.0,16.0
39735,39735,276,22,30,1,0,23,47.0,38.0,38.0,9.0
39736,39736,276,22,40,1,0,23,45.0,42.0,42.0,3.0
39737,39737,276,22,50,1,0,23,52.0,45.0,45.0,7.0
39774,39774,277,5,0,1,0,23,0.0,0.0,0.0,0.0
39775,39775,277,5,10,1,0,23,0.0,0.0,0.0,0.0
39776,39776,277,5,20,1,0,23,0.0,0.0,0.0,0.0
39777,39777,277,5,30,1,0,23,2.0,0.0,0.0,2.0
39778,39778,277,5,40,1,0,23,13.0,0.0,0.0,13.0
39779,39779,277,5,50,1,0,23,20.0,5.0,5.0,15.0
39780,39780,277,6,0,1,0,23,33.0,10.0,10.0,23.0
39781,39781,277,6,10,1,0,23,42.0,4.0,4.0,38.0
39782,39782,277,6,20,1,0,23,53.0,23.0,23.0,30.0
39783,39783,277,6,30,1,0,23,96.0,25.0,25.0,71.0
39784,39784,277,6,40,1,0,23,107.0,47.0,47.0,60.0
39785,39785,277,6,50,1,0,23,178.0,68.0,68.0,110.0
39786,39786,277,7,0,1,0,23,190.0,93.0,93.0,97.0
39787,39787,277,7,10,1,0,23,215.0,118.0,118.0,97.0
39788,39788,277,7,20,1,0,23,227.0,114.0,114.0,113.0
39789,39789,277,7,30,1,0,23,249.0,118.0,118.0,131.0
39790,39790,277,7,40,1,0,23,298.0,159.0,159.0,139.0
39791,39791,277,7,50,1,0,23,377.0,198.0,198.0,179.0
39792,39792,277,8,0,1,0,23,427.0,236.0,236.0,191.0
39793,39793,277,8,10,1,0,23,538.0,348.0,348.0,190.0
39794,39794,277,8,20,1,0,23,570.0,401.0,401.0,169.0
39795,39795,277,8,30,1,0,23,591.0,433.0,433.0,158.0
39796,39796,277,8,40,1,0,23,760.0,623.0,623.0,137.0
39797,39797,277,8,50,1,0,23,667.0,559.0,559.0,108.0
39798,39798,277,9,0,1,0,23,486.0,349.0,349.0,137.0
39799,39799,277,9,10,1,0,23,480.0,348.0,348.0,132.0
39800,39800,277,9,20,1,0,23,410.0,292.0,292.0,118.0
39801,39801,277,9,30,1,0,23,307.0,220.0,220.0,87.0
39802,39802,277,9,40,1,0,23,273.0,185.0,185.0,88.0
39803,39803,277,9,50,1,0,23,227.0,140.0,140.0,87.0
39804,39804,277,10,0,1,0,23,230.0,159.0,159.0,71.0
39805,39805,277,10,10,1,0,23,188.0,118.0,118.0,70.0
39806,39806,277,10,20,1,0,23,166.0,94.0,94.0,72.0
39807,39807,277,10,30,1,0,23,191.0,119.0,119.0,72.0
39808,39808,277,10,40,1,0,23,154.0,84.0,84.0,70.0
39809,39809,277,10,50,1,0,23,161.0,112.0,112.0,49.0
39810,39810,277,11,0,1,0,23,155.0,77.0,77.0,78.0
39811,39811,277,11,10,1,0,23,160.0,89.0,89.0,71.0
39812,39812,277,11,20,1,0,23,133.0,76.0,76.0,57.0
39813,39813,277,11,30,1,0,23,133.0,88.0,88.0,45.0
39814,39814,277,11,40,1,0,23,164.0,74.0,74.0,90.0
39815,39815,277,11,50,1,0,23,162.0,81.0,81.0,81.0
39816,39816,277,12,0,1,0,23,165.0,72.0,72.0,93.0
39817,39817,277,12,10,1,0,23,160.0,81.0,81.0,79.0
39818,39818,277,12,20,1,0,23,139.0,69.0,69.0,70.0
39819,39819,277,12,30,1,0,23,171.0,95.0,95.0,76.0
39820,39820,277,12,40,1,0,23,171.0,83.0,83.0,88.0
39821,39821,277,12,50,1,0,23,169.0,100.0,100.0,69.0
39822,39822,277,13,0,1,0,23,166.0,88.0,88.0,78.0
39823,39823,277,13,10,1,0,23,200.0,89.0,89.0,111.0
39824,39824,277,13,20,1,0,23,160.0,75.0,75.0,85.0
39825,39825,277,13,30,1,0,23,193.0,106.0,106.0,87.0
39826,39826,277,13,40,1,0,23,179.0,85.0,85.0,94.0
39827,39827,277,13,50,1,0,23,176.0,78.0,78.0,98.0
39828,39828,277,14,0,1,0,23,174.0,76.0,76.0,98.0
39829,39829,277,14,10,1,0,23,180.0,65.0,65.0,115.0
39830,39830,277,14,20,1,0,23,158.0,84.0,84.0,74.0
39831,39831,277,14,30,1,0,23,193.0,91.0,91.0,102.0
39832,39832,277,14,40,1,0,23,172.0,86.0,86.0,86.0
39833,39833,277,14,50,1,0,23,177.0,94.0,94.0,83.0
39834,39834,277,15,0,1,0,23,172.0,86.0,86.0,86.0
39835,39835,277,15,10,1,0,23,183.0,84.0,84.0,99.0
39836,39836,277,15,20,1,0,23,165.0,74.0,74.0,91.0
39837,39837,277,15,30,1,0,23,218.0,106.0,106.0,112.0
39838,39838,277,15,40,1,0,23,220.0,105.0,105.0,115.0
39839,39839,277,15,50,1,0,23,162.0,82.0,82.0,80.0
39840,39840,277,16,0,1,0,23,206.0,73.0,73.0,133.0
39841,39841,277,16,10,1,0,23,230.0,97.0,97.0,133.0
39842,39842,277,16,20,1,0,23,230.0,95.0,95.0,135.0
39843,39843,277,16,30,1,0,23,264.0,112.0,112.0,152.0
39844,39844,277,16,40,1,0,23,258.0,104.0,104.0,154.0
39845,39845,277,16,50,1,0,23,293.0,109.0,109.0,184.0
39846,39846,277,17,0,1,0,23,427.0,133.0,133.0,294.0
39847,39847,277,17,10,1,0,23,437.0,158.0,158.0,279.0
39848,39848,277,17,20,1,0,23,375.0,148.0,148.0,227.0
39849,39849,277,17,30,1,0,23,518.0,212.0,212.0,306.0
39850,39850,277,17,40,1,0,23,598.0,183.0,183.0,415.0
39851,39851,277,17,50,1,0,23,538.0,213.0,213.0,325.0
39852,39852,277,18,0,1,0,23,486.0,186.0,186.0,300.0
39853,39853,277,18,10,1,0,23,560.0,210.0,210.0,350.0
39854,39854,277,18,20,1,0,23,430.0,176.0,176.0,254.0
39855,39855,277,18,30,1,0,23,469.0,219.0,219.0,250.0
39856,39856,277,18,40,1,0,23,436.0,208.0,208.0,228.0
39857,39857,277,18,50,1,0,23,358.0,162.0,162.0,196.0
39858,39858,277,19,0,1,0,23,332.0,177.0,177.0,155.0
39859,39859,277,19,10,1,0,23,274.0,138.0,138.0,136.0
39860,39860,277,19,20,1,0,23,251.0,105.0,105.0,146.0
39861,39861,277,19,30,1,0,23,231.0,105.0,105.0,126.0
39862,39862,277,19,40,1,0,23,218.0,84.0,84.0,134.0
39863,39863,277,19,50,1,0,23,236.0,103.0,103.0,133.0
39864,39864,277,20,0,1,0,23,213.0,73.0,73.0,140.0
39865,39865,277,20,10,1,0,23,190.0,61.0,61.0,129.0
39866,39866,277,20,20,1,0,23,204.0,74.0,74.0,130.0
39867,39867,277,20,30,1,0,23,171.0,70.0,70.0,101.0
39868,39868,277,20,40,1,0,23,218.0,68.0,68.0,150.0
39869,39869,277,20,50,1,0,23,204.0,61.0,61.0,143.0
39870,39870,277,21,0,1,0,23,178.0,60.0,60.0,118.0
39871,39871,277,21,10,1,0,23,217.0,65.0,65.0,152.0
39872,39872,277,21,20,1,0,23,187.0,71.0,71.0,116.0
39873,39873,277,21,30,1,0,23,178.0,65.0,65.0,113.0
39874,39874,277,21,40,1,0,23,159.0,46.0,46.0,113.0
39875,39875,277,21,50,1,0,23,146.0,54.0,54.0,92.0
39876,39876,277,22,0,1,0,23,220.0,78.0,78.0,142.0
39877,39877,277,22,10,1,0,23,133.0,63.0,63.0,70.0
39878,39878,277,22,20,1,0,23,104.0,73.0,73.0,31.0
39879,39879,277,22,30,1,0,23,90.0,47.0,47.0,43.0
39880,39880,277,22,40,1,0,23,53.0,38.0,38.0,15.0
39881,39881,277,22,50,1,0,23,41.0,28.0,28.0,13.0
39918,39918,278,5,0,1,0,23,0.0,0.0,0.0,0.0
39919,39919,278,5,10,1,0,23,0.0,0.0,0.0,0.0
39920,39920,278,5,20,1,0,23,4.0,0.0,0.0,4.0
39921,39921,278,5,30,1,0,23,18.0,0.0,0.0,18.0
39922,39922,278,5,40,1,0,23,32.0,3.0,3.0,29.0
39923,39923,278,5,50,1,0,23,30.0,1.0,1.0,29.0
39924,39924,278,6,0,1,0,23,58.0,3.0,3.0,55.0
39925,39925,278,6,10,1,0,23,79.0,13.0,13.0,66.0
39926,39926,278,6,20,1,0,23,101.0,10.0,10.0,91.0
39927,39927,278,6,30,1,0,23,144.0,17.0,17.0,127.0
39928,39928,278,6,40,1,0,23,202.0,31.0,31.0,171.0
39929,39929,278,6,50,1,0,23,251.0,47.0,47.0,204.0
39930,39930,278,7,0,1,0,23,303.0,59.0,59.0,244.0
39931,39931,278,7,10,1,0,23,433.0,124.0,124.0,309.0
39932,39932,278,7,20,1,0,23,475.0,128.0,128.0,347.0
39933,39933,278,7,30,1,0,23,551.0,129.0,129.0,422.0
39934,39934,278,7,40,1,0,23,688.0,161.0,161.0,527.0
39935,39935,278,7,50,1,0,23,787.0,139.0,139.0,648.0
39936,39936,278,8,0,1,0,23,893.0,173.0,173.0,720.0
39937,39937,278,8,10,1,0,23,994.0,210.0,210.0,784.0
39938,39938,278,8,20,1,0,23,903.0,157.0,157.0,746.0
39939,39939,278,8,30,1,0,23,835.0,218.0,218.0,617.0
39940,39940,278,8,40,1,0,23,729.0,194.0,194.0,535.0
39941,39941,278,8,50,1,0,23,620.0,158.0,158.0,462.0
39942,39942,278,9,0,1,0,23,490.0,121.0,121.0,369.0
39943,39943,278,9,10,1,0,23,422.0,128.0,128.0,294.0
39944,39944,278,9,20,1,0,23,348.0,102.0,102.0,246.0
39945,39945,278,9,30,1,0,23,303.0,72.0,72.0,231.0
39946,39946,278,9,40,1,0,23,287.0,87.0,87.0,200.0
39947,39947,278,9,50,1,0,23,204.0,62.0,62.0,142.0
39948,39948,278,10,0,1,0,23,229.0,61.0,61.0,168.0
39949,39949,278,10,10,1,0,23,210.0,70.0,70.0,140.0
39950,39950,278,10,20,1,0,23,181.0,62.0,62.0,119.0
39951,39951,278,10,30,1,0,23,169.0,55.0,55.0,114.0
39952,39952,278,10,40,1,0,23,187.0,77.0,77.0,110.0
39953,39953,278,10,50,1,0,23,138.0,58.0,58.0,80.0
39954,39954,278,11,0,1,0,23,130.0,52.0,52.0,78.0
39955,39955,278,11,10,1,0,23,123.0,55.0,55.0,68.0
39956,39956,278,11,20,1,0,23,177.0,61.0,61.0,116.0
39957,39957,278,11,30,1,0,23,177.0,60.0,60.0,117.0
39958,39958,278,11,40,1,0,23,217.0,58.0,58.0,159.0
39959,39959,278,11,50,1,0,23,217.0,73.0,73.0,144.0
39960,39960,278,12,0,1,0,23,168.0,62.0,62.0,106.0
39961,39961,278,12,10,1,0,23,196.0,75.0,75.0,121.0
39962,39962,278,12,20,1,0,23,184.0,67.0,67.0,117.0
39963,39963,278,12,30,1,0,23,184.0,79.0,79.0,105.0
39964,39964,278,12,40,1,0,23,175.0,70.0,70.0,105.0
39965,39965,278,12,50,1,0,23,183.0,81.0,81.0,102.0
39966,39966,278,13,0,1,0,23,167.0,75.0,75.0,92.0
39967,39967,278,13,10,1,0,23,171.0,76.0,76.0,95.0
39968,39968,278,13,20,1,0,23,180.0,82.0,82.0,98.0
39969,39969,278,13,30,1,0,23,144.0,72.0,72.0,72.0
39970,39970,278,13,40,1,0,23,154.0,73.0,73.0,81.0
39971,39971,278,13,50,1,0,23,160.0,78.0,78.0,82.0
39972,39972,278,14,0,1,0,23,140.0,62.0,62.0,78.0
39973,39973,278,14,10,1,0,23,157.0,87.0,87.0,70.0
39974,39974,278,14,20,1,0,23,142.0,80.0,80.0,62.0
39975,39975,278,14,30,1,0,23,185.0,89.0,89.0,96.0
39976,39976,278,14,40,1,0,23,193.0,95.0,95.0,98.0
39977,39977,278,14,50,1,0,23,167.0,93.0,93.0,74.0
39978,39978,278,15,0,1,0,23,180.0,92.0,92.0,88.0
39979,39979,278,15,10,1,0,23,182.0,80.0,80.0,102.0
39980,39980,278,15,20,1,0,23,189.0,86.0,86.0,103.0
39981,39981,278,15,30,1,0,23,200.0,103.0,103.0,97.0
39982,39982,278,15,40,1,0,23,245.0,123.0,123.0,122.0
39983,39983,278,15,50,1,0,23,208.0,116.0,116.0,92.0
39984,39984,278,16,0,1,0,23,209.0,122.0,122.0,87.0
39985,39985,278,16,10,1,0,23,248.0,112.0,112.0,136.0
39986,39986,278,16,20,1,0,23,253.0,141.0,141.0,112.0
39987,39987,278,16,30,1,0,23,213.0,105.0,105.0,108.0
39988,39988,278,16,40,1,0,23,299.0,179.0,179.0,120.0
39989,39989,278,16,50,1,0,23,254.0,127.0,127.0,127.0
39990,39990,278,17,0,1,0,23,347.0,162.0,162.0,185.0
39991,39991,278,17,10,1,0,23,437.0,239.0,239.0,198.0
39992,39992,278,17,20,1,0,23,426.0,277.0,277.0,149.0
39993,39993,278,17,30,1,0,23,510.0,320.0,320.0,190.0
39994,39994,278,17,40,1,0,23,505.0,344.0,344.0,161.0
39995,39995,278,17,50,1,0,23,441.0,303.0,303.0,138.0
39996,39996,278,18,0,1,0,23,667.0,542.0,542.0,125.0
39997,39997,278,18,10,1,0,23,419.0,297.0,297.0,122.0
39998,39998,278,18,20,1,0,23,634.0,504.0,504.0,130.0
39999,39999,278,18,30,1,0,23,470.0,385.0,385.0,85.0
40000,40000,278,18,40,1,0,23,595.0,496.0,496.0,99.0
40001,40001,278,18,50,1,0,23,492.0,411.0,411.0,81.0
40002,40002,278,19,0,1,0,23,384.0,313.0,313.0,71.0
40003,40003,278,19,10,1,0,23,431.0,371.0,371.0,60.0
40004,40004,278,19,20,1,0,23,357.0,266.0,266.0,91.0
40005,40005,278,19,30,1,0,23,296.0,237.0,237.0,59.0
40006,40006,278,19,40,1,0,23,235.0,187.0,187.0,48.0
40007,40007,278,19,50,1,0,23,222.0,172.0,172.0,50.0
40008,40008,278,20,0,1,0,23,211.0,155.0,155.0,56.0
40009,40009,278,20,10,1,0,23,211.0,164.0,164.0,47.0
40010,40010,278,20,20,1,0,23,194.0,138.0,138.0,56.0
40011,40011,278,20,30,1,0,23,221.0,162.0,162.0,59.0
40012,40012,278,20,40,1,0,23,224.0,185.0,185.0,39.0
40013,40013,278,20,50,1,0,23,225.0,173.0,173.0,52.0
40014,40014,278,21,0,1,0,23,245.0,136.0,136.0,109.0
40015,40015,278,21,10,1,0,23,236.0,129.0,129.0,107.0
40016,40016,278,21,20,1,0,23,205.0,146.0,146.0,59.0
40017,40017,278,21,30,1,0,23,265.0,195.0,195.0,70.0
40018,40018,278,21,40,1,0,23,178.0,136.0,136.0,42.0
40019,40019,278,21,50,1,0,23,160.0,133.0,133.0,27.0
40020,40020,278,22,0,1,0,23,158.0,125.0,125.0,33.0
40021,40021,278,22,10,1,0,23,199.0,171.0,171.0,28.0
40022,40022,278,22,20,1,0,23,158.0,136.0,136.0,22.0
40023,40023,278,22,30,1,0,23,98.0,88.0,88.0,10.0
40024,40024,278,22,40,1,0,23,81.0,76.0,76.0,5.0
40025,40025,278,22,50,1,0,23,38.0,36.0,36.0,2.0
40062,40062,279,5,0,1,0,23,2.0,0.0,0.0,2.0
40063,40063,279,5,10,1,0,23,8.0,1.0,1.0,7.0
40064,40064,279,5,20,1,0,23,10.0,1.0,1.0,9.0
40065,40065,279,5,30,1,0,23,11.0,0.0,0.0,11.0
40066,40066,279,5,40,1,0,23,35.0,11.0,11.0,24.0
40067,40067,279,5,50,1,0,23,31.0,6.0,6.0,25.0
40068,40068,279,6,0,1,0,23,212.0,181.0,181.0,31.0
40069,40069,279,6,10,1,0,23,149.0,118.0,118.0,31.0
40070,40070,279,6,20,1,0,23,156.0,122.0,122.0,34.0
40071,40071,279,6,30,1,0,23,230.0,178.0,178.0,52.0
40072,40072,279,6,40,1,0,23,330.0,268.0,268.0,62.0
40073,40073,279,6,50,1,0,23,361.0,300.0,300.0,61.0
40074,40074,279,7,0,1,0,23,435.0,357.0,357.0,78.0
40075,40075,279,7,10,1,0,23,545.0,454.0,454.0,91.0
40076,40076,279,7,20,1,0,23,656.0,566.0,566.0,90.0
40077,40077,279,7,30,1,0,23,738.0,621.0,621.0,117.0
40078,40078,279,7,40,1,0,23,935.0,826.0,826.0,109.0
40079,40079,279,7,50,1,0,23,1280.0,1150.0,1150.0,130.0
40080,40080,279,8,0,1,0,23,1699.0,1546.0,1546.0,153.0
40081,40081,279,8,10,1,0,23,2449.0,2266.0,2266.0,183.0
40082,40082,279,8,20,1,0,23,2860.0,2721.0,2721.0,139.0
40083,40083,279,8,30,1,0,23,3335.0,3133.0,3133.0,202.0
40084,40084,279,8,40,1,0,23,4009.0,3836.0,3836.0,173.0
40085,40085,279,8,50,1,0,23,3449.0,3269.0,3269.0,180.0
40086,40086,279,9,0,1,0,23,2764.0,2561.0,2561.0,203.0
40087,40087,279,9,10,1,0,23,2378.0,2179.0,2179.0,199.0
40088,40088,279,9,20,1,0,23,1916.0,1742.0,1742.0,174.0
40089,40089,279,9,30,1,0,23,1748.0,1533.0,1533.0,215.0
40090,40090,279,9,40,1,0,23,1489.0,1190.0,1190.0,299.0
40091,40091,279,9,50,1,0,23,1440.0,1206.0,1206.0,234.0
40092,40092,279,10,0,1,0,23,1094.0,874.0,874.0,220.0
40093,40093,279,10,10,1,0,23,946.0,717.0,717.0,229.0
40094,40094,279,10,20,1,0,23,888.0,646.0,646.0,242.0
40095,40095,279,10,30,1,0,23,974.0,765.0,765.0,209.0
40096,40096,279,10,40,1,0,23,917.0,682.0,682.0,235.0
40097,40097,279,10,50,1,0,23,820.0,616.0,616.0,204.0
40098,40098,279,11,0,1,0,23,928.0,675.0,675.0,253.0
40099,40099,279,11,10,1,0,23,938.0,628.0,628.0,310.0
40100,40100,279,11,20,1,0,23,822.0,567.0,567.0,255.0
40101,40101,279,11,30,1,0,23,835.0,557.0,557.0,278.0
40102,40102,279,11,40,1,0,23,972.0,631.0,631.0,341.0
40103,40103,279,11,50,1,0,23,911.0,562.0,562.0,349.0
40104,40104,279,12,0,1,0,23,834.0,516.0,516.0,318.0
40105,40105,279,12,10,1,0,23,926.0,541.0,541.0,385.0
40106,40106,279,12,20,1,0,23,876.0,524.0,524.0,352.0
40107,40107,279,12,30,1,0,23,991.0,616.0,616.0,375.0
40108,40108,279,12,40,1,0,23,961.0,540.0,540.0,421.0
40109,40109,279,12,50,1,0,23,1011.0,599.0,599.0,412.0
40110,40110,279,13,0,1,0,23,1010.0,562.0,562.0,448.0
40111,40111,279,13,10,1,0,23,982.0,533.0,533.0,449.0
40112,40112,279,13,20,1,0,23,1056.0,590.0,590.0,466.0
40113,40113,279,13,30,1,0,23,1136.0,619.0,619.0,517.0
40114,40114,279,13,40,1,0,23,1102.0,625.0,625.0,477.0
40115,40115,279,13,50,1,0,23,1050.0,587.0,587.0,463.0
40116,40116,279,14,0,1,0,23,1056.0,534.0,534.0,522.0
40117,40117,279,14,10,1,0,23,879.0,452.0,452.0,427.0
40118,40118,279,14,20,1,0,23,1129.0,640.0,640.0,489.0
40119,40119,279,14,30,1,0,23,971.0,437.0,437.0,534.0
40120,40120,279,14,40,1,0,23,989.0,531.0,531.0,458.0
40121,40121,279,14,50,1,0,23,956.0,491.0,491.0,465.0
40122,40122,279,15,0,1,0,23,1001.0,500.0,500.0,501.0
40123,40123,279,15,10,1,0,23,1060.0,481.0,481.0,579.0
40124,40124,279,15,20,1,0,23,1128.0,433.0,433.0,695.0
40125,40125,279,15,30,1,0,23,1209.0,518.0,518.0,691.0
40126,40126,279,15,40,1,0,23,1135.0,496.0,496.0,639.0
40127,40127,279,15,50,1,0,23,1035.0,421.0,421.0,614.0
40128,40128,279,16,0,1,0,23,1216.0,538.0,538.0,678.0
40129,40129,279,16,10,1,0,23,1039.0,417.0,417.0,622.0
40130,40130,279,16,20,1,0,23,1145.0,483.0,483.0,662.0
40131,40131,279,16,30,1,0,23,1202.0,457.0,457.0,745.0
40132,40132,279,16,40,1,0,23,1346.0,529.0,529.0,817.0
40133,40133,279,16,50,1,0,23,1392.0,556.0,556.0,836.0
40134,40134,279,17,0,1,0,23,1583.0,511.0,511.0,1072.0
40135,40135,279,17,10,1,0,23,2078.0,641.0,641.0,1437.0
40136,40136,279,17,20,1,0,23,1994.0,691.0,691.0,1303.0
40137,40137,279,17,30,1,0,23,2217.0,698.0,698.0,1519.0
40138,40138,279,17,40,1,0,23,2921.0,825.0,825.0,2096.0
40139,40139,279,17,50,1,0,23,2648.0,839.0,839.0,1809.0
40140,40140,279,18,0,1,0,23,2631.0,868.0,868.0,1763.0
40141,40141,279,18,10,1,0,23,3285.0,954.0,954.0,2331.0
40142,40142,279,18,20,1,0,23,3011.0,885.0,885.0,2126.0
40143,40143,279,18,30,1,0,23,2474.0,936.0,936.0,1538.0
40144,40144,279,18,40,1,0,23,2380.0,893.0,893.0,1487.0
40145,40145,279,18,50,1,0,23,2018.0,758.0,758.0,1260.0
40146,40146,279,19,0,1,0,23,1718.0,612.0,612.0,1106.0
40147,40147,279,19,10,1,0,23,1672.0,539.0,539.0,1133.0
40148,40148,279,19,20,1,0,23,1410.0,446.0,446.0,964.0
40149,40149,279,19,30,1,0,23,1278.0,358.0,358.0,920.0
40150,40150,279,19,40,1,0,23,1143.0,325.0,325.0,818.0
40151,40151,279,19,50,1,0,23,1028.0,285.0,285.0,743.0
40152,40152,279,20,0,1,0,23,994.0,176.0,176.0,818.0
40153,40153,279,20,10,1,0,23,1133.0,166.0,166.0,967.0
40154,40154,279,20,20,1,0,23,972.0,173.0,173.0,799.0
40155,40155,279,20,30,1,0,23,999.0,135.0,135.0,864.0
40156,40156,279,20,40,1,0,23,1074.0,142.0,142.0,932.0
40157,40157,279,20,50,1,0,23,1079.0,145.0,145.0,934.0
40158,40158,279,21,0,1,0,23,1113.0,154.0,154.0,959.0
40159,40159,279,21,10,1,0,23,1116.0,137.0,137.0,979.0
40160,40160,279,21,20,1,0,23,1006.0,105.0,105.0,901.0
40161,40161,279,21,30,1,0,23,960.0,125.0,125.0,835.0
40162,40162,279,21,40,1,0,23,837.0,88.0,88.0,749.0
40163,40163,279,21,50,1,0,23,848.0,78.0,78.0,770.0
40164,40164,279,22,0,1,0,23,1418.0,82.0,82.0,1336.0
40165,40165,279,22,10,1,0,23,941.0,64.0,64.0,877.0
40166,40166,279,22,20,1,0,23,451.0,88.0,88.0,363.0
40167,40167,279,22,30,1,0,23,353.0,69.0,69.0,284.0
40168,40168,279,22,40,1,0,23,223.0,45.0,45.0,178.0
40169,40169,279,22,50,1,0,23,163.0,49.0,49.0,114.0
40206,40206,280,5,0,1,0,23,1.0,1.0,1.0,0.0
40207,40207,280,5,10,1,0,23,34.0,0.0,0.0,34.0
40208,40208,280,5,20,1,0,23,72.0,1.0,1.0,71.0
40209,40209,280,5,30,1,0,23,83.0,1.0,1.0,82.0
40210,40210,280,5,40,1,0,23,98.0,1.0,1.0,97.0
40211,40211,280,5,50,1,0,23,210.0,0.0,0.0,210.0
40212,40212,280,6,0,1,0,23,172.0,1.0,1.0,171.0
40213,40213,280,6,10,1,0,23,362.0,1.0,1.0,361.0
40214,40214,280,6,20,1,0,23,436.0,3.0,3.0,433.0
40215,40215,280,6,30,1,0,23,528.0,87.0,87.0,441.0
40216,40216,280,6,40,1,0,23,538.0,44.0,44.0,494.0
40217,40217,280,6,50,1,0,23,617.0,130.0,130.0,487.0
40218,40218,280,7,0,1,0,23,1015.0,172.0,172.0,843.0
40219,40219,280,7,10,1,0,23,1188.0,215.0,215.0,973.0
40220,40220,280,7,20,1,0,23,1336.0,82.0,82.0,1254.0
40221,40221,280,7,30,1,0,23,1523.0,271.0,271.0,1252.0
40222,40222,280,7,40,1,0,23,1521.0,204.0,204.0,1317.0
40223,40223,280,7,50,1,0,23,1653.0,292.0,292.0,1361.0
40224,40224,280,8,0,1,0,23,1528.0,202.0,202.0,1326.0
40225,40225,280,8,10,1,0,23,1302.0,290.0,290.0,1012.0
40226,40226,280,8,20,1,0,23,1138.0,300.0,300.0,838.0
40227,40227,280,8,30,1,0,23,908.0,239.0,239.0,669.0
40228,40228,280,8,40,1,0,23,777.0,194.0,194.0,583.0
40229,40229,280,8,50,1,0,23,696.0,155.0,155.0,541.0
40230,40230,280,9,0,1,0,23,616.0,138.0,138.0,478.0
40231,40231,280,9,10,1,0,23,501.0,163.0,163.0,338.0
40232,40232,280,9,20,1,0,23,468.0,198.0,198.0,270.0
40233,40233,280,9,30,1,0,23,429.0,155.0,155.0,274.0
40234,40234,280,9,40,1,0,23,377.0,170.0,170.0,207.0
40235,40235,280,9,50,1,0,23,474.0,269.0,269.0,205.0
40236,40236,280,10,0,1,0,23,376.0,218.0,218.0,158.0
40237,40237,280,10,10,1,0,23,381.0,200.0,200.0,181.0
40238,40238,280,10,20,1,0,23,256.0,141.0,141.0,115.0
40239,40239,280,10,30,1,0,23,426.0,224.0,224.0,202.0
40240,40240,280,10,40,1,0,23,279.0,157.0,157.0,122.0
40241,40241,280,10,50,1,0,23,329.0,145.0,145.0,184.0
40242,40242,280,11,0,1,0,23,218.0,127.0,127.0,91.0
40243,40243,280,11,10,1,0,23,370.0,170.0,170.0,200.0
40244,40244,280,11,20,1,0,23,238.0,109.0,109.0,129.0
40245,40245,280,11,30,1,0,23,287.0,97.0,97.0,190.0
40246,40246,280,11,40,1,0,23,213.0,64.0,64.0,149.0
40247,40247,280,11,50,1,0,23,372.0,195.0,195.0,177.0
40248,40248,280,12,0,1,0,23,269.0,99.0,99.0,170.0
40249,40249,280,12,10,1,0,23,345.0,116.0,116.0,229.0
40250,40250,280,12,20,1,0,23,273.0,90.0,90.0,183.0
40251,40251,280,12,30,1,0,23,374.0,168.0,168.0,206.0
40252,40252,280,12,40,1,0,23,335.0,138.0,138.0,197.0
40253,40253,280,12,50,1,0,23,323.0,95.0,95.0,228.0
40254,40254,280,13,0,1,0,23,256.0,84.0,84.0,172.0
40255,40255,280,13,10,1,0,23,364.0,171.0,171.0,193.0
40256,40256,280,13,20,1,0,23,280.0,137.0,137.0,143.0
40257,40257,280,13,30,1,0,23,273.0,64.0,64.0,209.0
40258,40258,280,13,40,1,0,23,271.0,114.0,114.0,157.0
40259,40259,280,13,50,1,0,23,366.0,182.0,182.0,184.0
40260,40260,280,14,0,1,0,23,301.0,122.0,122.0,179.0
40261,40261,280,14,10,1,0,23,273.0,112.0,112.0,161.0
40262,40262,280,14,20,1,0,23,271.0,102.0,102.0,169.0
40263,40263,280,14,30,1,0,23,392.0,190.0,190.0,202.0
40264,40264,280,14,40,1,0,23,254.0,142.0,142.0,112.0
40265,40265,280,14,50,1,0,23,307.0,113.0,113.0,194.0
40266,40266,280,15,0,1,0,23,287.0,115.0,115.0,172.0
40267,40267,280,15,10,1,0,23,367.0,219.0,219.0,148.0
40268,40268,280,15,20,1,0,23,323.0,170.0,170.0,153.0
40269,40269,280,15,30,1,0,23,336.0,142.0,142.0,194.0
40270,40270,280,15,40,1,0,23,289.0,150.0,150.0,139.0
40271,40271,280,15,50,1,0,23,463.0,296.0,296.0,167.0
40272,40272,280,16,0,1,0,23,405.0,232.0,232.0,173.0
40273,40273,280,16,10,1,0,23,388.0,185.0,185.0,203.0
40274,40274,280,16,20,1,0,23,383.0,184.0,184.0,199.0
40275,40275,280,16,30,1,0,23,568.0,331.0,331.0,237.0
40276,40276,280,16,40,1,0,23,558.0,238.0,238.0,320.0
40277,40277,280,16,50,1,0,23,462.0,220.0,220.0,242.0
40278,40278,280,17,0,1,0,23,489.0,225.0,225.0,264.0
40279,40279,280,17,10,1,0,23,657.0,415.0,415.0,242.0
40280,40280,280,17,20,1,0,23,612.0,322.0,322.0,290.0
40281,40281,280,17,30,1,0,23,619.0,318.0,318.0,301.0
40282,40282,280,17,40,1,0,23,729.0,470.0,470.0,259.0
40283,40283,280,17,50,1,0,23,545.0,324.0,324.0,221.0
40284,40284,280,18,0,1,0,23,897.0,692.0,692.0,205.0
40285,40285,280,18,10,1,0,23,572.0,381.0,381.0,191.0
40286,40286,280,18,20,1,0,23,808.0,668.0,668.0,140.0
40287,40287,280,18,30,1,0,23,747.0,604.0,604.0,143.0
40288,40288,280,18,40,1,0,23,955.0,843.0,843.0,112.0
40289,40289,280,18,50,1,0,23,547.0,412.0,412.0,135.0
40290,40290,280,19,0,1,0,23,927.0,854.0,854.0,73.0
40291,40291,280,19,10,1,0,23,482.0,400.0,400.0,82.0
40292,40292,280,19,20,1,0,23,816.0,761.0,761.0,55.0
40293,40293,280,19,30,1,0,23,431.0,356.0,356.0,75.0
40294,40294,280,19,40,1,0,23,529.0,472.0,472.0,57.0
40295,40295,280,19,50,1,0,23,370.0,294.0,294.0,76.0
40296,40296,280,20,0,1,0,23,425.0,375.0,375.0,50.0
40297,40297,280,20,10,1,0,23,395.0,332.0,332.0,63.0
40298,40298,280,20,20,1,0,23,284.0,223.0,223.0,61.0
40299,40299,280,20,30,1,0,23,249.0,206.0,206.0,43.0
40300,40300,280,20,40,1,0,23,318.0,247.0,247.0,71.0
40301,40301,280,20,50,1,0,23,323.0,266.0,266.0,57.0
40302,40302,280,21,0,1,0,23,206.0,168.0,168.0,38.0
40303,40303,280,21,10,1,0,23,289.0,252.0,252.0,37.0
40304,40304,280,21,20,1,0,23,230.0,198.0,198.0,32.0
40305,40305,280,21,30,1,0,23,259.0,222.0,222.0,37.0
40306,40306,280,21,40,1,0,23,223.0,195.0,195.0,28.0
40307,40307,280,21,50,1,0,23,307.0,286.0,286.0,21.0
40308,40308,280,22,0,1,0,23,249.0,238.0,238.0,11.0
40309,40309,280,22,10,1,0,23,225.0,204.0,204.0,21.0
40310,40310,280,22,20,1,0,23,193.0,184.0,184.0,9.0
40311,40311,280,22,30,1,0,23,145.0,145.0,145.0,0.0
40312,40312,280,22,40,1,0,23,170.0,169.0,169.0,1.0
40313,40313,280,22,50,1,0,23,205.0,205.0,205.0,0.0
40350,40350,281,5,0,1,0,23,4.0,0.0,0.0,4.0
40351,40351,281,5,10,1,0,23,26.0,0.0,0.0,26.0
40352,40352,281,5,20,1,0,23,52.0,0.0,0.0,52.0
40353,40353,281,5,30,1,0,23,52.0,0.0,0.0,52.0
40354,40354,281,5,40,1,0,23,48.0,0.0,0.0,48.0
40355,40355,281,5,50,1,0,23,70.0,1.0,1.0,69.0
40356,40356,281,6,0,1,0,23,98.0,0.0,0.0,98.0
40357,40357,281,6,10,1,0,23,162.0,0.0,0.0,162.0
40358,40358,281,6,20,1,0,23,193.0,1.0,1.0,192.0
40359,40359,281,6,30,1,0,23,238.0,15.0,15.0,223.0
40360,40360,281,6,40,1,0,23,337.0,20.0,20.0,317.0
40361,40361,281,6,50,1,0,23,403.0,35.0,35.0,368.0
40362,40362,281,7,0,1,0,23,528.0,53.0,53.0,475.0
40363,40363,281,7,10,1,0,23,690.0,65.0,65.0,625.0
40364,40364,281,7,20,1,0,23,778.0,68.0,68.0,710.0
40365,40365,281,7,30,1,0,23,902.0,71.0,71.0,831.0
40366,40366,281,7,40,1,0,23,939.0,82.0,82.0,857.0
40367,40367,281,7,50,1,0,23,967.0,125.0,125.0,842.0
40368,40368,281,8,0,1,0,23,915.0,62.0,62.0,853.0
40369,40369,281,8,10,1,0,23,789.0,86.0,86.0,703.0
40370,40370,281,8,20,1,0,23,709.0,113.0,113.0,596.0
40371,40371,281,8,30,1,0,23,585.0,99.0,99.0,486.0
40372,40372,281,8,40,1,0,23,457.0,96.0,96.0,361.0
40373,40373,281,8,50,1,0,23,417.0,50.0,50.0,367.0
40374,40374,281,9,0,1,0,23,302.0,57.0,57.0,245.0
40375,40375,281,9,10,1,0,23,263.0,62.0,62.0,201.0
40376,40376,281,9,20,1,0,23,225.0,52.0,52.0,173.0
40377,40377,281,9,30,1,0,23,162.0,42.0,42.0,120.0
40378,40378,281,9,40,1,0,23,154.0,53.0,53.0,101.0
40379,40379,281,9,50,1,0,23,174.0,61.0,61.0,113.0
40380,40380,281,10,0,1,0,23,147.0,55.0,55.0,92.0
40381,40381,281,10,10,1,0,23,112.0,33.0,33.0,79.0
40382,40382,281,10,20,1,0,23,116.0,38.0,38.0,78.0
40383,40383,281,10,30,1,0,23,180.0,95.0,95.0,85.0
40384,40384,281,10,40,1,0,23,98.0,27.0,27.0,71.0
40385,40385,281,10,50,1,0,23,112.0,29.0,29.0,83.0
40386,40386,281,11,0,1,0,23,105.0,38.0,38.0,67.0
40387,40387,281,11,10,1,0,23,138.0,66.0,66.0,72.0
40388,40388,281,11,20,1,0,23,93.0,29.0,29.0,64.0
40389,40389,281,11,30,1,0,23,99.0,39.0,39.0,60.0
40390,40390,281,11,40,1,0,23,125.0,43.0,43.0,82.0
40391,40391,281,11,50,1,0,23,115.0,54.0,54.0,61.0
40392,40392,281,12,0,1,0,23,141.0,51.0,51.0,90.0
40393,40393,281,12,10,1,0,23,129.0,27.0,27.0,102.0
40394,40394,281,12,20,1,0,23,129.0,51.0,51.0,78.0
40395,40395,281,12,30,1,0,23,150.0,82.0,82.0,68.0
40396,40396,281,12,40,1,0,23,132.0,38.0,38.0,94.0
40397,40397,281,12,50,1,0,23,98.0,39.0,39.0,59.0
40398,40398,281,13,0,1,0,23,106.0,38.0,38.0,68.0
40399,40399,281,13,10,1,0,23,162.0,103.0,103.0,59.0
40400,40400,281,13,20,1,0,23,93.0,39.0,39.0,54.0
40401,40401,281,13,30,1,0,23,114.0,41.0,41.0,73.0
40402,40402,281,13,40,1,0,23,76.0,36.0,36.0,40.0
40403,40403,281,13,50,1,0,23,131.0,84.0,84.0,47.0
40404,40404,281,14,0,1,0,23,87.0,39.0,39.0,48.0
40405,40405,281,14,10,1,0,23,92.0,32.0,32.0,60.0
40406,40406,281,14,20,1,0,23,110.0,41.0,41.0,69.0
40407,40407,281,14,30,1,0,23,158.0,107.0,107.0,51.0
40408,40408,281,14,40,1,0,23,108.0,55.0,55.0,53.0
40409,40409,281,14,50,1,0,23,115.0,64.0,64.0,51.0
40410,40410,281,15,0,1,0,23,99.0,49.0,49.0,50.0
40411,40411,281,15,10,1,0,23,152.0,101.0,101.0,51.0
40412,40412,281,15,20,1,0,23,106.0,48.0,48.0,58.0
40413,40413,281,15,30,1,0,23,113.0,68.0,68.0,45.0
40414,40414,281,15,40,1,0,23,137.0,80.0,80.0,57.0
40415,40415,281,15,50,1,0,23,208.0,142.0,142.0,66.0
40416,40416,281,16,0,1,0,23,159.0,77.0,77.0,82.0
40417,40417,281,16,10,1,0,23,168.0,87.0,87.0,81.0
40418,40418,281,16,20,1,0,23,146.0,85.0,85.0,61.0
40419,40419,281,16,30,1,0,23,241.0,185.0,185.0,56.0
40420,40420,281,16,40,1,0,23,187.0,129.0,129.0,58.0
40421,40421,281,16,50,1,0,23,207.0,138.0,138.0,69.0
40422,40422,281,17,0,1,0,23,171.0,107.0,107.0,64.0
40423,40423,281,17,10,1,0,23,243.0,155.0,155.0,88.0
40424,40424,281,17,20,1,0,23,411.0,326.0,326.0,85.0
40425,40425,281,17,30,1,0,23,272.0,209.0,209.0,63.0
40426,40426,281,17,40,1,0,23,448.0,370.0,370.0,78.0
40427,40427,281,17,50,1,0,23,233.0,188.0,188.0,45.0
40428,40428,281,18,0,1,0,23,542.0,479.0,479.0,63.0
40429,40429,281,18,10,1,0,23,343.0,289.0,289.0,54.0
40430,40430,281,18,20,1,0,23,543.0,482.0,482.0,61.0
40431,40431,281,18,30,1,0,23,357.0,307.0,307.0,50.0
40432,40432,281,18,40,1,0,23,544.0,500.0,500.0,44.0
40433,40433,281,18,50,1,0,23,304.0,265.0,265.0,39.0
40434,40434,281,19,0,1,0,23,486.0,455.0,455.0,31.0
40435,40435,281,19,10,1,0,23,247.0,218.0,218.0,29.0
40436,40436,281,19,20,1,0,23,363.0,329.0,329.0,34.0
40437,40437,281,19,30,1,0,23,187.0,162.0,162.0,25.0
40438,40438,281,19,40,1,0,23,301.0,262.0,262.0,39.0
40439,40439,281,19,50,1,0,23,147.0,122.0,122.0,25.0
40440,40440,281,20,0,1,0,23,198.0,175.0,175.0,23.0
40441,40441,281,20,10,1,0,23,117.0,79.0,79.0,38.0
40442,40442,281,20,20,1,0,23,214.0,190.0,190.0,24.0
40443,40443,281,20,30,1,0,23,114.0,86.0,86.0,28.0
40444,40444,281,20,40,1,0,23,97.0,75.0,75.0,22.0
40445,40445,281,20,50,1,0,23,223.0,195.0,195.0,28.0
40446,40446,281,21,0,1,0,23,148.0,125.0,125.0,23.0
40447,40447,281,21,10,1,0,23,120.0,105.0,105.0,15.0
40448,40448,281,21,20,1,0,23,135.0,118.0,118.0,17.0
40449,40449,281,21,30,1,0,23,124.0,108.0,108.0,16.0
40450,40450,281,21,40,1,0,23,119.0,106.0,106.0,13.0
40451,40451,281,21,50,1,0,23,111.0,93.0,93.0,18.0
40452,40452,281,22,0,1,0,23,116.0,109.0,109.0,7.0
40453,40453,281,22,10,1,0,23,120.0,106.0,106.0,14.0
40454,40454,281,22,20,1,0,23,165.0,159.0,159.0,6.0
40455,40455,281,22,30,1,0,23,100.0,100.0,100.0,0.0
40456,40456,281,22,40,1,0,23,123.0,123.0,123.0,0.0
40457,40457,281,22,50,1,0,23,61.0,61.0,61.0,0.0
40494,40494,282,5,0,1,0,23,0.0,0.0,0.0,0.0
40495,40495,282,5,10,1,0,23,0.0,0.0,0.0,0.0
40496,40496,282,5,20,1,0,23,3.0,0.0,0.0,3.0
40497,40497,282,5,30,1,0,23,19.0,1.0,1.0,18.0
40498,40498,282,5,40,1,0,23,23.0,1.0,1.0,22.0
40499,40499,282,5,50,1,0,23,24.0,2.0,2.0,22.0
40500,40500,282,6,0,1,0,23,35.0,1.0,1.0,34.0
40501,40501,282,6,10,1,0,23,42.0,3.0,3.0,39.0
40502,40502,282,6,20,1,0,23,72.0,17.0,17.0,55.0
40503,40503,282,6,30,1,0,23,87.0,22.0,22.0,65.0
40504,40504,282,6,40,1,0,23,116.0,29.0,29.0,87.0
40505,40505,282,6,50,1,0,23,208.0,68.0,68.0,140.0
40506,40506,282,7,0,1,0,23,333.0,148.0,148.0,185.0
40507,40507,282,7,10,1,0,23,317.0,116.0,116.0,201.0
40508,40508,282,7,20,1,0,23,366.0,133.0,133.0,233.0
40509,40509,282,7,30,1,0,23,453.0,162.0,162.0,291.0
40510,40510,282,7,40,1,0,23,499.0,135.0,135.0,364.0
40511,40511,282,7,50,1,0,23,531.0,109.0,109.0,422.0
40512,40512,282,8,0,1,0,23,640.0,188.0,188.0,452.0
40513,40513,282,8,10,1,0,23,792.0,263.0,263.0,529.0
40514,40514,282,8,20,1,0,23,850.0,338.0,338.0,512.0
40515,40515,282,8,30,1,0,23,767.0,340.0,340.0,427.0
40516,40516,282,8,40,1,0,23,883.0,521.0,521.0,362.0
40517,40517,282,8,50,1,0,23,765.0,447.0,447.0,318.0
40518,40518,282,9,0,1,0,23,528.0,272.0,272.0,256.0
40519,40519,282,9,10,1,0,23,543.0,303.0,303.0,240.0
40520,40520,282,9,20,1,0,23,425.0,255.0,255.0,170.0
40521,40521,282,9,30,1,0,23,324.0,161.0,161.0,163.0
40522,40522,282,9,40,1,0,23,279.0,143.0,143.0,136.0
40523,40523,282,9,50,1,0,23,228.0,104.0,104.0,124.0
40524,40524,282,10,0,1,0,23,240.0,120.0,120.0,120.0
40525,40525,282,10,10,1,0,23,195.0,99.0,99.0,96.0
40526,40526,282,10,20,1,0,23,211.0,90.0,90.0,121.0
40527,40527,282,10,30,1,0,23,163.0,77.0,77.0,86.0
40528,40528,282,10,40,1,0,23,148.0,70.0,70.0,78.0
40529,40529,282,10,50,1,0,23,147.0,59.0,59.0,88.0
40530,40530,282,11,0,1,0,23,128.0,61.0,61.0,67.0
40531,40531,282,11,10,1,0,23,128.0,64.0,64.0,64.0
40532,40532,282,11,20,1,0,23,139.0,59.0,59.0,80.0
40533,40533,282,11,30,1,0,23,143.0,62.0,62.0,81.0
40534,40534,282,11,40,1,0,23,158.0,63.0,63.0,95.0
40535,40535,282,11,50,1,0,23,183.0,83.0,83.0,100.0
40536,40536,282,12,0,1,0,23,312.0,99.0,99.0,213.0
40537,40537,282,12,10,1,0,23,253.0,80.0,80.0,173.0
40538,40538,282,12,20,1,0,23,229.0,109.0,109.0,120.0
40539,40539,282,12,30,1,0,23,198.0,109.0,109.0,89.0
40540,40540,282,12,40,1,0,23,204.0,91.0,91.0,113.0
40541,40541,282,12,50,1,0,23,192.0,106.0,106.0,86.0
40542,40542,282,13,0,1,0,23,139.0,78.0,78.0,61.0
40543,40543,282,13,10,1,0,23,233.0,101.0,101.0,132.0
40544,40544,282,13,20,1,0,23,190.0,90.0,90.0,100.0
40545,40545,282,13,30,1,0,23,166.0,75.0,75.0,91.0
40546,40546,282,13,40,1,0,23,154.0,86.0,86.0,68.0
40547,40547,282,13,50,1,0,23,163.0,99.0,99.0,64.0
40548,40548,282,14,0,1,0,23,157.0,84.0,84.0,73.0
40549,40549,282,14,10,1,0,23,150.0,75.0,75.0,75.0
40550,40550,282,14,20,1,0,23,167.0,79.0,79.0,88.0
40551,40551,282,14,30,1,0,23,171.0,100.0,100.0,71.0
40552,40552,282,14,40,1,0,23,158.0,73.0,73.0,85.0
40553,40553,282,14,50,1,0,23,157.0,79.0,79.0,78.0
40554,40554,282,15,0,1,0,23,187.0,66.0,66.0,121.0
40555,40555,282,15,10,1,0,23,209.0,92.0,92.0,117.0
40556,40556,282,15,20,1,0,23,225.0,106.0,106.0,119.0
40557,40557,282,15,30,1,0,23,234.0,86.0,86.0,148.0
40558,40558,282,15,40,1,0,23,208.0,105.0,105.0,103.0
40559,40559,282,15,50,1,0,23,209.0,102.0,102.0,107.0
40560,40560,282,16,0,1,0,23,227.0,108.0,108.0,119.0
40561,40561,282,16,10,1,0,23,237.0,118.0,118.0,119.0
40562,40562,282,16,20,1,0,23,236.0,111.0,111.0,125.0
40563,40563,282,16,30,1,0,23,293.0,132.0,132.0,161.0
40564,40564,282,16,40,1,0,23,297.0,115.0,115.0,182.0
40565,40565,282,16,50,1,0,23,324.0,98.0,98.0,226.0
40566,40566,282,17,0,1,0,23,491.0,151.0,151.0,340.0
40567,40567,282,17,10,1,0,23,486.0,162.0,162.0,324.0
40568,40568,282,17,20,1,0,23,439.0,182.0,182.0,257.0
40569,40569,282,17,30,1,0,23,507.0,218.0,218.0,289.0
40570,40570,282,17,40,1,0,23,631.0,221.0,221.0,410.0
40571,40571,282,17,50,1,0,23,590.0,285.0,285.0,305.0
40572,40572,282,18,0,1,0,23,653.0,318.0,318.0,335.0
40573,40573,282,18,10,1,0,23,652.0,310.0,310.0,342.0
40574,40574,282,18,20,1,0,23,589.0,317.0,317.0,272.0
40575,40575,282,18,30,1,0,23,506.0,297.0,297.0,209.0
40576,40576,282,18,40,1,0,23,473.0,293.0,293.0,180.0
40577,40577,282,18,50,1,0,23,456.0,295.0,295.0,161.0
40578,40578,282,19,0,1,0,23,333.0,234.0,234.0,99.0
40579,40579,282,19,10,1,0,23,288.0,199.0,199.0,89.0
40580,40580,282,19,20,1,0,23,272.0,187.0,187.0,85.0
40581,40581,282,19,30,1,0,23,225.0,157.0,157.0,68.0
40582,40582,282,19,40,1,0,23,208.0,127.0,127.0,81.0
40583,40583,282,19,50,1,0,23,218.0,130.0,130.0,88.0
40584,40584,282,20,0,1,0,23,169.0,102.0,102.0,67.0
40585,40585,282,20,10,1,0,23,175.0,95.0,95.0,80.0
40586,40586,282,20,20,1,0,23,188.0,115.0,115.0,73.0
40587,40587,282,20,30,1,0,23,170.0,85.0,85.0,85.0
40588,40588,282,20,40,1,0,23,199.0,113.0,113.0,86.0
40589,40589,282,20,50,1,0,23,186.0,73.0,73.0,113.0
40590,40590,282,21,0,1,0,23,216.0,129.0,129.0,87.0
40591,40591,282,21,10,1,0,23,168.0,92.0,92.0,76.0
40592,40592,282,21,20,1,0,23,179.0,109.0,109.0,70.0
40593,40593,282,21,30,1,0,23,198.0,112.0,112.0,86.0
40594,40594,282,21,40,1,0,23,151.0,108.0,108.0,43.0
40595,40595,282,21,50,1,0,23,135.0,93.0,93.0,42.0
40596,40596,282,22,0,1,0,23,117.0,74.0,74.0,43.0
40597,40597,282,22,10,1,0,23,127.0,87.0,87.0,40.0
40598,40598,282,22,20,1,0,23,111.0,91.0,91.0,20.0
40599,40599,282,22,30,1,0,23,72.0,65.0,65.0,7.0
40600,40600,282,22,40,1,0,23,49.0,44.0,44.0,5.0
40601,40601,282,22,50,1,0,23,56.0,55.0,55.0,1.0
40638,40638,283,5,0,1,0,23,1.0,1.0,1.0,0.0
40639,40639,283,5,10,1,0,23,0.0,0.0,0.0,0.0
40640,40640,283,5,20,1,0,23,1.0,0.0,0.0,1.0
40641,40641,283,5,30,1,0,23,8.0,0.0,0.0,8.0
40642,40642,283,5,40,1,0,23,34.0,1.0,1.0,33.0
40643,40643,283,5,50,1,0,23,48.0,9.0,9.0,39.0
40644,40644,283,6,0,1,0,23,56.0,1.0,1.0,55.0
40645,40645,283,6,10,1,0,23,94.0,21.0,21.0,73.0
40646,40646,283,6,20,1,0,23,101.0,20.0,20.0,81.0
40647,40647,283,6,30,1,0,23,156.0,30.0,30.0,126.0
40648,40648,283,6,40,1,0,23,206.0,43.0,43.0,163.0
40649,40649,283,6,50,1,0,23,280.0,79.0,79.0,201.0
40650,40650,283,7,0,1,0,23,329.0,84.0,84.0,245.0
40651,40651,283,7,10,1,0,23,399.0,101.0,101.0,298.0
40652,40652,283,7,20,1,0,23,466.0,107.0,107.0,359.0
40653,40653,283,7,30,1,0,23,604.0,171.0,171.0,433.0
40654,40654,283,7,40,1,0,23,680.0,175.0,175.0,505.0
40655,40655,283,7,50,1,0,23,752.0,173.0,173.0,579.0
40656,40656,283,8,0,1,0,23,951.0,307.0,307.0,644.0
40657,40657,283,8,10,1,0,23,965.0,305.0,305.0,660.0
40658,40658,283,8,20,1,0,23,964.0,340.0,340.0,624.0
40659,40659,283,8,30,1,0,23,887.0,348.0,348.0,539.0
40660,40660,283,8,40,1,0,23,857.0,411.0,411.0,446.0
40661,40661,283,8,50,1,0,23,786.0,391.0,391.0,395.0
40662,40662,283,9,0,1,0,23,581.0,244.0,244.0,337.0
40663,40663,283,9,10,1,0,23,517.0,247.0,247.0,270.0
40664,40664,283,9,20,1,0,23,481.0,250.0,250.0,231.0
40665,40665,283,9,30,1,0,23,424.0,186.0,186.0,238.0
40666,40666,283,9,40,1,0,23,304.0,128.0,128.0,176.0
40667,40667,283,9,50,1,0,23,382.0,161.0,161.0,221.0
40668,40668,283,10,0,1,0,23,246.0,127.0,127.0,119.0
40669,40669,283,10,10,1,0,23,251.0,115.0,115.0,136.0
40670,40670,283,10,20,1,0,23,227.0,93.0,93.0,134.0
40671,40671,283,10,30,1,0,23,264.0,121.0,121.0,143.0
40672,40672,283,10,40,1,0,23,184.0,79.0,79.0,105.0
40673,40673,283,10,50,1,0,23,222.0,112.0,112.0,110.0
40674,40674,283,11,0,1,0,23,207.0,75.0,75.0,132.0
40675,40675,283,11,10,1,0,23,194.0,86.0,86.0,108.0
40676,40676,283,11,20,1,0,23,182.0,63.0,63.0,119.0
40677,40677,283,11,30,1,0,23,208.0,84.0,84.0,124.0
40678,40678,283,11,40,1,0,23,202.0,70.0,70.0,132.0
40679,40679,283,11,50,1,0,23,245.0,104.0,104.0,141.0
40680,40680,283,12,0,1,0,23,188.0,81.0,81.0,107.0
40681,40681,283,12,10,1,0,23,202.0,105.0,105.0,97.0
40682,40682,283,12,20,1,0,23,198.0,86.0,86.0,112.0
40683,40683,283,12,30,1,0,23,204.0,105.0,105.0,99.0
40684,40684,283,12,40,1,0,23,209.0,76.0,76.0,133.0
40685,40685,283,12,50,1,0,23,301.0,166.0,166.0,135.0
40686,40686,283,13,0,1,0,23,211.0,95.0,95.0,116.0
40687,40687,283,13,10,1,0,23,265.0,135.0,135.0,130.0
40688,40688,283,13,20,1,0,23,201.0,69.0,69.0,132.0
40689,40689,283,13,30,1,0,23,219.0,128.0,128.0,91.0
40690,40690,283,13,40,1,0,23,202.0,89.0,89.0,113.0
40691,40691,283,13,50,1,0,23,239.0,135.0,135.0,104.0
40692,40692,283,14,0,1,0,23,212.0,115.0,115.0,97.0
40693,40693,283,14,10,1,0,23,238.0,139.0,139.0,99.0
40694,40694,283,14,20,1,0,23,181.0,88.0,88.0,93.0
40695,40695,283,14,30,1,0,23,237.0,124.0,124.0,113.0
40696,40696,283,14,40,1,0,23,209.0,80.0,80.0,129.0
40697,40697,283,14,50,1,0,23,237.0,119.0,119.0,118.0
40698,40698,283,15,0,1,0,23,236.0,120.0,120.0,116.0
40699,40699,283,15,10,1,0,23,246.0,135.0,135.0,111.0
40700,40700,283,15,20,1,0,23,214.0,90.0,90.0,124.0
40701,40701,283,15,30,1,0,23,288.0,164.0,164.0,124.0
40702,40702,283,15,40,1,0,23,238.0,112.0,112.0,126.0
40703,40703,283,15,50,1,0,23,290.0,189.0,189.0,101.0
40704,40704,283,16,0,1,0,23,207.0,88.0,88.0,119.0
40705,40705,283,16,10,1,0,23,302.0,183.0,183.0,119.0
40706,40706,283,16,20,1,0,23,248.0,111.0,111.0,137.0
40707,40707,283,16,30,1,0,23,385.0,175.0,175.0,210.0
40708,40708,283,16,40,1,0,23,377.0,143.0,143.0,234.0
40709,40709,283,16,50,1,0,23,371.0,188.0,188.0,183.0
40710,40710,283,17,0,1,0,23,407.0,156.0,156.0,251.0
40711,40711,283,17,10,1,0,23,502.0,215.0,215.0,287.0
40712,40712,283,17,20,1,0,23,504.0,275.0,275.0,229.0
40713,40713,283,17,30,1,0,23,570.0,256.0,256.0,314.0
40714,40714,283,17,40,1,0,23,678.0,332.0,332.0,346.0
40715,40715,283,17,50,1,0,23,565.0,334.0,334.0,231.0
40716,40716,283,18,0,1,0,23,582.0,367.0,367.0,215.0
40717,40717,283,18,10,1,0,23,671.0,377.0,377.0,294.0
40718,40718,283,18,20,1,0,23,552.0,333.0,333.0,219.0
40719,40719,283,18,30,1,0,23,593.0,411.0,411.0,182.0
40720,40720,283,18,40,1,0,23,490.0,338.0,338.0,152.0
40721,40721,283,18,50,1,0,23,550.0,395.0,395.0,155.0
40722,40722,283,19,0,1,0,23,429.0,292.0,292.0,137.0
40723,40723,283,19,10,1,0,23,390.0,260.0,260.0,130.0
40724,40724,283,19,20,1,0,23,301.0,206.0,206.0,95.0
40725,40725,283,19,30,1,0,23,285.0,194.0,194.0,91.0
40726,40726,283,19,40,1,0,23,242.0,152.0,152.0,90.0
40727,40727,283,19,50,1,0,23,212.0,142.0,142.0,70.0
40728,40728,283,20,0,1,0,23,193.0,133.0,133.0,60.0
40729,40729,283,20,10,1,0,23,198.0,120.0,120.0,78.0
40730,40730,283,20,20,1,0,23,166.0,113.0,113.0,53.0
40731,40731,283,20,30,1,0,23,183.0,120.0,120.0,63.0
40732,40732,283,20,40,1,0,23,200.0,138.0,138.0,62.0
40733,40733,283,20,50,1,0,23,194.0,129.0,129.0,65.0
40734,40734,283,21,0,1,0,23,204.0,143.0,143.0,61.0
40735,40735,283,21,10,1,0,23,186.0,120.0,120.0,66.0
40736,40736,283,21,20,1,0,23,216.0,160.0,160.0,56.0
40737,40737,283,21,30,1,0,23,233.0,167.0,167.0,66.0
40738,40738,283,21,40,1,0,23,194.0,135.0,135.0,59.0
40739,40739,283,21,50,1,0,23,171.0,127.0,127.0,44.0
40740,40740,283,22,0,1,0,23,173.0,127.0,127.0,46.0
40741,40741,283,22,10,1,0,23,163.0,125.0,125.0,38.0
40742,40742,283,22,20,1,0,23,124.0,100.0,100.0,24.0
40743,40743,283,22,30,1,0,23,99.0,77.0,77.0,22.0
40744,40744,283,22,40,1,0,23,93.0,74.0,74.0,19.0
40745,40745,283,22,50,1,0,23,36.0,32.0,32.0,4.0
40782,40782,284,5,0,1,0,23,0.0,0.0,0.0,0.0
40783,40783,284,5,10,1,0,23,1.0,0.0,0.0,1.0
40784,40784,284,5,20,1,0,23,5.0,0.0,0.0,5.0
40785,40785,284,5,30,1,0,23,9.0,1.0,1.0,8.0
40786,40786,284,5,40,1,0,23,16.0,4.0,4.0,12.0
40787,40787,284,5,50,1,0,23,42.0,17.0,17.0,25.0
40788,40788,284,6,0,1,0,23,82.0,43.0,43.0,39.0
40789,40789,284,6,10,1,0,23,151.0,73.0,73.0,78.0
40790,40790,284,6,20,1,0,23,180.0,95.0,95.0,85.0
40791,40791,284,6,30,1,0,23,274.0,149.0,149.0,125.0
40792,40792,284,6,40,1,0,23,399.0,227.0,227.0,172.0
40793,40793,284,6,50,1,0,23,604.0,402.0,402.0,202.0
40794,40794,284,7,0,1,0,23,622.0,415.0,415.0,207.0
40795,40795,284,7,10,1,0,23,756.0,488.0,488.0,268.0
40796,40796,284,7,20,1,0,23,802.0,504.0,504.0,298.0
40797,40797,284,7,30,1,0,23,931.0,642.0,642.0,289.0
40798,40798,284,7,40,1,0,23,1233.0,821.0,821.0,412.0
40799,40799,284,7,50,1,0,23,1071.0,601.0,601.0,470.0
40800,40800,284,8,0,1,0,23,1096.0,582.0,582.0,514.0
40801,40801,284,8,10,1,0,23,1120.0,606.0,606.0,514.0
40802,40802,284,8,20,1,0,23,1104.0,550.0,550.0,554.0
40803,40803,284,8,30,1,0,23,1133.0,617.0,617.0,516.0
40804,40804,284,8,40,1,0,23,1157.0,739.0,739.0,418.0
40805,40805,284,8,50,1,0,23,1122.0,726.0,726.0,396.0
40806,40806,284,9,0,1,0,23,880.0,517.0,517.0,363.0
40807,40807,284,9,10,1,0,23,862.0,548.0,548.0,314.0
40808,40808,284,9,20,1,0,23,809.0,523.0,523.0,286.0
40809,40809,284,9,30,1,0,23,638.0,368.0,368.0,270.0
40810,40810,284,9,40,1,0,23,565.0,278.0,278.0,287.0
40811,40811,284,9,50,1,0,23,586.0,349.0,349.0,237.0
40812,40812,284,10,0,1,0,23,442.0,190.0,190.0,252.0
40813,40813,284,10,10,1,0,23,492.0,245.0,245.0,247.0
40814,40814,284,10,20,1,0,23,396.0,183.0,183.0,213.0
40815,40815,284,10,30,1,0,23,416.0,191.0,191.0,225.0
40816,40816,284,10,40,1,0,23,351.0,152.0,152.0,199.0
40817,40817,284,10,50,1,0,23,385.0,175.0,175.0,210.0
40818,40818,284,11,0,1,0,23,347.0,127.0,127.0,220.0
40819,40819,284,11,10,1,0,23,337.0,121.0,121.0,216.0
40820,40820,284,11,20,1,0,23,371.0,141.0,141.0,230.0
40821,40821,284,11,30,1,0,23,339.0,135.0,135.0,204.0
40822,40822,284,11,40,1,0,23,364.0,112.0,112.0,252.0
40823,40823,284,11,50,1,0,23,448.0,214.0,214.0,234.0
40824,40824,284,12,0,1,0,23,372.0,105.0,105.0,267.0
40825,40825,284,12,10,1,0,23,407.0,149.0,149.0,258.0
40826,40826,284,12,20,1,0,23,312.0,126.0,126.0,186.0
40827,40827,284,12,30,1,0,23,439.0,223.0,223.0,216.0
40828,40828,284,12,40,1,0,23,359.0,187.0,187.0,172.0
40829,40829,284,12,50,1,0,23,394.0,252.0,252.0,142.0
40830,40830,284,13,0,1,0,23,395.0,243.0,243.0,152.0
40831,40831,284,13,10,1,0,23,407.0,246.0,246.0,161.0
40832,40832,284,13,20,1,0,23,417.0,239.0,239.0,178.0
40833,40833,284,13,30,1,0,23,399.0,224.0,224.0,175.0
40834,40834,284,13,40,1,0,23,368.0,205.0,205.0,163.0
40835,40835,284,13,50,1,0,23,435.0,227.0,227.0,208.0
40836,40836,284,14,0,1,0,23,371.0,151.0,151.0,220.0
40837,40837,284,14,10,1,0,23,377.0,177.0,177.0,200.0
40838,40838,284,14,20,1,0,23,441.0,224.0,224.0,217.0
40839,40839,284,14,30,1,0,23,473.0,220.0,220.0,253.0
40840,40840,284,14,40,1,0,23,397.0,146.0,146.0,251.0
40841,40841,284,14,50,1,0,23,428.0,189.0,189.0,239.0
40842,40842,284,15,0,1,0,23,417.0,155.0,155.0,262.0
40843,40843,284,15,10,1,0,23,421.0,173.0,173.0,248.0
40844,40844,284,15,20,1,0,23,428.0,155.0,155.0,273.0
40845,40845,284,15,30,1,0,23,447.0,192.0,192.0,255.0
40846,40846,284,15,40,1,0,23,462.0,159.0,159.0,303.0
40847,40847,284,15,50,1,0,23,499.0,178.0,178.0,321.0
40848,40848,284,16,0,1,0,23,436.0,149.0,149.0,287.0
40849,40849,284,16,10,1,0,23,531.0,192.0,192.0,339.0
40850,40850,284,16,20,1,0,23,415.0,130.0,130.0,285.0
40851,40851,284,16,30,1,0,23,644.0,220.0,220.0,424.0
40852,40852,284,16,40,1,0,23,598.0,138.0,138.0,460.0
40853,40853,284,16,50,1,0,23,625.0,204.0,204.0,421.0
40854,40854,284,17,0,1,0,23,789.0,237.0,237.0,552.0
40855,40855,284,17,10,1,0,23,978.0,259.0,259.0,719.0
40856,40856,284,17,20,1,0,23,787.0,264.0,264.0,523.0
40857,40857,284,17,30,1,0,23,788.0,294.0,294.0,494.0
40858,40858,284,17,40,1,0,23,908.0,256.0,256.0,652.0
40859,40859,284,17,50,1,0,23,807.0,393.0,393.0,414.0
40860,40860,284,18,0,1,0,23,816.0,355.0,355.0,461.0
40861,40861,284,18,10,1,0,23,927.0,344.0,344.0,583.0
40862,40862,284,18,20,1,0,23,741.0,261.0,261.0,480.0
40863,40863,284,18,30,1,0,23,750.0,395.0,395.0,355.0
40864,40864,284,18,40,1,0,23,583.0,250.0,250.0,333.0
40865,40865,284,18,50,1,0,23,542.0,256.0,256.0,286.0
40866,40866,284,19,0,1,0,23,441.0,216.0,216.0,225.0
40867,40867,284,19,10,1,0,23,389.0,191.0,191.0,198.0
40868,40868,284,19,20,1,0,23,386.0,198.0,198.0,188.0
40869,40869,284,19,30,1,0,23,325.0,126.0,126.0,199.0
40870,40870,284,19,40,1,0,23,301.0,142.0,142.0,159.0
40871,40871,284,19,50,1,0,23,252.0,124.0,124.0,128.0
40872,40872,284,20,0,1,0,23,240.0,114.0,114.0,126.0
40873,40873,284,20,10,1,0,23,257.0,138.0,138.0,119.0
40874,40874,284,20,20,1,0,23,233.0,111.0,111.0,122.0
40875,40875,284,20,30,1,0,23,208.0,104.0,104.0,104.0
40876,40876,284,20,40,1,0,23,254.0,122.0,122.0,132.0
40877,40877,284,20,50,1,0,23,223.0,147.0,147.0,76.0
40878,40878,284,21,0,1,0,23,222.0,127.0,127.0,95.0
40879,40879,284,21,10,1,0,23,259.0,124.0,124.0,135.0
40880,40880,284,21,20,1,0,23,228.0,142.0,142.0,86.0
40881,40881,284,21,30,1,0,23,204.0,135.0,135.0,69.0
40882,40882,284,21,40,1,0,23,237.0,144.0,144.0,93.0
40883,40883,284,21,50,1,0,23,187.0,124.0,124.0,63.0
40884,40884,284,22,0,1,0,23,173.0,101.0,101.0,72.0
40885,40885,284,22,10,1,0,23,165.0,102.0,102.0,63.0
40886,40886,284,22,20,1,0,23,126.0,90.0,90.0,36.0
40887,40887,284,22,30,1,0,23,105.0,68.0,68.0,37.0
40888,40888,284,22,40,1,0,23,85.0,66.0,66.0,19.0
40889,40889,284,22,50,1,0,23,44.0,35.0,35.0,9.0
40926,40926,285,5,0,1,0,23,2.0,0.0,0.0,2.0
40927,40927,285,5,10,1,0,23,3.0,0.0,0.0,3.0
40928,40928,285,5,20,1,0,23,6.0,0.0,0.0,6.0
40929,40929,285,5,30,1,0,23,13.0,1.0,1.0,12.0
40930,40930,285,5,40,1,0,23,13.0,0.0,0.0,13.0
40931,40931,285,5,50,1,0,23,21.0,0.0,0.0,21.0
40932,40932,285,6,0,1,0,23,41.0,1.0,1.0,40.0
40933,40933,285,6,10,1,0,23,51.0,0.0,0.0,51.0
40934,40934,285,6,20,1,0,23,79.0,3.0,3.0,76.0
40935,40935,285,6,30,1,0,23,109.0,26.0,26.0,83.0
40936,40936,285,6,40,1,0,23,133.0,34.0,34.0,99.0
40937,40937,285,6,50,1,0,23,182.0,38.0,38.0,144.0
40938,40938,285,7,0,1,0,23,211.0,55.0,55.0,156.0
40939,40939,285,7,10,1,0,23,281.0,87.0,87.0,194.0
40940,40940,285,7,20,1,0,23,304.0,113.0,113.0,191.0
40941,40941,285,7,30,1,0,23,419.0,120.0,120.0,299.0
40942,40942,285,7,40,1,0,23,395.0,91.0,91.0,304.0
40943,40943,285,7,50,1,0,23,393.0,95.0,95.0,298.0
40944,40944,285,8,0,1,0,23,438.0,149.0,149.0,289.0
40945,40945,285,8,10,1,0,23,419.0,109.0,109.0,310.0
40946,40946,285,8,20,1,0,23,406.0,151.0,151.0,255.0
40947,40947,285,8,30,1,0,23,330.0,125.0,125.0,205.0
40948,40948,285,8,40,1,0,23,309.0,132.0,132.0,177.0
40949,40949,285,8,50,1,0,23,275.0,115.0,115.0,160.0
40950,40950,285,9,0,1,0,23,212.0,73.0,73.0,139.0
40951,40951,285,9,10,1,0,23,179.0,78.0,78.0,101.0
40952,40952,285,9,20,1,0,23,158.0,78.0,78.0,80.0
40953,40953,285,9,30,1,0,23,212.0,124.0,124.0,88.0
40954,40954,285,9,40,1,0,23,161.0,62.0,62.0,99.0
40955,40955,285,9,50,1,0,23,125.0,49.0,49.0,76.0
40956,40956,285,10,0,1,0,23,142.0,67.0,67.0,75.0
40957,40957,285,10,10,1,0,23,156.0,82.0,82.0,74.0
40958,40958,285,10,20,1,0,23,115.0,64.0,64.0,51.0
40959,40959,285,10,30,1,0,23,136.0,67.0,67.0,69.0
40960,40960,285,10,40,1,0,23,90.0,36.0,36.0,54.0
40961,40961,285,10,50,1,0,23,118.0,67.0,67.0,51.0
40962,40962,285,11,0,1,0,23,94.0,51.0,51.0,43.0
40963,40963,285,11,10,1,0,23,100.0,45.0,45.0,55.0
40964,40964,285,11,20,1,0,23,114.0,46.0,46.0,68.0
40965,40965,285,11,30,1,0,23,128.0,76.0,76.0,52.0
40966,40966,285,11,40,1,0,23,129.0,53.0,53.0,76.0
40967,40967,285,11,50,1,0,23,108.0,36.0,36.0,72.0
40968,40968,285,12,0,1,0,23,99.0,40.0,40.0,59.0
40969,40969,285,12,10,1,0,23,158.0,85.0,85.0,73.0
40970,40970,285,12,20,1,0,23,122.0,65.0,65.0,57.0
40971,40971,285,12,30,1,0,23,90.0,38.0,38.0,52.0
40972,40972,285,12,40,1,0,23,97.0,40.0,40.0,57.0
40973,40973,285,12,50,1,0,23,152.0,80.0,80.0,72.0
40974,40974,285,13,0,1,0,23,99.0,52.0,52.0,47.0
40975,40975,285,13,10,1,0,23,112.0,46.0,46.0,66.0
40976,40976,285,13,20,1,0,23,98.0,51.0,51.0,47.0
40977,40977,285,13,30,1,0,23,137.0,96.0,96.0,41.0
40978,40978,285,13,40,1,0,23,111.0,57.0,57.0,54.0
40979,40979,285,13,50,1,0,23,111.0,57.0,57.0,54.0
40980,40980,285,14,0,1,0,23,101.0,57.0,57.0,44.0
40981,40981,285,14,10,1,0,23,127.0,82.0,82.0,45.0
40982,40982,285,14,20,1,0,23,97.0,58.0,58.0,39.0
40983,40983,285,14,30,1,0,23,109.0,53.0,53.0,56.0
40984,40984,285,14,40,1,0,23,100.0,40.0,40.0,60.0
40985,40985,285,14,50,1,0,23,126.0,84.0,84.0,42.0
40986,40986,285,15,0,1,0,23,107.0,53.0,53.0,54.0
40987,40987,285,15,10,1,0,23,106.0,49.0,49.0,57.0
40988,40988,285,15,20,1,0,23,114.0,58.0,58.0,56.0
40989,40989,285,15,30,1,0,23,164.0,100.0,100.0,64.0
40990,40990,285,15,40,1,0,23,114.0,42.0,42.0,72.0
40991,40991,285,15,50,1,0,23,125.0,76.0,76.0,49.0
40992,40992,285,16,0,1,0,23,105.0,45.0,45.0,60.0
40993,40993,285,16,10,1,0,23,188.0,97.0,97.0,91.0
40994,40994,285,16,20,1,0,23,125.0,61.0,61.0,64.0
40995,40995,285,16,30,1,0,23,157.0,57.0,57.0,100.0
40996,40996,285,16,40,1,0,23,175.0,75.0,75.0,100.0
40997,40997,285,16,50,1,0,23,229.0,156.0,156.0,73.0
40998,40998,285,17,0,1,0,23,169.0,81.0,81.0,88.0
40999,40999,285,17,10,1,0,23,176.0,85.0,85.0,91.0
41000,41000,285,17,20,1,0,23,174.0,92.0,92.0,82.0
41001,41001,285,17,30,1,0,23,312.0,200.0,200.0,112.0
41002,41002,285,17,40,1,0,23,259.0,157.0,157.0,102.0
41003,41003,285,17,50,1,0,23,257.0,154.0,154.0,103.0
41004,41004,285,18,0,1,0,23,217.0,130.0,130.0,87.0
41005,41005,285,18,10,1,0,23,346.0,241.0,241.0,105.0
41006,41006,285,18,20,1,0,23,211.0,128.0,128.0,83.0
41007,41007,285,18,30,1,0,23,353.0,288.0,288.0,65.0
41008,41008,285,18,40,1,0,23,215.0,145.0,145.0,70.0
41009,41009,285,18,50,1,0,23,235.0,192.0,192.0,43.0
41010,41010,285,19,0,1,0,23,164.0,126.0,126.0,38.0
41011,41011,285,19,10,1,0,23,257.0,208.0,208.0,49.0
41012,41012,285,19,20,1,0,23,154.0,112.0,112.0,42.0
41013,41013,285,19,30,1,0,23,146.0,114.0,114.0,32.0
41014,41014,285,19,40,1,0,23,78.0,58.0,58.0,20.0
41015,41015,285,19,50,1,0,23,174.0,137.0,137.0,37.0
41016,41016,285,20,0,1,0,23,95.0,40.0,40.0,55.0
41017,41017,285,20,10,1,0,23,136.0,97.0,97.0,39.0
41018,41018,285,20,20,1,0,23,110.0,65.0,65.0,45.0
41019,41019,285,20,30,1,0,23,93.0,56.0,56.0,37.0
41020,41020,285,20,40,1,0,23,87.0,57.0,57.0,30.0
41021,41021,285,20,50,1,0,23,90.0,65.0,65.0,25.0
41022,41022,285,21,0,1,0,23,75.0,39.0,39.0,36.0
41023,41023,285,21,10,1,0,23,88.0,55.0,55.0,33.0
41024,41024,285,21,20,1,0,23,90.0,60.0,60.0,30.0
41025,41025,285,21,30,1,0,23,142.0,118.0,118.0,24.0
41026,41026,285,21,40,1,0,23,87.0,62.0,62.0,25.0
41027,41027,285,21,50,1,0,23,69.0,50.0,50.0,19.0
41028,41028,285,22,0,1,0,23,85.0,61.0,61.0,24.0
41029,41029,285,22,10,1,0,23,48.0,35.0,35.0,13.0
41030,41030,285,22,20,1,0,23,53.0,46.0,46.0,7.0
41031,41031,285,22,30,1,0,23,57.0,52.0,52.0,5.0
41032,41032,285,22,40,1,0,23,51.0,50.0,50.0,1.0
41033,41033,285,22,50,1,0,23,23.0,23.0,23.0,0.0
41070,41070,286,5,0,1,0,23,1.0,1.0,1.0,0.0
41071,41071,286,5,10,1,0,23,9.0,0.0,0.0,9.0
41072,41072,286,5,20,1,0,23,31.0,1.0,1.0,30.0
41073,41073,286,5,30,1,0,23,42.0,0.0,0.0,42.0
41074,41074,286,5,40,1,0,23,47.0,0.0,0.0,47.0
41075,41075,286,5,50,1,0,23,53.0,1.0,1.0,52.0
41076,41076,286,6,0,1,0,23,67.0,0.0,0.0,67.0
41077,41077,286,6,10,1,0,23,93.0,0.0,0.0,93.0
41078,41078,286,6,20,1,0,23,160.0,18.0,18.0,142.0
41079,41079,286,6,30,1,0,23,186.0,11.0,11.0,175.0
41080,41080,286,6,40,1,0,23,251.0,18.0,18.0,233.0
41081,41081,286,6,50,1,0,23,340.0,43.0,43.0,297.0
41082,41082,286,7,0,1,0,23,388.0,47.0,47.0,341.0
41083,41083,286,7,10,1,0,23,443.0,76.0,76.0,367.0
41084,41084,286,7,20,1,0,23,600.0,102.0,102.0,498.0
41085,41085,286,7,30,1,0,23,694.0,129.0,129.0,565.0
41086,41086,286,7,40,1,0,23,794.0,79.0,79.0,715.0
41087,41087,286,7,50,1,0,23,833.0,128.0,128.0,705.0
41088,41088,286,8,0,1,0,23,928.0,121.0,121.0,807.0
41089,41089,286,8,10,1,0,23,927.0,121.0,121.0,806.0
41090,41090,286,8,20,1,0,23,743.0,96.0,96.0,647.0
41091,41091,286,8,30,1,0,23,681.0,125.0,125.0,556.0
41092,41092,286,8,40,1,0,23,580.0,149.0,149.0,431.0
41093,41093,286,8,50,1,0,23,400.0,76.0,76.0,324.0
41094,41094,286,9,0,1,0,23,404.0,96.0,96.0,308.0
41095,41095,286,9,10,1,0,23,327.0,104.0,104.0,223.0
41096,41096,286,9,20,1,0,23,266.0,92.0,92.0,174.0
41097,41097,286,9,30,1,0,23,281.0,121.0,121.0,160.0
41098,41098,286,9,40,1,0,23,205.0,74.0,74.0,131.0
41099,41099,286,9,50,1,0,23,216.0,102.0,102.0,114.0
41100,41100,286,10,0,1,0,23,162.0,68.0,68.0,94.0
41101,41101,286,10,10,1,0,23,140.0,69.0,69.0,71.0
41102,41102,286,10,20,1,0,23,136.0,65.0,65.0,71.0
41103,41103,286,10,30,1,0,23,112.0,60.0,60.0,52.0
41104,41104,286,10,40,1,0,23,120.0,35.0,35.0,85.0
41105,41105,286,10,50,1,0,23,121.0,58.0,58.0,63.0
41106,41106,286,11,0,1,0,23,100.0,35.0,35.0,65.0
41107,41107,286,11,10,1,0,23,137.0,67.0,67.0,70.0
41108,41108,286,11,20,1,0,23,102.0,31.0,31.0,71.0
41109,41109,286,11,30,1,0,23,119.0,56.0,56.0,63.0
41110,41110,286,11,40,1,0,23,131.0,41.0,41.0,90.0
41111,41111,286,11,50,1,0,23,181.0,68.0,68.0,113.0
41112,41112,286,12,0,1,0,23,144.0,45.0,45.0,99.0
41113,41113,286,12,10,1,0,23,169.0,67.0,67.0,102.0
41114,41114,286,12,20,1,0,23,164.0,64.0,64.0,100.0
41115,41115,286,12,30,1,0,23,162.0,80.0,80.0,82.0
41116,41116,286,12,40,1,0,23,140.0,58.0,58.0,82.0
41117,41117,286,12,50,1,0,23,143.0,79.0,79.0,64.0
41118,41118,286,13,0,1,0,23,141.0,63.0,63.0,78.0
41119,41119,286,13,10,1,0,23,148.0,57.0,57.0,91.0
41120,41120,286,13,20,1,0,23,100.0,37.0,37.0,63.0
41121,41121,286,13,30,1,0,23,174.0,88.0,88.0,86.0
41122,41122,286,13,40,1,0,23,121.0,55.0,55.0,66.0
41123,41123,286,13,50,1,0,23,143.0,70.0,70.0,73.0
41124,41124,286,14,0,1,0,23,285.0,64.0,64.0,221.0
41125,41125,286,14,10,1,0,23,157.0,72.0,72.0,85.0
41126,41126,286,14,20,1,0,23,127.0,64.0,64.0,63.0
41127,41127,286,14,30,1,0,23,154.0,80.0,80.0,74.0
41128,41128,286,14,40,1,0,23,130.0,67.0,67.0,63.0
41129,41129,286,14,50,1,0,23,211.0,108.0,108.0,103.0
41130,41130,286,15,0,1,0,23,152.0,87.0,87.0,65.0
41131,41131,286,15,10,1,0,23,184.0,113.0,113.0,71.0
41132,41132,286,15,20,1,0,23,167.0,85.0,85.0,82.0
41133,41133,286,15,30,1,0,23,192.0,109.0,109.0,83.0
41134,41134,286,15,40,1,0,23,175.0,82.0,82.0,93.0
41135,41135,286,15,50,1,0,23,231.0,139.0,139.0,92.0
41136,41136,286,16,0,1,0,23,158.0,80.0,80.0,78.0
41137,41137,286,16,10,1,0,23,223.0,124.0,124.0,99.0
41138,41138,286,16,20,1,0,23,228.0,138.0,138.0,90.0
41139,41139,286,16,30,1,0,23,246.0,164.0,164.0,82.0
41140,41140,286,16,40,1,0,23,189.0,118.0,118.0,71.0
41141,41141,286,16,50,1,0,23,283.0,187.0,187.0,96.0
41142,41142,286,17,0,1,0,23,254.0,137.0,137.0,117.0
41143,41143,286,17,10,1,0,23,338.0,213.0,213.0,125.0
41144,41144,286,17,20,1,0,23,289.0,211.0,211.0,78.0
41145,41145,286,17,30,1,0,23,449.0,340.0,340.0,109.0
41146,41146,286,17,40,1,0,23,381.0,292.0,292.0,89.0
41147,41147,286,17,50,1,0,23,494.0,422.0,422.0,72.0
41148,41148,286,18,0,1,0,23,381.0,304.0,304.0,77.0
41149,41149,286,18,10,1,0,23,582.0,497.0,497.0,85.0
41150,41150,286,18,20,1,0,23,407.0,320.0,320.0,87.0
41151,41151,286,18,30,1,0,23,564.0,481.0,481.0,83.0
41152,41152,286,18,40,1,0,23,445.0,393.0,393.0,52.0
41153,41153,286,18,50,1,0,23,603.0,542.0,542.0,61.0
41154,41154,286,19,0,1,0,23,453.0,388.0,388.0,65.0
41155,41155,286,19,10,1,0,23,296.0,242.0,242.0,54.0
41156,41156,286,19,20,1,0,23,386.0,312.0,312.0,74.0
41157,41157,286,19,30,1,0,23,283.0,224.0,224.0,59.0
41158,41158,286,19,40,1,0,23,201.0,153.0,153.0,48.0
41159,41159,286,19,50,1,0,23,244.0,198.0,198.0,46.0
41160,41160,286,20,0,1,0,23,233.0,196.0,196.0,37.0
41161,41161,286,20,10,1,0,23,196.0,146.0,146.0,50.0
41162,41162,286,20,20,1,0,23,222.0,182.0,182.0,40.0
41163,41163,286,20,30,1,0,23,130.0,96.0,96.0,34.0
41164,41164,286,20,40,1,0,23,161.0,128.0,128.0,33.0
41165,41165,286,20,50,1,0,23,195.0,167.0,167.0,28.0
41166,41166,286,21,0,1,0,23,195.0,167.0,167.0,28.0
41167,41167,286,21,10,1,0,23,168.0,125.0,125.0,43.0
41168,41168,286,21,20,1,0,23,161.0,132.0,132.0,29.0
41169,41169,286,21,30,1,0,23,156.0,127.0,127.0,29.0
41170,41170,286,21,40,1,0,23,167.0,132.0,132.0,35.0
41171,41171,286,21,50,1,0,23,196.0,168.0,168.0,28.0
41172,41172,286,22,0,1,0,23,125.0,107.0,107.0,18.0
41173,41173,286,22,10,1,0,23,114.0,90.0,90.0,24.0
41174,41174,286,22,20,1,0,23,149.0,137.0,137.0,12.0
41175,41175,286,22,30,1,0,23,114.0,109.0,109.0,5.0
41176,41176,286,22,40,1,0,23,124.0,123.0,123.0,1.0
41177,41177,286,22,50,1,0,23,107.0,105.0,105.0,2.0
41214,41214,287,5,0,1,0,23,0.0,0.0,0.0,0.0
41215,41215,287,5,10,1,0,23,0.0,0.0,0.0,0.0
41216,41216,287,5,20,1,0,23,2.0,0.0,0.0,2.0
41217,41217,287,5,30,1,0,23,21.0,1.0,1.0,20.0
41218,41218,287,5,40,1,0,23,38.0,1.0,1.0,37.0
41219,41219,287,5,50,1,0,23,47.0,1.0,1.0,46.0
41220,41220,287,6,0,1,0,23,80.0,0.0,0.0,80.0
41221,41221,287,6,10,1,0,23,82.0,8.0,8.0,74.0
41222,41222,287,6,20,1,0,23,120.0,3.0,3.0,117.0
41223,41223,287,6,30,1,0,23,172.0,31.0,31.0,141.0
41224,41224,287,6,40,1,0,23,270.0,38.0,38.0,232.0
41225,41225,287,6,50,1,0,23,273.0,32.0,32.0,241.0
41226,41226,287,7,0,1,0,23,306.0,45.0,45.0,261.0
41227,41227,287,7,10,1,0,23,399.0,36.0,36.0,363.0
41228,41228,287,7,20,1,0,23,485.0,55.0,55.0,430.0
41229,41229,287,7,30,1,0,23,635.0,76.0,76.0,559.0
41230,41230,287,7,40,1,0,23,815.0,62.0,62.0,753.0
41231,41231,287,7,50,1,0,23,918.0,72.0,72.0,846.0
41232,41232,287,8,0,1,0,23,1093.0,88.0,88.0,1005.0
41233,41233,287,8,10,1,0,23,1126.0,120.0,120.0,1006.0
41234,41234,287,8,20,1,0,23,1133.0,96.0,96.0,1037.0
41235,41235,287,8,30,1,0,23,895.0,138.0,138.0,757.0
41236,41236,287,8,40,1,0,23,796.0,182.0,182.0,614.0
41237,41237,287,8,50,1,0,23,702.0,140.0,140.0,562.0
41238,41238,287,9,0,1,0,23,549.0,83.0,83.0,466.0
41239,41239,287,9,10,1,0,23,458.0,96.0,96.0,362.0
41240,41240,287,9,20,1,0,23,384.0,71.0,71.0,313.0
41241,41241,287,9,30,1,0,23,328.0,76.0,76.0,252.0
41242,41242,287,9,40,1,0,23,241.0,67.0,67.0,174.0
41243,41243,287,9,50,1,0,23,207.0,59.0,59.0,148.0
41244,41244,287,10,0,1,0,23,196.0,78.0,78.0,118.0
41245,41245,287,10,10,1,0,23,166.0,37.0,37.0,129.0
41246,41246,287,10,20,1,0,23,168.0,54.0,54.0,114.0
41247,41247,287,10,30,1,0,23,152.0,41.0,41.0,111.0
41248,41248,287,10,40,1,0,23,149.0,51.0,51.0,98.0
41249,41249,287,10,50,1,0,23,121.0,44.0,44.0,77.0
41250,41250,287,11,0,1,0,23,147.0,57.0,57.0,90.0
41251,41251,287,11,10,1,0,23,121.0,56.0,56.0,65.0
41252,41252,287,11,20,1,0,23,146.0,67.0,67.0,79.0
41253,41253,287,11,30,1,0,23,149.0,59.0,59.0,90.0
41254,41254,287,11,40,1,0,23,175.0,79.0,79.0,96.0
41255,41255,287,11,50,1,0,23,140.0,51.0,51.0,89.0
41256,41256,287,12,0,1,0,23,168.0,78.0,78.0,90.0
41257,41257,287,12,10,1,0,23,168.0,66.0,66.0,102.0
41258,41258,287,12,20,1,0,23,179.0,81.0,81.0,98.0
41259,41259,287,12,30,1,0,23,139.0,58.0,58.0,81.0
41260,41260,287,12,40,1,0,23,161.0,75.0,75.0,86.0
41261,41261,287,12,50,1,0,23,157.0,58.0,58.0,99.0
41262,41262,287,13,0,1,0,23,152.0,65.0,65.0,87.0
41263,41263,287,13,10,1,0,23,147.0,57.0,57.0,90.0
41264,41264,287,13,20,1,0,23,162.0,77.0,77.0,85.0
41265,41265,287,13,30,1,0,23,148.0,68.0,68.0,80.0
41266,41266,287,13,40,1,0,23,168.0,91.0,91.0,77.0
41267,41267,287,13,50,1,0,23,126.0,55.0,55.0,71.0
41268,41268,287,14,0,1,0,23,158.0,96.0,96.0,62.0
41269,41269,287,14,10,1,0,23,145.0,77.0,77.0,68.0
41270,41270,287,14,20,1,0,23,162.0,92.0,92.0,70.0
41271,41271,287,14,30,1,0,23,129.0,73.0,73.0,56.0
41272,41272,287,14,40,1,0,23,155.0,93.0,93.0,62.0
41273,41273,287,14,50,1,0,23,138.0,75.0,75.0,63.0
41274,41274,287,15,0,1,0,23,174.0,110.0,110.0,64.0
41275,41275,287,15,10,1,0,23,152.0,83.0,83.0,69.0
41276,41276,287,15,20,1,0,23,179.0,115.0,115.0,64.0
41277,41277,287,15,30,1,0,23,160.0,89.0,89.0,71.0
41278,41278,287,15,40,1,0,23,183.0,118.0,118.0,65.0
41279,41279,287,15,50,1,0,23,167.0,107.0,107.0,60.0
41280,41280,287,16,0,1,0,23,216.0,153.0,153.0,63.0
41281,41281,287,16,10,1,0,23,183.0,124.0,124.0,59.0
41282,41282,287,16,20,1,0,23,243.0,184.0,184.0,59.0
41283,41283,287,16,30,1,0,23,199.0,139.0,139.0,60.0
41284,41284,287,16,40,1,0,23,290.0,214.0,214.0,76.0
41285,41285,287,16,50,1,0,23,207.0,156.0,156.0,51.0
41286,41286,287,17,0,1,0,23,339.0,264.0,264.0,75.0
41287,41287,287,17,10,1,0,23,387.0,252.0,252.0,135.0
41288,41288,287,17,20,1,0,23,391.0,286.0,286.0,105.0
41289,41289,287,17,30,1,0,23,473.0,363.0,363.0,110.0
41290,41290,287,17,40,1,0,23,521.0,377.0,377.0,144.0
41291,41291,287,17,50,1,0,23,420.0,332.0,332.0,88.0
41292,41292,287,18,0,1,0,23,613.0,526.0,526.0,87.0
41293,41293,287,18,10,1,0,23,575.0,449.0,449.0,126.0
41294,41294,287,18,20,1,0,23,757.0,643.0,643.0,114.0
41295,41295,287,18,30,1,0,23,539.0,441.0,441.0,98.0
41296,41296,287,18,40,1,0,23,753.0,690.0,690.0,63.0
41297,41297,287,18,50,1,0,23,625.0,565.0,565.0,60.0
41298,41298,287,19,0,1,0,23,517.0,473.0,473.0,44.0
41299,41299,287,19,10,1,0,23,469.0,415.0,415.0,54.0
41300,41300,287,19,20,1,0,23,399.0,348.0,348.0,51.0
41301,41301,287,19,30,1,0,23,321.0,283.0,283.0,38.0
41302,41302,287,19,40,1,0,23,310.0,263.0,263.0,47.0
41303,41303,287,19,50,1,0,23,225.0,191.0,191.0,34.0
41304,41304,287,20,0,1,0,23,289.0,235.0,235.0,54.0
41305,41305,287,20,10,1,0,23,235.0,194.0,194.0,41.0
41306,41306,287,20,20,1,0,23,215.0,178.0,178.0,37.0
41307,41307,287,20,30,1,0,23,198.0,156.0,156.0,42.0
41308,41308,287,20,40,1,0,23,208.0,169.0,169.0,39.0
41309,41309,287,20,50,1,0,23,236.0,200.0,200.0,36.0
41310,41310,287,21,0,1,0,23,209.0,162.0,162.0,47.0
41311,41311,287,21,10,1,0,23,223.0,175.0,175.0,48.0
41312,41312,287,21,20,1,0,23,212.0,174.0,174.0,38.0
41313,41313,287,21,30,1,0,23,265.0,227.0,227.0,38.0
41314,41314,287,21,40,1,0,23,202.0,164.0,164.0,38.0
41315,41315,287,21,50,1,0,23,230.0,196.0,196.0,34.0
41316,41316,287,22,0,1,0,23,173.0,140.0,140.0,33.0
41317,41317,287,22,10,1,0,23,227.0,205.0,205.0,22.0
41318,41318,287,22,20,1,0,23,155.0,138.0,138.0,17.0
41319,41319,287,22,30,1,0,23,196.0,183.0,183.0,13.0
41320,41320,287,22,40,1,0,23,130.0,124.0,124.0,6.0
41321,41321,287,22,50,1,0,23,106.0,104.0,104.0,2.0
41358,41358,288,5,0,1,0,23,0.0,0.0,0.0,0.0
41359,41359,288,5,10,1,0,23,0.0,0.0,0.0,0.0
41360,41360,288,5,20,1,0,23,9.0,1.0,1.0,8.0
41361,41361,288,5,30,1,0,23,11.0,0.0,0.0,11.0
41362,41362,288,5,40,1,0,23,44.0,0.0,0.0,44.0
41363,41363,288,5,50,1,0,23,51.0,12.0,12.0,39.0
41364,41364,288,6,0,1,0,23,70.0,8.0,8.0,62.0
41365,41365,288,6,10,1,0,23,134.0,32.0,32.0,102.0
41366,41366,288,6,20,1,0,23,113.0,19.0,19.0,94.0
41367,41367,288,6,30,1,0,23,169.0,50.0,50.0,119.0
41368,41368,288,6,40,1,0,23,260.0,94.0,94.0,166.0
41369,41369,288,6,50,1,0,23,326.0,135.0,135.0,191.0
41370,41370,288,7,0,1,0,23,417.0,181.0,181.0,236.0
41371,41371,288,7,10,1,0,23,473.0,205.0,205.0,268.0
41372,41372,288,7,20,1,0,23,525.0,219.0,219.0,306.0
41373,41373,288,7,30,1,0,23,642.0,252.0,252.0,390.0
41374,41374,288,7,40,1,0,23,702.0,200.0,200.0,502.0
41375,41375,288,7,50,1,0,23,906.0,253.0,253.0,653.0
41376,41376,288,8,0,1,0,23,908.0,278.0,278.0,630.0
41377,41377,288,8,10,1,0,23,993.0,319.0,319.0,674.0
41378,41378,288,8,20,1,0,23,1161.0,394.0,394.0,767.0
41379,41379,288,8,30,1,0,23,1008.0,397.0,397.0,611.0
41380,41380,288,8,40,1,0,23,918.0,387.0,387.0,531.0
41381,41381,288,8,50,1,0,23,751.0,298.0,298.0,453.0
41382,41382,288,9,0,1,0,23,679.0,300.0,300.0,379.0
41383,41383,288,9,10,1,0,23,630.0,305.0,305.0,325.0
41384,41384,288,9,20,1,0,23,544.0,264.0,264.0,280.0
41385,41385,288,9,30,1,0,23,459.0,223.0,223.0,236.0
41386,41386,288,9,40,1,0,23,431.0,263.0,263.0,168.0
41387,41387,288,9,50,1,0,23,364.0,206.0,206.0,158.0
41388,41388,288,10,0,1,0,23,300.0,168.0,168.0,132.0
41389,41389,288,10,10,1,0,23,326.0,201.0,201.0,125.0
41390,41390,288,10,20,1,0,23,291.0,166.0,166.0,125.0
41391,41391,288,10,30,1,0,23,283.0,140.0,140.0,143.0
41392,41392,288,10,40,1,0,23,291.0,177.0,177.0,114.0
41393,41393,288,10,50,1,0,23,258.0,137.0,137.0,121.0
41394,41394,288,11,0,1,0,23,264.0,132.0,132.0,132.0
41395,41395,288,11,10,1,0,23,226.0,88.0,88.0,138.0
41396,41396,288,11,20,1,0,23,223.0,149.0,149.0,74.0
41397,41397,288,11,30,1,0,23,236.0,119.0,119.0,117.0
41398,41398,288,11,40,1,0,23,257.0,137.0,137.0,120.0
41399,41399,288,11,50,1,0,23,285.0,133.0,133.0,152.0
41400,41400,288,12,0,1,0,23,292.0,133.0,133.0,159.0
41401,41401,288,12,10,1,0,23,309.0,142.0,142.0,167.0
41402,41402,288,12,20,1,0,23,292.0,142.0,142.0,150.0
41403,41403,288,12,30,1,0,23,268.0,108.0,108.0,160.0
41404,41404,288,12,40,1,0,23,324.0,163.0,163.0,161.0
41405,41405,288,12,50,1,0,23,354.0,175.0,175.0,179.0
41406,41406,288,13,0,1,0,23,322.0,159.0,159.0,163.0
41407,41407,288,13,10,1,0,23,292.0,133.0,133.0,159.0
41408,41408,288,13,20,1,0,23,331.0,155.0,155.0,176.0
41409,41409,288,13,30,1,0,23,315.0,163.0,163.0,152.0
41410,41410,288,13,40,1,0,23,321.0,167.0,167.0,154.0
41411,41411,288,13,50,1,0,23,289.0,130.0,130.0,159.0
41412,41412,288,14,0,1,0,23,250.0,125.0,125.0,125.0
41413,41413,288,14,10,1,0,23,310.0,155.0,155.0,155.0
41414,41414,288,14,20,1,0,23,296.0,150.0,150.0,146.0
41415,41415,288,14,30,1,0,23,286.0,131.0,131.0,155.0
41416,41416,288,14,40,1,0,23,292.0,156.0,156.0,136.0
41417,41417,288,14,50,1,0,23,316.0,144.0,144.0,172.0
41418,41418,288,15,0,1,0,23,298.0,163.0,163.0,135.0
41419,41419,288,15,10,1,0,23,318.0,117.0,117.0,201.0
41420,41420,288,15,20,1,0,23,364.0,184.0,184.0,180.0
41421,41421,288,15,30,1,0,23,366.0,164.0,164.0,202.0
41422,41422,288,15,40,1,0,23,424.0,205.0,205.0,219.0
41423,41423,288,15,50,1,0,23,418.0,162.0,162.0,256.0
41424,41424,288,16,0,1,0,23,379.0,164.0,164.0,215.0
41425,41425,288,16,10,1,0,23,444.0,194.0,194.0,250.0
41426,41426,288,16,20,1,0,23,440.0,215.0,215.0,225.0
41427,41427,288,16,30,1,0,23,545.0,212.0,212.0,333.0
41428,41428,288,16,40,1,0,23,581.0,246.0,246.0,335.0
41429,41429,288,16,50,1,0,23,616.0,288.0,288.0,328.0
41430,41430,288,17,0,1,0,23,642.0,284.0,284.0,358.0
41431,41431,288,17,10,1,0,23,684.0,324.0,324.0,360.0
41432,41432,288,17,20,1,0,23,715.0,353.0,353.0,362.0
41433,41433,288,17,30,1,0,23,748.0,502.0,502.0,246.0
41434,41434,288,17,40,1,0,23,722.0,461.0,461.0,261.0
41435,41435,288,17,50,1,0,23,754.0,502.0,502.0,252.0
41436,41436,288,18,0,1,0,23,777.0,581.0,581.0,196.0
41437,41437,288,18,10,1,0,23,747.0,555.0,555.0,192.0
41438,41438,288,18,20,1,0,23,762.0,574.0,574.0,188.0
41439,41439,288,18,30,1,0,23,836.0,687.0,687.0,149.0
41440,41440,288,18,40,1,0,23,734.0,605.0,605.0,129.0
41441,41441,288,18,50,1,0,23,749.0,627.0,627.0,122.0
41442,41442,288,19,0,1,0,23,673.0,529.0,529.0,144.0
41443,41443,288,19,10,1,0,23,517.0,372.0,372.0,145.0
41444,41444,288,19,20,1,0,23,433.0,314.0,314.0,119.0
41445,41445,288,19,30,1,0,23,362.0,267.0,267.0,95.0
41446,41446,288,19,40,1,0,23,407.0,297.0,297.0,110.0
41447,41447,288,19,50,1,0,23,289.0,192.0,192.0,97.0
41448,41448,288,20,0,1,0,23,327.0,202.0,202.0,125.0
41449,41449,288,20,10,1,0,23,293.0,166.0,166.0,127.0
41450,41450,288,20,20,1,0,23,305.0,202.0,202.0,103.0
41451,41451,288,20,30,1,0,23,308.0,191.0,191.0,117.0
41452,41452,288,20,40,1,0,23,246.0,147.0,147.0,99.0
41453,41453,288,20,50,1,0,23,345.0,198.0,198.0,147.0
41454,41454,288,21,0,1,0,23,280.0,169.0,169.0,111.0
41455,41455,288,21,10,1,0,23,298.0,173.0,173.0,125.0
41456,41456,288,21,20,1,0,23,280.0,176.0,176.0,104.0
41457,41457,288,21,30,1,0,23,295.0,189.0,189.0,106.0
41458,41458,288,21,40,1,0,23,282.0,140.0,140.0,142.0
41459,41459,288,21,50,1,0,23,249.0,148.0,148.0,101.0
41460,41460,288,22,0,1,0,23,300.0,129.0,129.0,171.0
41461,41461,288,22,10,1,0,23,246.0,145.0,145.0,101.0
41462,41462,288,22,20,1,0,23,215.0,151.0,151.0,64.0
41463,41463,288,22,30,1,0,23,126.0,111.0,111.0,15.0
41464,41464,288,22,40,1,0,23,138.0,115.0,115.0,23.0
41465,41465,288,22,50,1,0,23,72.0,68.0,68.0,4.0
41502,41502,289,5,0,1,0,23,0.0,0.0,0.0,0.0
41503,41503,289,5,10,1,0,23,0.0,0.0,0.0,0.0
41504,41504,289,5,20,1,0,23,0.0,0.0,0.0,0.0
41505,41505,289,5,30,1,0,23,1.0,0.0,0.0,1.0
41506,41506,289,5,40,1,0,23,0.0,0.0,0.0,0.0
41507,41507,289,5,50,1,0,23,4.0,2.0,2.0,2.0
41508,41508,289,6,0,1,0,23,8.0,0.0,0.0,8.0
41509,41509,289,6,10,1,0,23,14.0,7.0,7.0,7.0
41510,41510,289,6,20,1,0,23,21.0,17.0,17.0,4.0
41511,41511,289,6,30,1,0,23,15.0,12.0,12.0,3.0
41512,41512,289,6,40,1,0,23,30.0,24.0,24.0,6.0
41513,41513,289,6,50,1,0,23,52.0,49.0,49.0,3.0
41514,41514,289,7,0,1,0,23,70.0,63.0,63.0,7.0
41515,41515,289,7,10,1,0,23,76.0,63.0,63.0,13.0
41516,41516,289,7,20,1,0,23,81.0,70.0,70.0,11.0
41517,41517,289,7,30,1,0,23,77.0,65.0,65.0,12.0
41518,41518,289,7,40,1,0,23,106.0,93.0,93.0,13.0
41519,41519,289,7,50,1,0,23,133.0,115.0,115.0,18.0
41520,41520,289,8,0,1,0,23,116.0,95.0,95.0,21.0
41521,41521,289,8,10,1,0,23,131.0,113.0,113.0,18.0
41522,41522,289,8,20,1,0,23,127.0,110.0,110.0,17.0
41523,41523,289,8,30,1,0,23,161.0,147.0,147.0,14.0
41524,41524,289,8,40,1,0,23,186.0,168.0,168.0,18.0
41525,41525,289,8,50,1,0,23,193.0,179.0,179.0,14.0
41526,41526,289,9,0,1,0,23,202.0,184.0,184.0,18.0
41527,41527,289,9,10,1,0,23,202.0,195.0,195.0,7.0
41528,41528,289,9,20,1,0,23,186.0,178.0,178.0,8.0
41529,41529,289,9,30,1,0,23,161.0,152.0,152.0,9.0
41530,41530,289,9,40,1,0,23,182.0,172.0,172.0,10.0
41531,41531,289,9,50,1,0,23,143.0,135.0,135.0,8.0
41532,41532,289,10,0,1,0,23,140.0,119.0,119.0,21.0
41533,41533,289,10,10,1,0,23,133.0,114.0,114.0,19.0
41534,41534,289,10,20,1,0,23,119.0,109.0,109.0,10.0
41535,41535,289,10,30,1,0,23,149.0,128.0,128.0,21.0
41536,41536,289,10,40,1,0,23,113.0,92.0,92.0,21.0
41537,41537,289,10,50,1,0,23,135.0,107.0,107.0,28.0
41538,41538,289,11,0,1,0,23,120.0,105.0,105.0,15.0
41539,41539,289,11,10,1,0,23,109.0,84.0,84.0,25.0
41540,41540,289,11,20,1,0,23,114.0,84.0,84.0,30.0
41541,41541,289,11,30,1,0,23,101.0,72.0,72.0,29.0
41542,41542,289,11,40,1,0,23,114.0,67.0,67.0,47.0
41543,41543,289,11,50,1,0,23,137.0,82.0,82.0,55.0
41544,41544,289,12,0,1,0,23,122.0,71.0,71.0,51.0
41545,41545,289,12,10,1,0,23,155.0,93.0,93.0,62.0
41546,41546,289,12,20,1,0,23,141.0,73.0,73.0,68.0
41547,41547,289,12,30,1,0,23,152.0,80.0,80.0,72.0
41548,41548,289,12,40,1,0,23,149.0,81.0,81.0,68.0
41549,41549,289,12,50,1,0,23,187.0,127.0,127.0,60.0
41550,41550,289,13,0,1,0,23,155.0,70.0,70.0,85.0
41551,41551,289,13,10,1,0,23,156.0,101.0,101.0,55.0
41552,41552,289,13,20,1,0,23,170.0,96.0,96.0,74.0
41553,41553,289,13,30,1,0,23,222.0,148.0,148.0,74.0
41554,41554,289,13,40,1,0,23,172.0,111.0,111.0,61.0
41555,41555,289,13,50,1,0,23,153.0,75.0,75.0,78.0
41556,41556,289,14,0,1,0,23,141.0,68.0,68.0,73.0
41557,41557,289,14,10,1,0,23,191.0,94.0,94.0,97.0
41558,41558,289,14,20,1,0,23,145.0,66.0,66.0,79.0
41559,41559,289,14,30,1,0,23,192.0,80.0,80.0,112.0
41560,41560,289,14,40,1,0,23,132.0,56.0,56.0,76.0
41561,41561,289,14,50,1,0,23,147.0,43.0,43.0,104.0
41562,41562,289,15,0,1,0,23,141.0,50.0,50.0,91.0
41563,41563,289,15,10,1,0,23,148.0,54.0,54.0,94.0
41564,41564,289,15,20,1,0,23,139.0,30.0,30.0,109.0
41565,41565,289,15,30,1,0,23,193.0,79.0,79.0,114.0
41566,41566,289,15,40,1,0,23,139.0,31.0,31.0,108.0
41567,41567,289,15,50,1,0,23,163.0,58.0,58.0,105.0
41568,41568,289,16,0,1,0,23,165.0,45.0,45.0,120.0
41569,41569,289,16,10,1,0,23,197.0,48.0,48.0,149.0
41570,41570,289,16,20,1,0,23,181.0,50.0,50.0,131.0
41571,41571,289,16,30,1,0,23,160.0,42.0,42.0,118.0
41572,41572,289,16,40,1,0,23,214.0,48.0,48.0,166.0
41573,41573,289,16,50,1,0,23,236.0,56.0,56.0,180.0
41574,41574,289,17,0,1,0,23,287.0,58.0,58.0,229.0
41575,41575,289,17,10,1,0,23,316.0,76.0,76.0,240.0
41576,41576,289,17,20,1,0,23,240.0,55.0,55.0,185.0
41577,41577,289,17,30,1,0,23,218.0,84.0,84.0,134.0
41578,41578,289,17,40,1,0,23,207.0,55.0,55.0,152.0
41579,41579,289,17,50,1,0,23,201.0,106.0,106.0,95.0
41580,41580,289,18,0,1,0,23,199.0,128.0,128.0,71.0
41581,41581,289,18,10,1,0,23,183.0,109.0,109.0,74.0
41582,41582,289,18,20,1,0,23,163.0,110.0,110.0,53.0
41583,41583,289,18,30,1,0,23,150.0,88.0,88.0,62.0
41584,41584,289,18,40,1,0,23,153.0,102.0,102.0,51.0
41585,41585,289,18,50,1,0,23,154.0,108.0,108.0,46.0
41586,41586,289,19,0,1,0,23,124.0,77.0,77.0,47.0
41587,41587,289,19,10,1,0,23,109.0,54.0,54.0,55.0
41588,41588,289,19,20,1,0,23,98.0,56.0,56.0,42.0
41589,41589,289,19,30,1,0,23,79.0,39.0,39.0,40.0
41590,41590,289,19,40,1,0,23,92.0,29.0,29.0,63.0
41591,41591,289,19,50,1,0,23,73.0,28.0,28.0,45.0
41592,41592,289,20,0,1,0,23,95.0,20.0,20.0,75.0
41593,41593,289,20,10,1,0,23,68.0,17.0,17.0,51.0
41594,41594,289,20,20,1,0,23,50.0,13.0,13.0,37.0
41595,41595,289,20,30,1,0,23,76.0,13.0,13.0,63.0
41596,41596,289,20,40,1,0,23,74.0,7.0,7.0,67.0
41597,41597,289,20,50,1,0,23,72.0,9.0,9.0,63.0
41598,41598,289,21,0,1,0,23,94.0,11.0,11.0,83.0
41599,41599,289,21,10,1,0,23,93.0,11.0,11.0,82.0
41600,41600,289,21,20,1,0,23,118.0,3.0,3.0,115.0
41601,41601,289,21,30,1,0,23,92.0,3.0,3.0,89.0
41602,41602,289,21,40,1,0,23,92.0,4.0,4.0,88.0
41603,41603,289,21,50,1,0,23,97.0,5.0,5.0,92.0
41604,41604,289,22,0,1,0,23,132.0,3.0,3.0,129.0
41605,41605,289,22,10,1,0,23,59.0,3.0,3.0,56.0
41606,41606,289,22,20,1,0,23,25.0,7.0,7.0,18.0
41607,41607,289,22,30,1,0,23,23.0,2.0,2.0,21.0
41608,41608,289,22,40,1,0,23,6.0,3.0,3.0,3.0
41609,41609,289,22,50,1,0,23,8.0,6.0,6.0,2.0
41646,41646,290,5,0,1,0,23,0.0,0.0,0.0,0.0
41647,41647,290,5,10,1,0,23,1.0,1.0,1.0,0.0
41648,41648,290,5,20,1,0,23,1.0,0.0,0.0,1.0
41649,41649,290,5,30,1,0,23,8.0,0.0,0.0,8.0
41650,41650,290,5,40,1,0,23,24.0,0.0,0.0,24.0
41651,41651,290,5,50,1,0,23,29.0,5.0,5.0,24.0
41652,41652,290,6,0,1,0,23,49.0,4.0,4.0,45.0
41653,41653,290,6,10,1,0,23,69.0,8.0,8.0,61.0
41654,41654,290,6,20,1,0,23,84.0,12.0,12.0,72.0
41655,41655,290,6,30,1,0,23,132.0,26.0,26.0,106.0
41656,41656,290,6,40,1,0,23,158.0,38.0,38.0,120.0
41657,41657,290,6,50,1,0,23,195.0,51.0,51.0,144.0
41658,41658,290,7,0,1,0,23,260.0,79.0,79.0,181.0
41659,41659,290,7,10,1,0,23,314.0,107.0,107.0,207.0
41660,41660,290,7,20,1,0,23,344.0,148.0,148.0,196.0
41661,41661,290,7,30,1,0,23,393.0,157.0,157.0,236.0
41662,41662,290,7,40,1,0,23,514.0,188.0,188.0,326.0
41663,41663,290,7,50,1,0,23,555.0,222.0,222.0,333.0
41664,41664,290,8,0,1,0,23,641.0,243.0,243.0,398.0
41665,41665,290,8,10,1,0,23,647.0,278.0,278.0,369.0
41666,41666,290,8,20,1,0,23,613.0,217.0,217.0,396.0
41667,41667,290,8,30,1,0,23,542.0,224.0,224.0,318.0
41668,41668,290,8,40,1,0,23,536.0,220.0,220.0,316.0
41669,41669,290,8,50,1,0,23,486.0,214.0,214.0,272.0
41670,41670,290,9,0,1,0,23,407.0,189.0,189.0,218.0
41671,41671,290,9,10,1,0,23,348.0,145.0,145.0,203.0
41672,41672,290,9,20,1,0,23,296.0,103.0,103.0,193.0
41673,41673,290,9,30,1,0,23,290.0,133.0,133.0,157.0
41674,41674,290,9,40,1,0,23,257.0,104.0,104.0,153.0
41675,41675,290,9,50,1,0,23,190.0,87.0,87.0,103.0
41676,41676,290,10,0,1,0,23,184.0,76.0,76.0,108.0
41677,41677,290,10,10,1,0,23,170.0,77.0,77.0,93.0
41678,41678,290,10,20,1,0,23,167.0,62.0,62.0,105.0
41679,41679,290,10,30,1,0,23,145.0,54.0,54.0,91.0
41680,41680,290,10,40,1,0,23,181.0,80.0,80.0,101.0
41681,41681,290,10,50,1,0,23,150.0,68.0,68.0,82.0
41682,41682,290,11,0,1,0,23,163.0,88.0,88.0,75.0
41683,41683,290,11,10,1,0,23,144.0,42.0,42.0,102.0
41684,41684,290,11,20,1,0,23,154.0,65.0,65.0,89.0
41685,41685,290,11,30,1,0,23,138.0,69.0,69.0,69.0
41686,41686,290,11,40,1,0,23,134.0,71.0,71.0,63.0
41687,41687,290,11,50,1,0,23,134.0,72.0,72.0,62.0
41688,41688,290,12,0,1,0,23,147.0,69.0,69.0,78.0
41689,41689,290,12,10,1,0,23,189.0,86.0,86.0,103.0
41690,41690,290,12,20,1,0,23,163.0,86.0,86.0,77.0
41691,41691,290,12,30,1,0,23,150.0,51.0,51.0,99.0
41692,41692,290,12,40,1,0,23,184.0,106.0,106.0,78.0
41693,41693,290,12,50,1,0,23,150.0,48.0,48.0,102.0
41694,41694,290,13,0,1,0,23,172.0,86.0,86.0,86.0
41695,41695,290,13,10,1,0,23,147.0,60.0,60.0,87.0
41696,41696,290,13,20,1,0,23,182.0,89.0,89.0,93.0
41697,41697,290,13,30,1,0,23,161.0,73.0,73.0,88.0
41698,41698,290,13,40,1,0,23,165.0,87.0,87.0,78.0
41699,41699,290,13,50,1,0,23,167.0,66.0,66.0,101.0
41700,41700,290,14,0,1,0,23,148.0,72.0,72.0,76.0
41701,41701,290,14,10,1,0,23,184.0,75.0,75.0,109.0
41702,41702,290,14,20,1,0,23,191.0,82.0,82.0,109.0
41703,41703,290,14,30,1,0,23,185.0,72.0,72.0,113.0
41704,41704,290,14,40,1,0,23,207.0,85.0,85.0,122.0
41705,41705,290,14,50,1,0,23,162.0,61.0,61.0,101.0
41706,41706,290,15,0,1,0,23,163.0,80.0,80.0,83.0
41707,41707,290,15,10,1,0,23,180.0,80.0,80.0,100.0
41708,41708,290,15,20,1,0,23,205.0,97.0,97.0,108.0
41709,41709,290,15,30,1,0,23,145.0,64.0,64.0,81.0
41710,41710,290,15,40,1,0,23,185.0,104.0,104.0,81.0
41711,41711,290,15,50,1,0,23,147.0,77.0,77.0,70.0
41712,41712,290,16,0,1,0,23,230.0,124.0,124.0,106.0
41713,41713,290,16,10,1,0,23,230.0,124.0,124.0,106.0
41714,41714,290,16,20,1,0,23,207.0,123.0,123.0,84.0
41715,41715,290,16,30,1,0,23,235.0,83.0,83.0,152.0
41716,41716,290,16,40,1,0,23,347.0,129.0,129.0,218.0
41717,41717,290,16,50,1,0,23,283.0,121.0,121.0,162.0
41718,41718,290,17,0,1,0,23,405.0,158.0,158.0,247.0
41719,41719,290,17,10,1,0,23,405.0,160.0,160.0,245.0
41720,41720,290,17,20,1,0,23,387.0,197.0,197.0,190.0
41721,41721,290,17,30,1,0,23,411.0,250.0,250.0,161.0
41722,41722,290,17,40,1,0,23,417.0,225.0,225.0,192.0
41723,41723,290,17,50,1,0,23,431.0,257.0,257.0,174.0
41724,41724,290,18,0,1,0,23,421.0,262.0,262.0,159.0
41725,41725,290,18,10,1,0,23,551.0,331.0,331.0,220.0
41726,41726,290,18,20,1,0,23,417.0,277.0,277.0,140.0
41727,41727,290,18,30,1,0,23,367.0,243.0,243.0,124.0
41728,41728,290,18,40,1,0,23,396.0,283.0,283.0,113.0
41729,41729,290,18,50,1,0,23,327.0,222.0,222.0,105.0
41730,41730,290,19,0,1,0,23,308.0,202.0,202.0,106.0
41731,41731,290,19,10,1,0,23,266.0,187.0,187.0,79.0
41732,41732,290,19,20,1,0,23,204.0,143.0,143.0,61.0
41733,41733,290,19,30,1,0,23,203.0,135.0,135.0,68.0
41734,41734,290,19,40,1,0,23,201.0,130.0,130.0,71.0
41735,41735,290,19,50,1,0,23,162.0,96.0,96.0,66.0
41736,41736,290,20,0,1,0,23,179.0,100.0,100.0,79.0
41737,41737,290,20,10,1,0,23,177.0,91.0,91.0,86.0
41738,41738,290,20,20,1,0,23,203.0,149.0,149.0,54.0
41739,41739,290,20,30,1,0,23,184.0,110.0,110.0,74.0
41740,41740,290,20,40,1,0,23,128.0,85.0,85.0,43.0
41741,41741,290,20,50,1,0,23,183.0,116.0,116.0,67.0
41742,41742,290,21,0,1,0,23,201.0,141.0,141.0,60.0
41743,41743,290,21,10,1,0,23,160.0,96.0,96.0,64.0
41744,41744,290,21,20,1,0,23,172.0,108.0,108.0,64.0
41745,41745,290,21,30,1,0,23,159.0,107.0,107.0,52.0
41746,41746,290,21,40,1,0,23,194.0,137.0,137.0,57.0
41747,41747,290,21,50,1,0,23,149.0,107.0,107.0,42.0
41748,41748,290,22,0,1,0,23,140.0,100.0,100.0,40.0
41749,41749,290,22,10,1,0,23,125.0,106.0,106.0,19.0
41750,41750,290,22,20,1,0,23,133.0,119.0,119.0,14.0
41751,41751,290,22,30,1,0,23,108.0,94.0,94.0,14.0
41752,41752,290,22,40,1,0,23,71.0,65.0,65.0,6.0
41753,41753,290,22,50,1,0,23,55.0,51.0,51.0,4.0
41790,41790,291,5,0,1,0,23,0.0,0.0,0.0,0.0
41791,41791,291,5,10,1,0,23,0.0,0.0,0.0,0.0
41792,41792,291,5,20,1,0,23,2.0,0.0,0.0,2.0
41793,41793,291,5,30,1,0,23,4.0,0.0,0.0,4.0
41794,41794,291,5,40,1,0,23,14.0,0.0,0.0,14.0
41795,41795,291,5,50,1,0,23,23.0,8.0,8.0,15.0
41796,41796,291,6,0,1,0,23,38.0,15.0,15.0,23.0
41797,41797,291,6,10,1,0,23,62.0,17.0,17.0,45.0
41798,41798,291,6,20,1,0,23,68.0,36.0,36.0,32.0
41799,41799,291,6,30,1,0,23,132.0,58.0,58.0,74.0
41800,41800,291,6,40,1,0,23,194.0,100.0,100.0,94.0
41801,41801,291,6,50,1,0,23,253.0,106.0,106.0,147.0
41802,41802,291,7,0,1,0,23,298.0,151.0,151.0,147.0
41803,41803,291,7,10,1,0,23,466.0,279.0,279.0,187.0
41804,41804,291,7,20,1,0,23,653.0,432.0,432.0,221.0
41805,41805,291,7,30,1,0,23,987.0,769.0,769.0,218.0
41806,41806,291,7,40,1,0,23,1345.0,1034.0,1034.0,311.0
41807,41807,291,7,50,1,0,23,2076.0,1719.0,1719.0,357.0
41808,41808,291,8,0,1,0,23,2647.0,2331.0,2331.0,316.0
41809,41809,291,8,10,1,0,23,3025.0,2704.0,2704.0,321.0
41810,41810,291,8,20,1,0,23,3500.0,3156.0,3156.0,344.0
41811,41811,291,8,30,1,0,23,4484.0,4175.0,4175.0,309.0
41812,41812,291,8,40,1,0,23,4581.0,4298.0,4298.0,283.0
41813,41813,291,8,50,1,0,23,3835.0,3641.0,3641.0,194.0
41814,41814,291,9,0,1,0,23,3142.0,2935.0,2935.0,207.0
41815,41815,291,9,10,1,0,23,2515.0,2322.0,2322.0,193.0
41816,41816,291,9,20,1,0,23,1825.0,1680.0,1680.0,145.0
41817,41817,291,9,30,1,0,23,1269.0,1108.0,1108.0,161.0
41818,41818,291,9,40,1,0,23,1262.0,1108.0,1108.0,154.0
41819,41819,291,9,50,1,0,23,963.0,818.0,818.0,145.0
41820,41820,291,10,0,1,0,23,596.0,496.0,496.0,100.0
41821,41821,291,10,10,1,0,23,543.0,418.0,418.0,125.0
41822,41822,291,10,20,1,0,23,379.0,235.0,235.0,144.0
41823,41823,291,10,30,1,0,23,377.0,234.0,234.0,143.0
41824,41824,291,10,40,1,0,23,428.0,253.0,253.0,175.0
41825,41825,291,10,50,1,0,23,339.0,191.0,191.0,148.0
41826,41826,291,11,0,1,0,23,336.0,169.0,169.0,167.0
41827,41827,291,11,10,1,0,23,348.0,145.0,145.0,203.0
41828,41828,291,11,20,1,0,23,285.0,93.0,93.0,192.0
41829,41829,291,11,30,1,0,23,368.0,141.0,141.0,227.0
41830,41830,291,11,40,1,0,23,338.0,114.0,114.0,224.0
41831,41831,291,11,50,1,0,23,356.0,156.0,156.0,200.0
41832,41832,291,12,0,1,0,23,364.0,130.0,130.0,234.0
41833,41833,291,12,10,1,0,23,356.0,109.0,109.0,247.0
41834,41834,291,12,20,1,0,23,359.0,161.0,161.0,198.0
41835,41835,291,12,30,1,0,23,431.0,211.0,211.0,220.0
41836,41836,291,12,40,1,0,23,401.0,230.0,230.0,171.0
41837,41837,291,12,50,1,0,23,408.0,227.0,227.0,181.0
41838,41838,291,13,0,1,0,23,401.0,226.0,226.0,175.0
41839,41839,291,13,10,1,0,23,412.0,232.0,232.0,180.0
41840,41840,291,13,20,1,0,23,422.0,246.0,246.0,176.0
41841,41841,291,13,30,1,0,23,415.0,224.0,224.0,191.0
41842,41842,291,13,40,1,0,23,406.0,252.0,252.0,154.0
41843,41843,291,13,50,1,0,23,367.0,197.0,197.0,170.0
41844,41844,291,14,0,1,0,23,341.0,156.0,156.0,185.0
41845,41845,291,14,10,1,0,23,393.0,191.0,191.0,202.0
41846,41846,291,14,20,1,0,23,335.0,164.0,164.0,171.0
41847,41847,291,14,30,1,0,23,325.0,149.0,149.0,176.0
41848,41848,291,14,40,1,0,23,385.0,186.0,186.0,199.0
41849,41849,291,14,50,1,0,23,296.0,113.0,113.0,183.0
41850,41850,291,15,0,1,0,23,312.0,128.0,128.0,184.0
41851,41851,291,15,10,1,0,23,360.0,149.0,149.0,211.0
41852,41852,291,15,20,1,0,23,316.0,144.0,144.0,172.0
41853,41853,291,15,30,1,0,23,360.0,98.0,98.0,262.0
41854,41854,291,15,40,1,0,23,377.0,143.0,143.0,234.0
41855,41855,291,15,50,1,0,23,368.0,125.0,125.0,243.0
41856,41856,291,16,0,1,0,23,407.0,127.0,127.0,280.0
41857,41857,291,16,10,1,0,23,462.0,154.0,154.0,308.0
41858,41858,291,16,20,1,0,23,463.0,166.0,166.0,297.0
41859,41859,291,16,30,1,0,23,493.0,147.0,147.0,346.0
41860,41860,291,16,40,1,0,23,546.0,134.0,134.0,412.0
41861,41861,291,16,50,1,0,23,720.0,167.0,167.0,553.0
41862,41862,291,17,0,1,0,23,1030.0,205.0,205.0,825.0
41863,41863,291,17,10,1,0,23,1783.0,158.0,158.0,1625.0
41864,41864,291,17,20,1,0,23,1523.0,199.0,199.0,1324.0
41865,41865,291,17,30,1,0,23,2038.0,207.0,207.0,1831.0
41866,41866,291,17,40,1,0,23,2869.0,213.0,213.0,2656.0
41867,41867,291,17,50,1,0,23,2328.0,185.0,185.0,2143.0
41868,41868,291,18,0,1,0,23,2273.0,251.0,251.0,2022.0
41869,41869,291,18,10,1,0,23,2784.0,282.0,282.0,2502.0
41870,41870,291,18,20,1,0,23,2347.0,221.0,221.0,2126.0
41871,41871,291,18,30,1,0,23,1759.0,196.0,196.0,1563.0
41872,41872,291,18,40,1,0,23,1781.0,280.0,280.0,1501.0
41873,41873,291,18,50,1,0,23,1528.0,255.0,255.0,1273.0
41874,41874,291,19,0,1,0,23,1212.0,211.0,211.0,1001.0
41875,41875,291,19,10,1,0,23,996.0,175.0,175.0,821.0
41876,41876,291,19,20,1,0,23,828.0,157.0,157.0,671.0
41877,41877,291,19,30,1,0,23,748.0,162.0,162.0,586.0
41878,41878,291,19,40,1,0,23,721.0,113.0,113.0,608.0
41879,41879,291,19,50,1,0,23,611.0,128.0,128.0,483.0
41880,41880,291,20,0,1,0,23,583.0,115.0,115.0,468.0
41881,41881,291,20,10,1,0,23,853.0,121.0,121.0,732.0
41882,41882,291,20,20,1,0,23,627.0,75.0,75.0,552.0
41883,41883,291,20,30,1,0,23,527.0,104.0,104.0,423.0
41884,41884,291,20,40,1,0,23,523.0,103.0,103.0,420.0
41885,41885,291,20,50,1,0,23,455.0,72.0,72.0,383.0
41886,41886,291,21,0,1,0,23,417.0,66.0,66.0,351.0
41887,41887,291,21,10,1,0,23,543.0,104.0,104.0,439.0
41888,41888,291,21,20,1,0,23,441.0,96.0,96.0,345.0
41889,41889,291,21,30,1,0,23,366.0,77.0,77.0,289.0
41890,41890,291,21,40,1,0,23,326.0,118.0,118.0,208.0
41891,41891,291,21,50,1,0,23,239.0,75.0,75.0,164.0
41892,41892,291,22,0,1,0,23,214.0,84.0,84.0,130.0
41893,41893,291,22,10,1,0,23,240.0,77.0,77.0,163.0
41894,41894,291,22,20,1,0,23,179.0,60.0,60.0,119.0
41895,41895,291,22,30,1,0,23,112.0,44.0,44.0,68.0
41896,41896,291,22,40,1,0,23,80.0,49.0,49.0,31.0
41897,41897,291,22,50,1,0,23,67.0,36.0,36.0,31.0
41934,41934,292,5,0,1,0,23,0.0,0.0,0.0,0.0
41935,41935,292,5,10,1,0,23,1.0,0.0,0.0,1.0
41936,41936,292,5,20,1,0,23,2.0,0.0,0.0,2.0
41937,41937,292,5,30,1,0,23,4.0,0.0,0.0,4.0
41938,41938,292,5,40,1,0,23,7.0,2.0,2.0,5.0
41939,41939,292,5,50,1,0,23,16.0,0.0,0.0,16.0
41940,41940,292,6,0,1,0,23,23.0,11.0,11.0,12.0
41941,41941,292,6,10,1,0,23,64.0,39.0,39.0,25.0
41942,41942,292,6,20,1,0,23,78.0,40.0,40.0,38.0
41943,41943,292,6,30,1,0,23,109.0,73.0,73.0,36.0
41944,41944,292,6,40,1,0,23,227.0,176.0,176.0,51.0
41945,41945,292,6,50,1,0,23,282.0,226.0,226.0,56.0
41946,41946,292,7,0,1,0,23,378.0,305.0,305.0,73.0
41947,41947,292,7,10,1,0,23,498.0,399.0,399.0,99.0
41948,41948,292,7,20,1,0,23,519.0,425.0,425.0,94.0
41949,41949,292,7,30,1,0,23,508.0,367.0,367.0,141.0
41950,41950,292,7,40,1,0,23,691.0,523.0,523.0,168.0
41951,41951,292,7,50,1,0,23,844.0,618.0,618.0,226.0
41952,41952,292,8,0,1,0,23,853.0,625.0,625.0,228.0
41953,41953,292,8,10,1,0,23,1148.0,895.0,895.0,253.0
41954,41954,292,8,20,1,0,23,1413.0,1148.0,1148.0,265.0
41955,41955,292,8,30,1,0,23,1363.0,1078.0,1078.0,285.0
41956,41956,292,8,40,1,0,23,1762.0,1543.0,1543.0,219.0
41957,41957,292,8,50,1,0,23,1617.0,1383.0,1383.0,234.0
41958,41958,292,9,0,1,0,23,1255.0,1009.0,1009.0,246.0
41959,41959,292,9,10,1,0,23,971.0,746.0,746.0,225.0
41960,41960,292,9,20,1,0,23,927.0,722.0,722.0,205.0
41961,41961,292,9,30,1,0,23,969.0,772.0,772.0,197.0
41962,41962,292,9,40,1,0,23,694.0,516.0,516.0,178.0
41963,41963,292,9,50,1,0,23,769.0,570.0,570.0,199.0
41964,41964,292,10,0,1,0,23,707.0,516.0,516.0,191.0
41965,41965,292,10,10,1,0,23,550.0,366.0,366.0,184.0
41966,41966,292,10,20,1,0,23,566.0,369.0,369.0,197.0
41967,41967,292,10,30,1,0,23,508.0,329.0,329.0,179.0
41968,41968,292,10,40,1,0,23,518.0,341.0,341.0,177.0
41969,41969,292,10,50,1,0,23,552.0,370.0,370.0,182.0
41970,41970,292,11,0,1,0,23,492.0,289.0,289.0,203.0
41971,41971,292,11,10,1,0,23,451.0,244.0,244.0,207.0
41972,41972,292,11,20,1,0,23,499.0,288.0,288.0,211.0
41973,41973,292,11,30,1,0,23,512.0,299.0,299.0,213.0
41974,41974,292,11,40,1,0,23,545.0,316.0,316.0,229.0
41975,41975,292,11,50,1,0,23,550.0,336.0,336.0,214.0
41976,41976,292,12,0,1,0,23,484.0,272.0,272.0,212.0
41977,41977,292,12,10,1,0,23,524.0,287.0,287.0,237.0
41978,41978,292,12,20,1,0,23,583.0,319.0,319.0,264.0
41979,41979,292,12,30,1,0,23,499.0,280.0,280.0,219.0
41980,41980,292,12,40,1,0,23,657.0,386.0,386.0,271.0
41981,41981,292,12,50,1,0,23,615.0,326.0,326.0,289.0
41982,41982,292,13,0,1,0,23,527.0,241.0,241.0,286.0
41983,41983,292,13,10,1,0,23,586.0,307.0,307.0,279.0
41984,41984,292,13,20,1,0,23,515.0,259.0,259.0,256.0
41985,41985,292,13,30,1,0,23,592.0,305.0,305.0,287.0
41986,41986,292,13,40,1,0,23,584.0,311.0,311.0,273.0
41987,41987,292,13,50,1,0,23,582.0,279.0,279.0,303.0
41988,41988,292,14,0,1,0,23,530.0,241.0,241.0,289.0
41989,41989,292,14,10,1,0,23,569.0,255.0,255.0,314.0
41990,41990,292,14,20,1,0,23,522.0,220.0,220.0,302.0
41991,41991,292,14,30,1,0,23,584.0,283.0,283.0,301.0
41992,41992,292,14,40,1,0,23,591.0,292.0,292.0,299.0
41993,41993,292,14,50,1,0,23,550.0,220.0,220.0,330.0
41994,41994,292,15,0,1,0,23,584.0,252.0,252.0,332.0
41995,41995,292,15,10,1,0,23,577.0,207.0,207.0,370.0
41996,41996,292,15,20,1,0,23,589.0,199.0,199.0,390.0
41997,41997,292,15,30,1,0,23,669.0,273.0,273.0,396.0
41998,41998,292,15,40,1,0,23,660.0,253.0,253.0,407.0
41999,41999,292,15,50,1,0,23,663.0,287.0,287.0,376.0
42000,42000,292,16,0,1,0,23,613.0,221.0,221.0,392.0
42001,42001,292,16,10,1,0,23,663.0,198.0,198.0,465.0
42002,42002,292,16,20,1,0,23,635.0,197.0,197.0,438.0
42003,42003,292,16,30,1,0,23,688.0,240.0,240.0,448.0
42004,42004,292,16,40,1,0,23,755.0,237.0,237.0,518.0
42005,42005,292,16,50,1,0,23,775.0,299.0,299.0,476.0
42006,42006,292,17,0,1,0,23,980.0,316.0,316.0,664.0
42007,42007,292,17,10,1,0,23,1145.0,285.0,285.0,860.0
42008,42008,292,17,20,1,0,23,1134.0,422.0,422.0,712.0
42009,42009,292,17,30,1,0,23,1261.0,462.0,462.0,799.0
42010,42010,292,17,40,1,0,23,1546.0,459.0,459.0,1087.0
42011,42011,292,17,50,1,0,23,1336.0,492.0,492.0,844.0
42012,42012,292,18,0,1,0,23,1329.0,561.0,561.0,768.0
42013,42013,292,18,10,1,0,23,1504.0,527.0,527.0,977.0
42014,42014,292,18,20,1,0,23,1156.0,439.0,439.0,717.0
42015,42015,292,18,30,1,0,23,1170.0,541.0,541.0,629.0
42016,42016,292,18,40,1,0,23,1085.0,515.0,515.0,570.0
42017,42017,292,18,50,1,0,23,1065.0,492.0,492.0,573.0
42018,42018,292,19,0,1,0,23,768.0,268.0,268.0,500.0
42019,42019,292,19,10,1,0,23,744.0,322.0,322.0,422.0
42020,42020,292,19,20,1,0,23,718.0,323.0,323.0,395.0
42021,42021,292,19,30,1,0,23,594.0,195.0,195.0,399.0
42022,42022,292,19,40,1,0,23,574.0,149.0,149.0,425.0
42023,42023,292,19,50,1,0,23,515.0,160.0,160.0,355.0
42024,42024,292,20,0,1,0,23,571.0,149.0,149.0,422.0
42025,42025,292,20,10,1,0,23,591.0,118.0,118.0,473.0
42026,42026,292,20,20,1,0,23,489.0,106.0,106.0,383.0
42027,42027,292,20,30,1,0,23,562.0,120.0,120.0,442.0
42028,42028,292,20,40,1,0,23,571.0,101.0,101.0,470.0
42029,42029,292,20,50,1,0,23,556.0,82.0,82.0,474.0
42030,42030,292,21,0,1,0,23,520.0,84.0,84.0,436.0
42031,42031,292,21,10,1,0,23,514.0,95.0,95.0,419.0
42032,42032,292,21,20,1,0,23,502.0,91.0,91.0,411.0
42033,42033,292,21,30,1,0,23,412.0,71.0,71.0,341.0
42034,42034,292,21,40,1,0,23,394.0,80.0,80.0,314.0
42035,42035,292,21,50,1,0,23,404.0,90.0,90.0,314.0
42036,42036,292,22,0,1,0,23,409.0,55.0,55.0,354.0
42037,42037,292,22,10,1,0,23,291.0,51.0,51.0,240.0
42038,42038,292,22,20,1,0,23,201.0,53.0,53.0,148.0
42039,42039,292,22,30,1,0,23,153.0,69.0,69.0,84.0
42040,42040,292,22,40,1,0,23,73.0,29.0,29.0,44.0
42041,42041,292,22,50,1,0,23,7.0,6.0,6.0,1.0
42078,42078,293,5,0,1,0,23,0.0,0.0,0.0,0.0
42079,42079,293,5,10,1,0,23,0.0,0.0,0.0,0.0
42080,42080,293,5,20,1,0,23,0.0,0.0,0.0,0.0
42081,42081,293,5,30,1,0,23,1.0,1.0,1.0,0.0
42082,42082,293,5,40,1,0,23,14.0,0.0,0.0,14.0
42083,42083,293,5,50,1,0,23,32.0,0.0,0.0,32.0
42084,42084,293,6,0,1,0,23,21.0,0.0,0.0,21.0
42085,42085,293,6,10,1,0,23,45.0,5.0,5.0,40.0
42086,42086,293,6,20,1,0,23,52.0,4.0,4.0,48.0
42087,42087,293,6,30,1,0,23,101.0,31.0,31.0,70.0
42088,42088,293,6,40,1,0,23,107.0,27.0,27.0,80.0
42089,42089,293,6,50,1,0,23,133.0,22.0,22.0,111.0
42090,42090,293,7,0,1,0,23,115.0,38.0,38.0,77.0
42091,42091,293,7,10,1,0,23,209.0,26.0,26.0,183.0
42092,42092,293,7,20,1,0,23,238.0,69.0,69.0,169.0
42093,42093,293,7,30,1,0,23,229.0,49.0,49.0,180.0
42094,42094,293,7,40,1,0,23,292.0,76.0,76.0,216.0
42095,42095,293,7,50,1,0,23,375.0,100.0,100.0,275.0
42096,42096,293,8,0,1,0,23,305.0,87.0,87.0,218.0
42097,42097,293,8,10,1,0,23,292.0,97.0,97.0,195.0
42098,42098,293,8,20,1,0,23,231.0,104.0,104.0,127.0
42099,42099,293,8,30,1,0,23,189.0,98.0,98.0,91.0
42100,42100,293,8,40,1,0,23,217.0,96.0,96.0,121.0
42101,42101,293,8,50,1,0,23,141.0,83.0,83.0,58.0
42102,42102,293,9,0,1,0,23,182.0,84.0,84.0,98.0
42103,42103,293,9,10,1,0,23,74.0,34.0,34.0,40.0
42104,42104,293,9,20,1,0,23,117.0,79.0,79.0,38.0
42105,42105,293,9,30,1,0,23,118.0,80.0,80.0,38.0
42106,42106,293,9,40,1,0,23,78.0,51.0,51.0,27.0
42107,42107,293,9,50,1,0,23,100.0,65.0,65.0,35.0
42108,42108,293,10,0,1,0,23,71.0,42.0,42.0,29.0
42109,42109,293,10,10,1,0,23,62.0,39.0,39.0,23.0
42110,42110,293,10,20,1,0,23,109.0,79.0,79.0,30.0
42111,42111,293,10,30,1,0,23,98.0,65.0,65.0,33.0
42112,42112,293,10,40,1,0,23,58.0,31.0,31.0,27.0
42113,42113,293,10,50,1,0,23,76.0,45.0,45.0,31.0
42114,42114,293,11,0,1,0,23,58.0,34.0,34.0,24.0
42115,42115,293,11,10,1,0,23,91.0,42.0,42.0,49.0
42116,42116,293,11,20,1,0,23,63.0,38.0,38.0,25.0
42117,42117,293,11,30,1,0,23,55.0,28.0,28.0,27.0
42118,42118,293,11,40,1,0,23,72.0,32.0,32.0,40.0
42119,42119,293,11,50,1,0,23,65.0,25.0,25.0,40.0
42120,42120,293,12,0,1,0,23,68.0,27.0,27.0,41.0
42121,42121,293,12,10,1,0,23,83.0,42.0,42.0,41.0
42122,42122,293,12,20,1,0,23,46.0,22.0,22.0,24.0
42123,42123,293,12,30,1,0,23,67.0,23.0,23.0,44.0
42124,42124,293,12,40,1,0,23,67.0,30.0,30.0,37.0
42125,42125,293,12,50,1,0,23,54.0,27.0,27.0,27.0
42126,42126,293,13,0,1,0,23,56.0,26.0,26.0,30.0
42127,42127,293,13,10,1,0,23,73.0,29.0,29.0,44.0
42128,42128,293,13,20,1,0,23,59.0,20.0,20.0,39.0
42129,42129,293,13,30,1,0,23,52.0,20.0,20.0,32.0
42130,42130,293,13,40,1,0,23,74.0,29.0,29.0,45.0
42131,42131,293,13,50,1,0,23,50.0,30.0,30.0,20.0
42132,42132,293,14,0,1,0,23,77.0,22.0,22.0,55.0
42133,42133,293,14,10,1,0,23,68.0,22.0,22.0,46.0
42134,42134,293,14,20,1,0,23,50.0,17.0,17.0,33.0
42135,42135,293,14,30,1,0,23,54.0,29.0,29.0,25.0
42136,42136,293,14,40,1,0,23,83.0,26.0,26.0,57.0
42137,42137,293,14,50,1,0,23,67.0,28.0,28.0,39.0
42138,42138,293,15,0,1,0,23,87.0,23.0,23.0,64.0
42139,42139,293,15,10,1,0,23,81.0,23.0,23.0,58.0
42140,42140,293,15,20,1,0,23,74.0,21.0,21.0,53.0
42141,42141,293,15,30,1,0,23,60.0,24.0,24.0,36.0
42142,42142,293,15,40,1,0,23,108.0,53.0,53.0,55.0
42143,42143,293,15,50,1,0,23,73.0,33.0,33.0,40.0
42144,42144,293,16,0,1,0,23,59.0,24.0,24.0,35.0
42145,42145,293,16,10,1,0,23,114.0,30.0,30.0,84.0
42146,42146,293,16,20,1,0,23,75.0,26.0,26.0,49.0
42147,42147,293,16,30,1,0,23,67.0,19.0,19.0,48.0
42148,42148,293,16,40,1,0,23,116.0,38.0,38.0,78.0
42149,42149,293,16,50,1,0,23,120.0,43.0,43.0,77.0
42150,42150,293,17,0,1,0,23,143.0,67.0,67.0,76.0
42151,42151,293,17,10,1,0,23,174.0,49.0,49.0,125.0
42152,42152,293,17,20,1,0,23,118.0,38.0,38.0,80.0
42153,42153,293,17,30,1,0,23,187.0,81.0,81.0,106.0
42154,42154,293,17,40,1,0,23,194.0,44.0,44.0,150.0
42155,42155,293,17,50,1,0,23,198.0,89.0,89.0,109.0
42156,42156,293,18,0,1,0,23,161.0,98.0,98.0,63.0
42157,42157,293,18,10,1,0,23,125.0,63.0,63.0,62.0
42158,42158,293,18,20,1,0,23,184.0,146.0,146.0,38.0
42159,42159,293,18,30,1,0,23,132.0,87.0,87.0,45.0
42160,42160,293,18,40,1,0,23,133.0,93.0,93.0,40.0
42161,42161,293,18,50,1,0,23,136.0,114.0,114.0,22.0
42162,42162,293,19,0,1,0,23,155.0,132.0,132.0,23.0
42163,42163,293,19,10,1,0,23,89.0,69.0,69.0,20.0
42164,42164,293,19,20,1,0,23,134.0,116.0,116.0,18.0
42165,42165,293,19,30,1,0,23,102.0,85.0,85.0,17.0
42166,42166,293,19,40,1,0,23,80.0,60.0,60.0,20.0
42167,42167,293,19,50,1,0,23,84.0,73.0,73.0,11.0
42168,42168,293,20,0,1,0,23,46.0,27.0,27.0,19.0
42169,42169,293,20,10,1,0,23,90.0,72.0,72.0,18.0
42170,42170,293,20,20,1,0,23,46.0,40.0,40.0,6.0
42171,42171,293,20,30,1,0,23,35.0,26.0,26.0,9.0
42172,42172,293,20,40,1,0,23,79.0,71.0,71.0,8.0
42173,42173,293,20,50,1,0,23,48.0,44.0,44.0,4.0
42174,42174,293,21,0,1,0,23,35.0,29.0,29.0,6.0
42175,42175,293,21,10,1,0,23,63.0,57.0,57.0,6.0
42176,42176,293,21,20,1,0,23,54.0,48.0,48.0,6.0
42177,42177,293,21,30,1,0,23,35.0,29.0,29.0,6.0
42178,42178,293,21,40,1,0,23,47.0,44.0,44.0,3.0
42179,42179,293,21,50,1,0,23,52.0,46.0,46.0,6.0
42180,42180,293,22,0,1,0,23,44.0,41.0,41.0,3.0
42181,42181,293,22,10,1,0,23,38.0,36.0,36.0,2.0
42182,42182,293,22,20,1,0,23,32.0,32.0,32.0,0.0
42183,42183,293,22,30,1,0,23,14.0,14.0,14.0,0.0
42184,42184,293,22,40,1,0,23,17.0,16.0,16.0,1.0
42185,42185,293,22,50,1,0,23,32.0,30.0,30.0,2.0
42222,42222,294,5,0,1,0,23,0.0,0.0,0.0,0.0
42223,42223,294,5,10,1,0,23,0.0,0.0,0.0,0.0
42224,42224,294,5,20,1,0,23,0.0,0.0,0.0,0.0
42225,42225,294,5,30,1,0,23,3.0,0.0,0.0,3.0
42226,42226,294,5,40,1,0,23,36.0,0.0,0.0,36.0
42227,42227,294,5,50,1,0,23,31.0,2.0,2.0,29.0
42228,42228,294,6,0,1,0,23,47.0,9.0,9.0,38.0
42229,42229,294,6,10,1,0,23,67.0,11.0,11.0,56.0
42230,42230,294,6,20,1,0,23,115.0,37.0,37.0,78.0
42231,42231,294,6,30,1,0,23,190.0,106.0,106.0,84.0
42232,42232,294,6,40,1,0,23,208.0,91.0,91.0,117.0
42233,42233,294,6,50,1,0,23,390.0,181.0,181.0,209.0
42234,42234,294,7,0,1,0,23,426.0,177.0,177.0,249.0
42235,42235,294,7,10,1,0,23,528.0,224.0,224.0,304.0
42236,42236,294,7,20,1,0,23,669.0,335.0,335.0,334.0
42237,42237,294,7,30,1,0,23,916.0,540.0,540.0,376.0
42238,42238,294,7,40,1,0,23,1037.0,520.0,520.0,517.0
42239,42239,294,7,50,1,0,23,1292.0,779.0,779.0,513.0
42240,42240,294,8,0,1,0,23,1644.0,1045.0,1045.0,599.0
42241,42241,294,8,10,1,0,23,1924.0,1333.0,1333.0,591.0
42242,42242,294,8,20,1,0,23,1683.0,1093.0,1093.0,590.0
42243,42243,294,8,30,1,0,23,2284.0,1766.0,1766.0,518.0
42244,42244,294,8,40,1,0,23,2088.0,1620.0,1620.0,468.0
42245,42245,294,8,50,1,0,23,1869.0,1480.0,1480.0,389.0
42246,42246,294,9,0,1,0,23,1315.0,988.0,988.0,327.0
42247,42247,294,9,10,1,0,23,1225.0,915.0,915.0,310.0
42248,42248,294,9,20,1,0,23,990.0,731.0,731.0,259.0
42249,42249,294,9,30,1,0,23,707.0,463.0,463.0,244.0
42250,42250,294,9,40,1,0,23,834.0,631.0,631.0,203.0
42251,42251,294,9,50,1,0,23,595.0,401.0,401.0,194.0
42252,42252,294,10,0,1,0,23,401.0,252.0,252.0,149.0
42253,42253,294,10,10,1,0,23,394.0,245.0,245.0,149.0
42254,42254,294,10,20,1,0,23,371.0,201.0,201.0,170.0
42255,42255,294,10,30,1,0,23,333.0,188.0,188.0,145.0
42256,42256,294,10,40,1,0,23,315.0,170.0,170.0,145.0
42257,42257,294,10,50,1,0,23,239.0,125.0,125.0,114.0
42258,42258,294,11,0,1,0,23,255.0,119.0,119.0,136.0
42259,42259,294,11,10,1,0,23,301.0,168.0,168.0,133.0
42260,42260,294,11,20,1,0,23,291.0,145.0,145.0,146.0
42261,42261,294,11,30,1,0,23,238.0,116.0,116.0,122.0
42262,42262,294,11,40,1,0,23,256.0,123.0,123.0,133.0
42263,42263,294,11,50,1,0,23,236.0,91.0,91.0,145.0
42264,42264,294,12,0,1,0,23,343.0,185.0,185.0,158.0
42265,42265,294,12,10,1,0,23,320.0,174.0,174.0,146.0
42266,42266,294,12,20,1,0,23,331.0,168.0,168.0,163.0
42267,42267,294,12,30,1,0,23,339.0,172.0,172.0,167.0
42268,42268,294,12,40,1,0,23,315.0,137.0,137.0,178.0
42269,42269,294,12,50,1,0,23,281.0,129.0,129.0,152.0
42270,42270,294,13,0,1,0,23,335.0,184.0,184.0,151.0
42271,42271,294,13,10,1,0,23,367.0,196.0,196.0,171.0
42272,42272,294,13,20,1,0,23,353.0,180.0,180.0,173.0
42273,42273,294,13,30,1,0,23,285.0,141.0,141.0,144.0
42274,42274,294,13,40,1,0,23,338.0,173.0,173.0,165.0
42275,42275,294,13,50,1,0,23,296.0,151.0,151.0,145.0
42276,42276,294,14,0,1,0,23,301.0,154.0,154.0,147.0
42277,42277,294,14,10,1,0,23,309.0,183.0,183.0,126.0
42278,42278,294,14,20,1,0,23,296.0,157.0,157.0,139.0
42279,42279,294,14,30,1,0,23,268.0,102.0,102.0,166.0
42280,42280,294,14,40,1,0,23,273.0,141.0,141.0,132.0
42281,42281,294,14,50,1,0,23,333.0,150.0,150.0,183.0
42282,42282,294,15,0,1,0,23,327.0,142.0,142.0,185.0
42283,42283,294,15,10,1,0,23,329.0,121.0,121.0,208.0
42284,42284,294,15,20,1,0,23,322.0,131.0,131.0,191.0
42285,42285,294,15,30,1,0,23,378.0,184.0,184.0,194.0
42286,42286,294,15,40,1,0,23,350.0,154.0,154.0,196.0
42287,42287,294,15,50,1,0,23,355.0,162.0,162.0,193.0
42288,42288,294,16,0,1,0,23,365.0,143.0,143.0,222.0
42289,42289,294,16,10,1,0,23,372.0,136.0,136.0,236.0
42290,42290,294,16,20,1,0,23,353.0,148.0,148.0,205.0
42291,42291,294,16,30,1,0,23,423.0,195.0,195.0,228.0
42292,42292,294,16,40,1,0,23,583.0,220.0,220.0,363.0
42293,42293,294,16,50,1,0,23,630.0,222.0,222.0,408.0
42294,42294,294,17,0,1,0,23,778.0,247.0,247.0,531.0
42295,42295,294,17,10,1,0,23,914.0,205.0,205.0,709.0
42296,42296,294,17,20,1,0,23,1049.0,294.0,294.0,755.0
42297,42297,294,17,30,1,0,23,990.0,350.0,350.0,640.0
42298,42298,294,17,40,1,0,23,1280.0,372.0,372.0,908.0
42299,42299,294,17,50,1,0,23,1377.0,349.0,349.0,1028.0
42300,42300,294,18,0,1,0,23,1178.0,377.0,377.0,801.0
42301,42301,294,18,10,1,0,23,1156.0,358.0,358.0,798.0
42302,42302,294,18,20,1,0,23,1458.0,361.0,361.0,1097.0
42303,42303,294,18,30,1,0,23,1099.0,396.0,396.0,703.0
42304,42304,294,18,40,1,0,23,1055.0,445.0,445.0,610.0
42305,42305,294,18,50,1,0,23,945.0,369.0,369.0,576.0
42306,42306,294,19,0,1,0,23,841.0,343.0,343.0,498.0
42307,42307,294,19,10,1,0,23,782.0,299.0,299.0,483.0
42308,42308,294,19,20,1,0,23,723.0,287.0,287.0,436.0
42309,42309,294,19,30,1,0,23,516.0,202.0,202.0,314.0
42310,42310,294,19,40,1,0,23,493.0,218.0,218.0,275.0
42311,42311,294,19,50,1,0,23,479.0,167.0,167.0,312.0
42312,42312,294,20,0,1,0,23,470.0,188.0,188.0,282.0
42313,42313,294,20,10,1,0,23,404.0,140.0,140.0,264.0
42314,42314,294,20,20,1,0,23,452.0,157.0,157.0,295.0
42315,42315,294,20,30,1,0,23,396.0,171.0,171.0,225.0
42316,42316,294,20,40,1,0,23,398.0,129.0,129.0,269.0
42317,42317,294,20,50,1,0,23,376.0,112.0,112.0,264.0
42318,42318,294,21,0,1,0,23,373.0,157.0,157.0,216.0
42319,42319,294,21,10,1,0,23,462.0,139.0,139.0,323.0
42320,42320,294,21,20,1,0,23,393.0,122.0,122.0,271.0
42321,42321,294,21,30,1,0,23,319.0,127.0,127.0,192.0
42322,42322,294,21,40,1,0,23,361.0,158.0,158.0,203.0
42323,42323,294,21,50,1,0,23,297.0,153.0,153.0,144.0
42324,42324,294,22,0,1,0,23,228.0,116.0,116.0,112.0
42325,42325,294,22,10,1,0,23,226.0,117.0,117.0,109.0
42326,42326,294,22,20,1,0,23,185.0,98.0,98.0,87.0
42327,42327,294,22,30,1,0,23,160.0,106.0,106.0,54.0
42328,42328,294,22,40,1,0,23,106.0,71.0,71.0,35.0
42329,42329,294,22,50,1,0,23,39.0,28.0,28.0,11.0
42366,42366,295,5,0,1,0,23,0.0,0.0,0.0,0.0
42367,42367,295,5,10,1,0,23,0.0,0.0,0.0,0.0
42368,42368,295,5,20,1,0,23,0.0,0.0,0.0,0.0
42369,42369,295,5,30,1,0,23,8.0,0.0,0.0,8.0
42370,42370,295,5,40,1,0,23,22.0,1.0,1.0,21.0
42371,42371,295,5,50,1,0,23,32.0,1.0,1.0,31.0
42372,42372,295,6,0,1,0,23,27.0,3.0,3.0,24.0
42373,42373,295,6,10,1,0,23,63.0,13.0,13.0,50.0
42374,42374,295,6,20,1,0,23,65.0,11.0,11.0,54.0
42375,42375,295,6,30,1,0,23,116.0,31.0,31.0,85.0
42376,42376,295,6,40,1,0,23,176.0,45.0,45.0,131.0
42377,42377,295,6,50,1,0,23,246.0,53.0,53.0,193.0
42378,42378,295,7,0,1,0,23,254.0,68.0,68.0,186.0
42379,42379,295,7,10,1,0,23,321.0,95.0,95.0,226.0
42380,42380,295,7,20,1,0,23,466.0,165.0,165.0,301.0
42381,42381,295,7,30,1,0,23,481.0,145.0,145.0,336.0
42382,42382,295,7,40,1,0,23,663.0,257.0,257.0,406.0
42383,42383,295,7,50,1,0,23,948.0,526.0,526.0,422.0
42384,42384,295,8,0,1,0,23,1215.0,732.0,732.0,483.0
42385,42385,295,8,10,1,0,23,1298.0,851.0,851.0,447.0
42386,42386,295,8,20,1,0,23,1395.0,988.0,988.0,407.0
42387,42387,295,8,30,1,0,23,1374.0,1025.0,1025.0,349.0
42388,42388,295,8,40,1,0,23,1917.0,1596.0,1596.0,321.0
42389,42389,295,8,50,1,0,23,1543.0,1258.0,1258.0,285.0
42390,42390,295,9,0,1,0,23,1157.0,932.0,932.0,225.0
42391,42391,295,9,10,1,0,23,986.0,751.0,751.0,235.0
42392,42392,295,9,20,1,0,23,747.0,569.0,569.0,178.0
42393,42393,295,9,30,1,0,23,513.0,354.0,354.0,159.0
42394,42394,295,9,40,1,0,23,472.0,346.0,346.0,126.0
42395,42395,295,9,50,1,0,23,320.0,207.0,207.0,113.0
42396,42396,295,10,0,1,0,23,294.0,178.0,178.0,116.0
42397,42397,295,10,10,1,0,23,233.0,136.0,136.0,97.0
42398,42398,295,10,20,1,0,23,190.0,125.0,125.0,65.0
42399,42399,295,10,30,1,0,23,227.0,125.0,125.0,102.0
42400,42400,295,10,40,1,0,23,177.0,107.0,107.0,70.0
42401,42401,295,10,50,1,0,23,152.0,74.0,74.0,78.0
42402,42402,295,11,0,1,0,23,157.0,83.0,83.0,74.0
42403,42403,295,11,10,1,0,23,174.0,89.0,89.0,85.0
42404,42404,295,11,20,1,0,23,159.0,93.0,93.0,66.0
42405,42405,295,11,30,1,0,23,176.0,89.0,89.0,87.0
42406,42406,295,11,40,1,0,23,173.0,77.0,77.0,96.0
42407,42407,295,11,50,1,0,23,166.0,63.0,63.0,103.0
42408,42408,295,12,0,1,0,23,199.0,89.0,89.0,110.0
42409,42409,295,12,10,1,0,23,180.0,81.0,81.0,99.0
42410,42410,295,12,20,1,0,23,181.0,92.0,92.0,89.0
42411,42411,295,12,30,1,0,23,210.0,99.0,99.0,111.0
42412,42412,295,12,40,1,0,23,148.0,62.0,62.0,86.0
42413,42413,295,12,50,1,0,23,200.0,105.0,105.0,95.0
42414,42414,295,13,0,1,0,23,209.0,117.0,117.0,92.0
42415,42415,295,13,10,1,0,23,192.0,100.0,100.0,92.0
42416,42416,295,13,20,1,0,23,218.0,124.0,124.0,94.0
42417,42417,295,13,30,1,0,23,182.0,99.0,99.0,83.0
42418,42418,295,13,40,1,0,23,151.0,73.0,73.0,78.0
42419,42419,295,13,50,1,0,23,199.0,102.0,102.0,97.0
42420,42420,295,14,0,1,0,23,187.0,98.0,98.0,89.0
42421,42421,295,14,10,1,0,23,198.0,119.0,119.0,79.0
42422,42422,295,14,20,1,0,23,199.0,97.0,97.0,102.0
42423,42423,295,14,30,1,0,23,164.0,78.0,78.0,86.0
42424,42424,295,14,40,1,0,23,196.0,113.0,113.0,83.0
42425,42425,295,14,50,1,0,23,186.0,106.0,106.0,80.0
42426,42426,295,15,0,1,0,23,190.0,95.0,95.0,95.0
42427,42427,295,15,10,1,0,23,206.0,93.0,93.0,113.0
42428,42428,295,15,20,1,0,23,209.0,83.0,83.0,126.0
42429,42429,295,15,30,1,0,23,216.0,127.0,127.0,89.0
42430,42430,295,15,40,1,0,23,210.0,128.0,128.0,82.0
42431,42431,295,15,50,1,0,23,203.0,104.0,104.0,99.0
42432,42432,295,16,0,1,0,23,244.0,131.0,131.0,113.0
42433,42433,295,16,10,1,0,23,240.0,97.0,97.0,143.0
42434,42434,295,16,20,1,0,23,245.0,116.0,116.0,129.0
42435,42435,295,16,30,1,0,23,310.0,118.0,118.0,192.0
42436,42436,295,16,40,1,0,23,363.0,180.0,180.0,183.0
42437,42437,295,16,50,1,0,23,309.0,168.0,168.0,141.0
42438,42438,295,17,0,1,0,23,500.0,189.0,189.0,311.0
42439,42439,295,17,10,1,0,23,768.0,220.0,220.0,548.0
42440,42440,295,17,20,1,0,23,665.0,243.0,243.0,422.0
42441,42441,295,17,30,1,0,23,811.0,267.0,267.0,544.0
42442,42442,295,17,40,1,0,23,1377.0,250.0,250.0,1127.0
42443,42443,295,17,50,1,0,23,1216.0,329.0,329.0,887.0
42444,42444,295,18,0,1,0,23,1062.0,252.0,252.0,810.0
42445,42445,295,18,10,1,0,23,1303.0,358.0,358.0,945.0
42446,42446,295,18,20,1,0,23,1118.0,347.0,347.0,771.0
42447,42447,295,18,30,1,0,23,907.0,342.0,342.0,565.0
42448,42448,295,18,40,1,0,23,729.0,258.0,258.0,471.0
42449,42449,295,18,50,1,0,23,806.0,385.0,385.0,421.0
42450,42450,295,19,0,1,0,23,594.0,283.0,283.0,311.0
42451,42451,295,19,10,1,0,23,490.0,238.0,238.0,252.0
42452,42452,295,19,20,1,0,23,380.0,170.0,170.0,210.0
42453,42453,295,19,30,1,0,23,366.0,194.0,194.0,172.0
42454,42454,295,19,40,1,0,23,369.0,198.0,198.0,171.0
42455,42455,295,19,50,1,0,23,232.0,90.0,90.0,142.0
42456,42456,295,20,0,1,0,23,284.0,139.0,139.0,145.0
42457,42457,295,20,10,1,0,23,301.0,109.0,109.0,192.0
42458,42458,295,20,20,1,0,23,288.0,130.0,130.0,158.0
42459,42459,295,20,30,1,0,23,207.0,83.0,83.0,124.0
42460,42460,295,20,40,1,0,23,273.0,114.0,114.0,159.0
42461,42461,295,20,50,1,0,23,243.0,119.0,119.0,124.0
42462,42462,295,21,0,1,0,23,237.0,109.0,109.0,128.0
42463,42463,295,21,10,1,0,23,268.0,94.0,94.0,174.0
42464,42464,295,21,20,1,0,23,243.0,125.0,125.0,118.0
42465,42465,295,21,30,1,0,23,194.0,86.0,86.0,108.0
42466,42466,295,21,40,1,0,23,207.0,105.0,105.0,102.0
42467,42467,295,21,50,1,0,23,207.0,103.0,103.0,104.0
42468,42468,295,22,0,1,0,23,177.0,106.0,106.0,71.0
42469,42469,295,22,10,1,0,23,157.0,73.0,73.0,84.0
42470,42470,295,22,20,1,0,23,136.0,87.0,87.0,49.0
42471,42471,295,22,30,1,0,23,97.0,70.0,70.0,27.0
42472,42472,295,22,40,1,0,23,72.0,61.0,61.0,11.0
42473,42473,295,22,50,1,0,23,46.0,35.0,35.0,11.0
42510,42510,296,5,0,1,0,23,0.0,0.0,0.0,0.0
42511,42511,296,5,10,1,0,23,0.0,0.0,0.0,0.0
42512,42512,296,5,20,1,0,23,1.0,0.0,0.0,1.0
42513,42513,296,5,30,1,0,23,9.0,0.0,0.0,9.0
42514,42514,296,5,40,1,0,23,8.0,4.0,4.0,4.0
42515,42515,296,5,50,1,0,23,20.0,1.0,1.0,19.0
42516,42516,296,6,0,1,0,23,22.0,2.0,2.0,20.0
42517,42517,296,6,10,1,0,23,36.0,10.0,10.0,26.0
42518,42518,296,6,20,1,0,23,57.0,13.0,13.0,44.0
42519,42519,296,6,30,1,0,23,77.0,14.0,14.0,63.0
42520,42520,296,6,40,1,0,23,112.0,45.0,45.0,67.0
42521,42521,296,6,50,1,0,23,155.0,52.0,52.0,103.0
42522,42522,296,7,0,1,0,23,179.0,66.0,66.0,113.0
42523,42523,296,7,10,1,0,23,203.0,67.0,67.0,136.0
42524,42524,296,7,20,1,0,23,280.0,129.0,129.0,151.0
42525,42525,296,7,30,1,0,23,345.0,136.0,136.0,209.0
42526,42526,296,7,40,1,0,23,406.0,182.0,182.0,224.0
42527,42527,296,7,50,1,0,23,480.0,227.0,227.0,253.0
42528,42528,296,8,0,1,0,23,683.0,424.0,424.0,259.0
42529,42529,296,8,10,1,0,23,798.0,503.0,503.0,295.0
42530,42530,296,8,20,1,0,23,882.0,573.0,573.0,309.0
42531,42531,296,8,30,1,0,23,827.0,569.0,569.0,258.0
42532,42532,296,8,40,1,0,23,1055.0,830.0,830.0,225.0
42533,42533,296,8,50,1,0,23,752.0,575.0,575.0,177.0
42534,42534,296,9,0,1,0,23,729.0,562.0,562.0,167.0
42535,42535,296,9,10,1,0,23,596.0,433.0,433.0,163.0
42536,42536,296,9,20,1,0,23,485.0,342.0,342.0,143.0
42537,42537,296,9,30,1,0,23,436.0,313.0,313.0,123.0
42538,42538,296,9,40,1,0,23,312.0,199.0,199.0,113.0
42539,42539,296,9,50,1,0,23,382.0,283.0,283.0,99.0
42540,42540,296,10,0,1,0,23,218.0,140.0,140.0,78.0
42541,42541,296,10,10,1,0,23,260.0,176.0,176.0,84.0
42542,42542,296,10,20,1,0,23,192.0,110.0,110.0,82.0
42543,42543,296,10,30,1,0,23,228.0,136.0,136.0,92.0
42544,42544,296,10,40,1,0,23,228.0,127.0,127.0,101.0
42545,42545,296,10,50,1,0,23,208.0,123.0,123.0,85.0
42546,42546,296,11,0,1,0,23,175.0,105.0,105.0,70.0
42547,42547,296,11,10,1,0,23,155.0,80.0,80.0,75.0
42548,42548,296,11,20,1,0,23,206.0,119.0,119.0,87.0
42549,42549,296,11,30,1,0,23,200.0,107.0,107.0,93.0
42550,42550,296,11,40,1,0,23,209.0,104.0,104.0,105.0
42551,42551,296,11,50,1,0,23,137.0,78.0,78.0,59.0
42552,42552,296,12,0,1,0,23,155.0,67.0,67.0,88.0
42553,42553,296,12,10,1,0,23,169.0,96.0,96.0,73.0
42554,42554,296,12,20,1,0,23,228.0,109.0,109.0,119.0
42555,42555,296,12,30,1,0,23,197.0,111.0,111.0,86.0
42556,42556,296,12,40,1,0,23,192.0,108.0,108.0,84.0
42557,42557,296,12,50,1,0,23,152.0,78.0,78.0,74.0
42558,42558,296,13,0,1,0,23,203.0,116.0,116.0,87.0
42559,42559,296,13,10,1,0,23,208.0,116.0,116.0,92.0
42560,42560,296,13,20,1,0,23,198.0,107.0,107.0,91.0
42561,42561,296,13,30,1,0,23,209.0,111.0,111.0,98.0
42562,42562,296,13,40,1,0,23,195.0,89.0,89.0,106.0
42563,42563,296,13,50,1,0,23,192.0,85.0,85.0,107.0
42564,42564,296,14,0,1,0,23,211.0,109.0,109.0,102.0
42565,42565,296,14,10,1,0,23,207.0,101.0,101.0,106.0
42566,42566,296,14,20,1,0,23,245.0,144.0,144.0,101.0
42567,42567,296,14,30,1,0,23,212.0,112.0,112.0,100.0
42568,42568,296,14,40,1,0,23,178.0,84.0,84.0,94.0
42569,42569,296,14,50,1,0,23,207.0,109.0,109.0,98.0
42570,42570,296,15,0,1,0,23,256.0,112.0,112.0,144.0
42571,42571,296,15,10,1,0,23,180.0,72.0,72.0,108.0
42572,42572,296,15,20,1,0,23,236.0,122.0,122.0,114.0
42573,42573,296,15,30,1,0,23,230.0,98.0,98.0,132.0
42574,42574,296,15,40,1,0,23,215.0,114.0,114.0,101.0
42575,42575,296,15,50,1,0,23,248.0,123.0,123.0,125.0
42576,42576,296,16,0,1,0,23,269.0,113.0,113.0,156.0
42577,42577,296,16,10,1,0,23,209.0,70.0,70.0,139.0
42578,42578,296,16,20,1,0,23,259.0,117.0,117.0,142.0
42579,42579,296,16,30,1,0,23,267.0,85.0,85.0,182.0
42580,42580,296,16,40,1,0,23,340.0,130.0,130.0,210.0
42581,42581,296,16,50,1,0,23,374.0,164.0,164.0,210.0
42582,42582,296,17,0,1,0,23,476.0,117.0,117.0,359.0
42583,42583,296,17,10,1,0,23,511.0,151.0,151.0,360.0
42584,42584,296,17,20,1,0,23,546.0,222.0,222.0,324.0
42585,42585,296,17,30,1,0,23,685.0,221.0,221.0,464.0
42586,42586,296,17,40,1,0,23,708.0,190.0,190.0,518.0
42587,42587,296,17,50,1,0,23,584.0,249.0,249.0,335.0
42588,42588,296,18,0,1,0,23,602.0,240.0,240.0,362.0
42589,42589,296,18,10,1,0,23,687.0,162.0,162.0,525.0
42590,42590,296,18,20,1,0,23,636.0,277.0,277.0,359.0
42591,42591,296,18,30,1,0,23,519.0,219.0,219.0,300.0
42592,42592,296,18,40,1,0,23,472.0,209.0,209.0,263.0
42593,42593,296,18,50,1,0,23,457.0,225.0,225.0,232.0
42594,42594,296,19,0,1,0,23,344.0,167.0,167.0,177.0
42595,42595,296,19,10,1,0,23,300.0,134.0,134.0,166.0
42596,42596,296,19,20,1,0,23,272.0,93.0,93.0,179.0
42597,42597,296,19,30,1,0,23,250.0,109.0,109.0,141.0
42598,42598,296,19,40,1,0,23,218.0,95.0,95.0,123.0
42599,42599,296,19,50,1,0,23,204.0,84.0,84.0,120.0
42600,42600,296,20,0,1,0,23,159.0,56.0,56.0,103.0
42601,42601,296,20,10,1,0,23,179.0,70.0,70.0,109.0
42602,42602,296,20,20,1,0,23,176.0,70.0,70.0,106.0
42603,42603,296,20,30,1,0,23,187.0,79.0,79.0,108.0
42604,42604,296,20,40,1,0,23,179.0,67.0,67.0,112.0
42605,42605,296,20,50,1,0,23,160.0,47.0,47.0,113.0
42606,42606,296,21,0,1,0,23,211.0,85.0,85.0,126.0
42607,42607,296,21,10,1,0,23,208.0,57.0,57.0,151.0
42608,42608,296,21,20,1,0,23,189.0,60.0,60.0,129.0
42609,42609,296,21,30,1,0,23,157.0,71.0,71.0,86.0
42610,42610,296,21,40,1,0,23,182.0,75.0,75.0,107.0
42611,42611,296,21,50,1,0,23,96.0,30.0,30.0,66.0
42612,42612,296,22,0,1,0,23,154.0,68.0,68.0,86.0
42613,42613,296,22,10,1,0,23,108.0,44.0,44.0,64.0
42614,42614,296,22,20,1,0,23,106.0,70.0,70.0,36.0
42615,42615,296,22,30,1,0,23,80.0,47.0,47.0,33.0
42616,42616,296,22,40,1,0,23,55.0,31.0,31.0,24.0
42617,42617,296,22,50,1,0,23,13.0,9.0,9.0,4.0
42654,42654,297,5,0,1,0,23,0.0,0.0,0.0,0.0
42655,42655,297,5,10,1,0,23,0.0,0.0,0.0,0.0
42656,42656,297,5,20,1,0,23,1.0,1.0,1.0,0.0
42657,42657,297,5,30,1,0,23,1.0,1.0,1.0,0.0
42658,42658,297,5,40,1,0,23,0.0,0.0,0.0,0.0
42659,42659,297,5,50,1,0,23,52.0,0.0,0.0,52.0
42660,42660,297,6,0,1,0,23,143.0,0.0,0.0,143.0
42661,42661,297,6,10,1,0,23,310.0,30.0,30.0,280.0
42662,42662,297,6,20,1,0,23,297.0,15.0,15.0,282.0
42663,42663,297,6,30,1,0,23,481.0,43.0,43.0,438.0
42664,42664,297,6,40,1,0,23,502.0,44.0,44.0,458.0
42665,42665,297,6,50,1,0,23,744.0,67.0,67.0,677.0
42666,42666,297,7,0,1,0,23,844.0,162.0,162.0,682.0
42667,42667,297,7,10,1,0,23,1106.0,115.0,115.0,991.0
42668,42668,297,7,20,1,0,23,1657.0,261.0,261.0,1396.0
42669,42669,297,7,30,1,0,23,1869.0,356.0,356.0,1513.0
42670,42670,297,7,40,1,0,23,2344.0,327.0,327.0,2017.0
42671,42671,297,7,50,1,0,23,2328.0,378.0,378.0,1950.0
42672,42672,297,8,0,1,0,23,2513.0,464.0,464.0,2049.0
42673,42673,297,8,10,1,0,23,2236.0,383.0,383.0,1853.0
42674,42674,297,8,20,1,0,23,2208.0,431.0,431.0,1777.0
42675,42675,297,8,30,1,0,23,2025.0,471.0,471.0,1554.0
42676,42676,297,8,40,1,0,23,1845.0,483.0,483.0,1362.0
42677,42677,297,8,50,1,0,23,1609.0,438.0,438.0,1171.0
42678,42678,297,9,0,1,0,23,1046.0,236.0,236.0,810.0
42679,42679,297,9,10,1,0,23,1121.0,259.0,259.0,862.0
42680,42680,297,9,20,1,0,23,774.0,131.0,131.0,643.0
42681,42681,297,9,30,1,0,23,620.0,190.0,190.0,430.0
42682,42682,297,9,40,1,0,23,545.0,147.0,147.0,398.0
42683,42683,297,9,50,1,0,23,478.0,172.0,172.0,306.0
42684,42684,297,10,0,1,0,23,436.0,114.0,114.0,322.0
42685,42685,297,10,10,1,0,23,385.0,144.0,144.0,241.0
42686,42686,297,10,20,1,0,23,342.0,139.0,139.0,203.0
42687,42687,297,10,30,1,0,23,306.0,100.0,100.0,206.0
42688,42688,297,10,40,1,0,23,317.0,155.0,155.0,162.0
42689,42689,297,10,50,1,0,23,331.0,130.0,130.0,201.0
42690,42690,297,11,0,1,0,23,308.0,147.0,147.0,161.0
42691,42691,297,11,10,1,0,23,302.0,148.0,148.0,154.0
42692,42692,297,11,20,1,0,23,282.0,124.0,124.0,158.0
42693,42693,297,11,30,1,0,23,253.0,98.0,98.0,155.0
42694,42694,297,11,40,1,0,23,365.0,161.0,161.0,204.0
42695,42695,297,11,50,1,0,23,333.0,136.0,136.0,197.0
42696,42696,297,12,0,1,0,23,282.0,136.0,136.0,146.0
42697,42697,297,12,10,1,0,23,352.0,136.0,136.0,216.0
42698,42698,297,12,20,1,0,23,350.0,99.0,99.0,251.0
42699,42699,297,12,30,1,0,23,328.0,127.0,127.0,201.0
42700,42700,297,12,40,1,0,23,371.0,181.0,181.0,190.0
42701,42701,297,12,50,1,0,23,385.0,194.0,194.0,191.0
42702,42702,297,13,0,1,0,23,331.0,166.0,166.0,165.0
42703,42703,297,13,10,1,0,23,303.0,129.0,129.0,174.0
42704,42704,297,13,20,1,0,23,317.0,104.0,104.0,213.0
42705,42705,297,13,30,1,0,23,329.0,149.0,149.0,180.0
42706,42706,297,13,40,1,0,23,322.0,147.0,147.0,175.0
42707,42707,297,13,50,1,0,23,299.0,135.0,135.0,164.0
42708,42708,297,14,0,1,0,23,332.0,161.0,161.0,171.0
42709,42709,297,14,10,1,0,23,235.0,114.0,114.0,121.0
42710,42710,297,14,20,1,0,23,279.0,149.0,149.0,130.0
42711,42711,297,14,30,1,0,23,303.0,142.0,142.0,161.0
42712,42712,297,14,40,1,0,23,306.0,175.0,175.0,131.0
42713,42713,297,14,50,1,0,23,351.0,182.0,182.0,169.0
42714,42714,297,15,0,1,0,23,287.0,173.0,173.0,114.0
42715,42715,297,15,10,1,0,23,237.0,116.0,116.0,121.0
42716,42716,297,15,20,1,0,23,343.0,198.0,198.0,145.0
42717,42717,297,15,30,1,0,23,358.0,240.0,240.0,118.0
42718,42718,297,15,40,1,0,23,385.0,204.0,204.0,181.0
42719,42719,297,15,50,1,0,23,335.0,163.0,163.0,172.0
42720,42720,297,16,0,1,0,23,415.0,288.0,288.0,127.0
42721,42721,297,16,10,1,0,23,379.0,218.0,218.0,161.0
42722,42722,297,16,20,1,0,23,432.0,269.0,269.0,163.0
42723,42723,297,16,30,1,0,23,494.0,327.0,327.0,167.0
42724,42724,297,16,40,1,0,23,634.0,389.0,389.0,245.0
42725,42725,297,16,50,1,0,23,566.0,339.0,339.0,227.0
42726,42726,297,17,0,1,0,23,671.0,480.0,480.0,191.0
42727,42727,297,17,10,1,0,23,741.0,382.0,382.0,359.0
42728,42728,297,17,20,1,0,23,813.0,449.0,449.0,364.0
42729,42729,297,17,30,1,0,23,1038.0,725.0,725.0,313.0
42730,42730,297,17,40,1,0,23,1179.0,810.0,810.0,369.0
42731,42731,297,17,50,1,0,23,1139.0,738.0,738.0,401.0
42732,42732,297,18,0,1,0,23,1371.0,1002.0,1002.0,369.0
42733,42733,297,18,10,1,0,23,1488.0,1183.0,1183.0,305.0
42734,42734,297,18,20,1,0,23,1441.0,1149.0,1149.0,292.0
42735,42735,297,18,30,1,0,23,1368.0,1067.0,1067.0,301.0
42736,42736,297,18,40,1,0,23,1744.0,1482.0,1482.0,262.0
42737,42737,297,18,50,1,0,23,1301.0,1138.0,1138.0,163.0
42738,42738,297,19,0,1,0,23,1181.0,1049.0,1049.0,132.0
42739,42739,297,19,10,1,0,23,1204.0,1050.0,1050.0,154.0
42740,42740,297,19,20,1,0,23,1129.0,1001.0,1001.0,128.0
42741,42741,297,19,30,1,0,23,879.0,772.0,772.0,107.0
42742,42742,297,19,40,1,0,23,740.0,592.0,592.0,148.0
42743,42743,297,19,50,1,0,23,800.0,677.0,677.0,123.0
42744,42744,297,20,0,1,0,23,644.0,516.0,516.0,128.0
42745,42745,297,20,10,1,0,23,583.0,474.0,474.0,109.0
42746,42746,297,20,20,1,0,23,436.0,354.0,354.0,82.0
42747,42747,297,20,30,1,0,23,554.0,460.0,460.0,94.0
42748,42748,297,20,40,1,0,23,568.0,469.0,469.0,99.0
42749,42749,297,20,50,1,0,23,527.0,431.0,431.0,96.0
42750,42750,297,21,0,1,0,23,456.0,339.0,339.0,117.0
42751,42751,297,21,10,1,0,23,546.0,440.0,440.0,106.0
42752,42752,297,21,20,1,0,23,518.0,427.0,427.0,91.0
42753,42753,297,21,30,1,0,23,473.0,367.0,367.0,106.0
42754,42754,297,21,40,1,0,23,435.0,352.0,352.0,83.0
42755,42755,297,21,50,1,0,23,424.0,363.0,363.0,61.0
42756,42756,297,22,0,1,0,23,361.0,317.0,317.0,44.0
42757,42757,297,22,10,1,0,23,388.0,347.0,347.0,41.0
42758,42758,297,22,20,1,0,23,235.0,223.0,223.0,12.0
42759,42759,297,22,30,1,0,23,253.0,240.0,240.0,13.0
42760,42760,297,22,40,1,0,23,243.0,235.0,235.0,8.0
42761,42761,297,22,50,1,0,23,129.0,120.0,120.0,9.0
42798,42798,298,5,0,1,0,23,0.0,0.0,0.0,0.0
42799,42799,298,5,10,1,0,23,0.0,0.0,0.0,0.0
42800,42800,298,5,20,1,0,23,2.0,0.0,0.0,2.0
42801,42801,298,5,30,1,0,23,6.0,0.0,0.0,6.0
42802,42802,298,5,40,1,0,23,9.0,1.0,1.0,8.0
42803,42803,298,5,50,1,0,23,21.0,1.0,1.0,20.0
42804,42804,298,6,0,1,0,23,42.0,6.0,6.0,36.0
42805,42805,298,6,10,1,0,23,40.0,9.0,9.0,31.0
42806,42806,298,6,20,1,0,23,50.0,10.0,10.0,40.0
42807,42807,298,6,30,1,0,23,100.0,29.0,29.0,71.0
42808,42808,298,6,40,1,0,23,104.0,27.0,27.0,77.0
42809,42809,298,6,50,1,0,23,147.0,61.0,61.0,86.0
42810,42810,298,7,0,1,0,23,172.0,54.0,54.0,118.0
42811,42811,298,7,10,1,0,23,190.0,71.0,71.0,119.0
42812,42812,298,7,20,1,0,23,246.0,108.0,108.0,138.0
42813,42813,298,7,30,1,0,23,319.0,167.0,167.0,152.0
42814,42814,298,7,40,1,0,23,383.0,193.0,193.0,190.0
42815,42815,298,7,50,1,0,23,451.0,174.0,174.0,277.0
42816,42816,298,8,0,1,0,23,537.0,242.0,242.0,295.0
42817,42817,298,8,10,1,0,23,622.0,336.0,336.0,286.0
42818,42818,298,8,20,1,0,23,722.0,380.0,380.0,342.0
42819,42819,298,8,30,1,0,23,763.0,445.0,445.0,318.0
42820,42820,298,8,40,1,0,23,778.0,546.0,546.0,232.0
42821,42821,298,8,50,1,0,23,805.0,595.0,595.0,210.0
42822,42822,298,9,0,1,0,23,646.0,453.0,453.0,193.0
42823,42823,298,9,10,1,0,23,605.0,432.0,432.0,173.0
42824,42824,298,9,20,1,0,23,464.0,311.0,311.0,153.0
42825,42825,298,9,30,1,0,23,382.0,277.0,277.0,105.0
42826,42826,298,9,40,1,0,23,396.0,282.0,282.0,114.0
42827,42827,298,9,50,1,0,23,286.0,186.0,186.0,100.0
42828,42828,298,10,0,1,0,23,315.0,226.0,226.0,89.0
42829,42829,298,10,10,1,0,23,261.0,166.0,166.0,95.0
42830,42830,298,10,20,1,0,23,194.0,105.0,105.0,89.0
42831,42831,298,10,30,1,0,23,218.0,137.0,137.0,81.0
42832,42832,298,10,40,1,0,23,173.0,98.0,98.0,75.0
42833,42833,298,10,50,1,0,23,187.0,104.0,104.0,83.0
42834,42834,298,11,0,1,0,23,174.0,92.0,92.0,82.0
42835,42835,298,11,10,1,0,23,147.0,60.0,60.0,87.0
42836,42836,298,11,20,1,0,23,153.0,69.0,69.0,84.0
42837,42837,298,11,30,1,0,23,142.0,69.0,69.0,73.0
42838,42838,298,11,40,1,0,23,158.0,61.0,61.0,97.0
42839,42839,298,11,50,1,0,23,181.0,104.0,104.0,77.0
42840,42840,298,12,0,1,0,23,141.0,70.0,70.0,71.0
42841,42841,298,12,10,1,0,23,174.0,71.0,71.0,103.0
42842,42842,298,12,20,1,0,23,162.0,85.0,85.0,77.0
42843,42843,298,12,30,1,0,23,156.0,80.0,80.0,76.0
42844,42844,298,12,40,1,0,23,188.0,102.0,102.0,86.0
42845,42845,298,12,50,1,0,23,171.0,96.0,96.0,75.0
42846,42846,298,13,0,1,0,23,138.0,88.0,88.0,50.0
42847,42847,298,13,10,1,0,23,165.0,85.0,85.0,80.0
42848,42848,298,13,20,1,0,23,171.0,96.0,96.0,75.0
42849,42849,298,13,30,1,0,23,172.0,78.0,78.0,94.0
42850,42850,298,13,40,1,0,23,173.0,101.0,101.0,72.0
42851,42851,298,13,50,1,0,23,189.0,97.0,97.0,92.0
42852,42852,298,14,0,1,0,23,156.0,78.0,78.0,78.0
42853,42853,298,14,10,1,0,23,157.0,93.0,93.0,64.0
42854,42854,298,14,20,1,0,23,193.0,90.0,90.0,103.0
42855,42855,298,14,30,1,0,23,208.0,114.0,114.0,94.0
42856,42856,298,14,40,1,0,23,173.0,93.0,93.0,80.0
42857,42857,298,14,50,1,0,23,178.0,85.0,85.0,93.0
42858,42858,298,15,0,1,0,23,169.0,65.0,65.0,104.0
42859,42859,298,15,10,1,0,23,212.0,107.0,107.0,105.0
42860,42860,298,15,20,1,0,23,211.0,127.0,127.0,84.0
42861,42861,298,15,30,1,0,23,203.0,93.0,93.0,110.0
42862,42862,298,15,40,1,0,23,217.0,81.0,81.0,136.0
42863,42863,298,15,50,1,0,23,193.0,80.0,80.0,113.0
42864,42864,298,16,0,1,0,23,215.0,98.0,98.0,117.0
42865,42865,298,16,10,1,0,23,197.0,85.0,85.0,112.0
42866,42866,298,16,20,1,0,23,266.0,123.0,123.0,143.0
42867,42867,298,16,30,1,0,23,256.0,111.0,111.0,145.0
42868,42868,298,16,40,1,0,23,331.0,130.0,130.0,201.0
42869,42869,298,16,50,1,0,23,282.0,122.0,122.0,160.0
42870,42870,298,17,0,1,0,23,359.0,152.0,152.0,207.0
42871,42871,298,17,10,1,0,23,410.0,168.0,168.0,242.0
42872,42872,298,17,20,1,0,23,334.0,156.0,156.0,178.0
42873,42873,298,17,30,1,0,23,377.0,175.0,175.0,202.0
42874,42874,298,17,40,1,0,23,483.0,196.0,196.0,287.0
42875,42875,298,17,50,1,0,23,475.0,252.0,252.0,223.0
42876,42876,298,18,0,1,0,23,483.0,218.0,218.0,265.0
42877,42877,298,18,10,1,0,23,747.0,249.0,249.0,498.0
42878,42878,298,18,20,1,0,23,606.0,247.0,247.0,359.0
42879,42879,298,18,30,1,0,23,573.0,259.0,259.0,314.0
42880,42880,298,18,40,1,0,23,569.0,213.0,213.0,356.0
42881,42881,298,18,50,1,0,23,434.0,193.0,193.0,241.0
42882,42882,298,19,0,1,0,23,404.0,176.0,176.0,228.0
42883,42883,298,19,10,1,0,23,321.0,123.0,123.0,198.0
42884,42884,298,19,20,1,0,23,294.0,123.0,123.0,171.0
42885,42885,298,19,30,1,0,23,265.0,117.0,117.0,148.0
42886,42886,298,19,40,1,0,23,213.0,95.0,95.0,118.0
42887,42887,298,19,50,1,0,23,193.0,90.0,90.0,103.0
42888,42888,298,20,0,1,0,23,163.0,64.0,64.0,99.0
42889,42889,298,20,10,1,0,23,191.0,76.0,76.0,115.0
42890,42890,298,20,20,1,0,23,172.0,62.0,62.0,110.0
42891,42891,298,20,30,1,0,23,156.0,68.0,68.0,88.0
42892,42892,298,20,40,1,0,23,144.0,63.0,63.0,81.0
42893,42893,298,20,50,1,0,23,144.0,69.0,69.0,75.0
42894,42894,298,21,0,1,0,23,163.0,69.0,69.0,94.0
42895,42895,298,21,10,1,0,23,160.0,69.0,69.0,91.0
42896,42896,298,21,20,1,0,23,167.0,92.0,92.0,75.0
42897,42897,298,21,30,1,0,23,163.0,72.0,72.0,91.0
42898,42898,298,21,40,1,0,23,121.0,62.0,62.0,59.0
42899,42899,298,21,50,1,0,23,106.0,61.0,61.0,45.0
42900,42900,298,22,0,1,0,23,95.0,34.0,34.0,61.0
42901,42901,298,22,10,1,0,23,110.0,61.0,61.0,49.0
42902,42902,298,22,20,1,0,23,112.0,70.0,70.0,42.0
42903,42903,298,22,30,1,0,23,59.0,35.0,35.0,24.0
42904,42904,298,22,40,1,0,23,48.0,36.0,36.0,12.0
42905,42905,298,22,50,1,0,23,8.0,7.0,7.0,1.0
42942,42942,299,5,0,1,0,23,0.0,0.0,0.0,0.0
42943,42943,299,5,10,1,0,23,7.0,0.0,0.0,7.0
42944,42944,299,5,20,1,0,23,22.0,0.0,0.0,22.0
42945,42945,299,5,30,1,0,23,38.0,1.0,1.0,37.0
42946,42946,299,5,40,1,0,23,69.0,0.0,0.0,69.0
42947,42947,299,5,50,1,0,23,74.0,0.0,0.0,74.0
42948,42948,299,6,0,1,0,23,130.0,1.0,1.0,129.0
42949,42949,299,6,10,1,0,23,240.0,55.0,55.0,185.0
42950,42950,299,6,20,1,0,23,233.0,48.0,48.0,185.0
42951,42951,299,6,30,1,0,23,297.0,67.0,67.0,230.0
42952,42952,299,6,40,1,0,23,498.0,135.0,135.0,363.0
42953,42953,299,6,50,1,0,23,496.0,88.0,88.0,408.0
42954,42954,299,7,0,1,0,23,710.0,235.0,235.0,475.0
42955,42955,299,7,10,1,0,23,765.0,216.0,216.0,549.0
42956,42956,299,7,20,1,0,23,1029.0,236.0,236.0,793.0
42957,42957,299,7,30,1,0,23,1309.0,354.0,354.0,955.0
42958,42958,299,7,40,1,0,23,1439.0,363.0,363.0,1076.0
42959,42959,299,7,50,1,0,23,1660.0,442.0,442.0,1218.0
42960,42960,299,8,0,1,0,23,1665.0,492.0,492.0,1173.0
42961,42961,299,8,10,1,0,23,1571.0,473.0,473.0,1098.0
42962,42962,299,8,20,1,0,23,1608.0,498.0,498.0,1110.0
42963,42963,299,8,30,1,0,23,1468.0,556.0,556.0,912.0
42964,42964,299,8,40,1,0,23,1235.0,444.0,444.0,791.0
42965,42965,299,8,50,1,0,23,1217.0,430.0,430.0,787.0
42966,42966,299,9,0,1,0,23,1070.0,388.0,388.0,682.0
42967,42967,299,9,10,1,0,23,947.0,404.0,404.0,543.0
42968,42968,299,9,20,1,0,23,690.0,222.0,222.0,468.0
42969,42969,299,9,30,1,0,23,658.0,281.0,281.0,377.0
42970,42970,299,9,40,1,0,23,600.0,308.0,308.0,292.0
42971,42971,299,9,50,1,0,23,517.0,237.0,237.0,280.0
42972,42972,299,10,0,1,0,23,520.0,272.0,272.0,248.0
42973,42973,299,10,10,1,0,23,465.0,230.0,230.0,235.0
42974,42974,299,10,20,1,0,23,479.0,246.0,246.0,233.0
42975,42975,299,10,30,1,0,23,498.0,278.0,278.0,220.0
42976,42976,299,10,40,1,0,23,346.0,170.0,170.0,176.0
42977,42977,299,10,50,1,0,23,426.0,253.0,253.0,173.0
42978,42978,299,11,0,1,0,23,411.0,230.0,230.0,181.0
42979,42979,299,11,10,1,0,23,399.0,226.0,226.0,173.0
42980,42980,299,11,20,1,0,23,392.0,222.0,222.0,170.0
42981,42981,299,11,30,1,0,23,409.0,223.0,223.0,186.0
42982,42982,299,11,40,1,0,23,351.0,159.0,159.0,192.0
42983,42983,299,11,50,1,0,23,371.0,187.0,187.0,184.0
42984,42984,299,12,0,1,0,23,402.0,190.0,190.0,212.0
42985,42985,299,12,10,1,0,23,452.0,224.0,224.0,228.0
42986,42986,299,12,20,1,0,23,476.0,238.0,238.0,238.0
42987,42987,299,12,30,1,0,23,449.0,219.0,219.0,230.0
42988,42988,299,12,40,1,0,23,447.0,189.0,189.0,258.0
42989,42989,299,12,50,1,0,23,416.0,191.0,191.0,225.0
42990,42990,299,13,0,1,0,23,510.0,231.0,231.0,279.0
42991,42991,299,13,10,1,0,23,517.0,251.0,251.0,266.0
42992,42992,299,13,20,1,0,23,438.0,215.0,215.0,223.0
42993,42993,299,13,30,1,0,23,469.0,204.0,204.0,265.0
42994,42994,299,13,40,1,0,23,436.0,217.0,217.0,219.0
42995,42995,299,13,50,1,0,23,483.0,223.0,223.0,260.0
42996,42996,299,14,0,1,0,23,446.0,214.0,214.0,232.0
42997,42997,299,14,10,1,0,23,446.0,232.0,232.0,214.0
42998,42998,299,14,20,1,0,23,461.0,225.0,225.0,236.0
42999,42999,299,14,30,1,0,23,421.0,196.0,196.0,225.0
43000,43000,299,14,40,1,0,23,416.0,234.0,234.0,182.0
43001,43001,299,14,50,1,0,23,479.0,249.0,249.0,230.0
43002,43002,299,15,0,1,0,23,476.0,274.0,274.0,202.0
43003,43003,299,15,10,1,0,23,456.0,270.0,270.0,186.0
43004,43004,299,15,20,1,0,23,391.0,185.0,185.0,206.0
43005,43005,299,15,30,1,0,23,505.0,307.0,307.0,198.0
43006,43006,299,15,40,1,0,23,580.0,332.0,332.0,248.0
43007,43007,299,15,50,1,0,23,419.0,206.0,206.0,213.0
43008,43008,299,16,0,1,0,23,529.0,311.0,311.0,218.0
43009,43009,299,16,10,1,0,23,619.0,373.0,373.0,246.0
43010,43010,299,16,20,1,0,23,576.0,303.0,303.0,273.0
43011,43011,299,16,30,1,0,23,562.0,330.0,330.0,232.0
43012,43012,299,16,40,1,0,23,591.0,354.0,354.0,237.0
43013,43013,299,16,50,1,0,23,634.0,388.0,388.0,246.0
43014,43014,299,17,0,1,0,23,723.0,423.0,423.0,300.0
43015,43015,299,17,10,1,0,23,735.0,410.0,410.0,325.0
43016,43016,299,17,20,1,0,23,897.0,529.0,529.0,368.0
43017,43017,299,17,30,1,0,23,1030.0,661.0,661.0,369.0
43018,43018,299,17,40,1,0,23,941.0,603.0,603.0,338.0
43019,43019,299,17,50,1,0,23,1228.0,803.0,803.0,425.0
43020,43020,299,18,0,1,0,23,1325.0,941.0,941.0,384.0
43021,43021,299,18,10,1,0,23,1341.0,910.0,910.0,431.0
43022,43022,299,18,20,1,0,23,1217.0,783.0,783.0,434.0
43023,43023,299,18,30,1,0,23,1445.0,988.0,988.0,457.0
43024,43024,299,18,40,1,0,23,1317.0,1013.0,1013.0,304.0
43025,43025,299,18,50,1,0,23,1089.0,765.0,765.0,324.0
43026,43026,299,19,0,1,0,23,1101.0,803.0,803.0,298.0
43027,43027,299,19,10,1,0,23,1085.0,791.0,791.0,294.0
43028,43028,299,19,20,1,0,23,799.0,540.0,540.0,259.0
43029,43029,299,19,30,1,0,23,684.0,456.0,456.0,228.0
43030,43030,299,19,40,1,0,23,640.0,458.0,458.0,182.0
43031,43031,299,19,50,1,0,23,666.0,411.0,411.0,255.0
43032,43032,299,20,0,1,0,23,563.0,384.0,384.0,179.0
43033,43033,299,20,10,1,0,23,494.0,274.0,274.0,220.0
43034,43034,299,20,20,1,0,23,511.0,317.0,317.0,194.0
43035,43035,299,20,30,1,0,23,578.0,348.0,348.0,230.0
43036,43036,299,20,40,1,0,23,534.0,290.0,290.0,244.0
43037,43037,299,20,50,1,0,23,479.0,265.0,265.0,214.0
43038,43038,299,21,0,1,0,23,490.0,292.0,292.0,198.0
43039,43039,299,21,10,1,0,23,485.0,290.0,290.0,195.0
43040,43040,299,21,20,1,0,23,470.0,287.0,287.0,183.0
43041,43041,299,21,30,1,0,23,476.0,276.0,276.0,200.0
43042,43042,299,21,40,1,0,23,430.0,278.0,278.0,152.0
43043,43043,299,21,50,1,0,23,381.0,248.0,248.0,133.0
43044,43044,299,22,0,1,0,23,404.0,270.0,270.0,134.0
43045,43045,299,22,10,1,0,23,303.0,183.0,183.0,120.0
43046,43046,299,22,20,1,0,23,279.0,212.0,212.0,67.0
43047,43047,299,22,30,1,0,23,195.0,169.0,169.0,26.0
43048,43048,299,22,40,1,0,23,226.0,196.0,196.0,30.0
43049,43049,299,22,50,1,0,23,169.0,152.0,152.0,17.0
43086,43086,300,5,0,1,0,23,0.0,0.0,0.0,0.0
43087,43087,300,5,10,1,0,23,1.0,0.0,0.0,1.0
43088,43088,300,5,20,1,0,23,6.0,0.0,0.0,6.0
43089,43089,300,5,30,1,0,23,15.0,0.0,0.0,15.0
43090,43090,300,5,40,1,0,23,13.0,1.0,1.0,12.0
43091,43091,300,5,50,1,0,23,22.0,3.0,3.0,19.0
43092,43092,300,6,0,1,0,23,18.0,1.0,1.0,17.0
43093,43093,300,6,10,1,0,23,48.0,21.0,21.0,27.0
43094,43094,300,6,20,1,0,23,48.0,21.0,21.0,27.0
43095,43095,300,6,30,1,0,23,70.0,33.0,33.0,37.0
43096,43096,300,6,40,1,0,23,90.0,43.0,43.0,47.0
43097,43097,300,6,50,1,0,23,134.0,72.0,72.0,62.0
43098,43098,300,7,0,1,0,23,191.0,96.0,96.0,95.0
43099,43099,300,7,10,1,0,23,218.0,135.0,135.0,83.0
43100,43100,300,7,20,1,0,23,285.0,169.0,169.0,116.0
43101,43101,300,7,30,1,0,23,375.0,251.0,251.0,124.0
43102,43102,300,7,40,1,0,23,406.0,244.0,244.0,162.0
43103,43103,300,7,50,1,0,23,572.0,367.0,367.0,205.0
43104,43104,300,8,0,1,0,23,1195.0,971.0,971.0,224.0
43105,43105,300,8,10,1,0,23,1395.0,1136.0,1136.0,259.0
43106,43106,300,8,20,1,0,23,1672.0,1421.0,1421.0,251.0
43107,43107,300,8,30,1,0,23,2298.0,2063.0,2063.0,235.0
43108,43108,300,8,40,1,0,23,2148.0,1941.0,1941.0,207.0
43109,43109,300,8,50,1,0,23,1770.0,1625.0,1625.0,145.0
43110,43110,300,9,0,1,0,23,1528.0,1368.0,1368.0,160.0
43111,43111,300,9,10,1,0,23,1120.0,999.0,999.0,121.0
43112,43112,300,9,20,1,0,23,805.0,688.0,688.0,117.0
43113,43113,300,9,30,1,0,23,838.0,719.0,719.0,119.0
43114,43114,300,9,40,1,0,23,553.0,423.0,423.0,130.0
43115,43115,300,9,50,1,0,23,461.0,335.0,335.0,126.0
43116,43116,300,10,0,1,0,23,446.0,347.0,347.0,99.0
43117,43117,300,10,10,1,0,23,311.0,195.0,195.0,116.0
43118,43118,300,10,20,1,0,23,308.0,210.0,210.0,98.0
43119,43119,300,10,30,1,0,23,281.0,185.0,185.0,96.0
43120,43120,300,10,40,1,0,23,311.0,186.0,186.0,125.0
43121,43121,300,10,50,1,0,23,324.0,217.0,217.0,107.0
43122,43122,300,11,0,1,0,23,286.0,191.0,191.0,95.0
43123,43123,300,11,10,1,0,23,307.0,209.0,209.0,98.0
43124,43124,300,11,20,1,0,23,269.0,154.0,154.0,115.0
43125,43125,300,11,30,1,0,23,294.0,170.0,170.0,124.0
43126,43126,300,11,40,1,0,23,286.0,171.0,171.0,115.0
43127,43127,300,11,50,1,0,23,315.0,188.0,188.0,127.0
43128,43128,300,12,0,1,0,23,308.0,178.0,178.0,130.0
43129,43129,300,12,10,1,0,23,315.0,146.0,146.0,169.0
43130,43130,300,12,20,1,0,23,360.0,209.0,209.0,151.0
43131,43131,300,12,30,1,0,23,301.0,146.0,146.0,155.0
43132,43132,300,12,40,1,0,23,312.0,170.0,170.0,142.0
43133,43133,300,12,50,1,0,23,337.0,186.0,186.0,151.0
43134,43134,300,13,0,1,0,23,331.0,184.0,184.0,147.0
43135,43135,300,13,10,1,0,23,326.0,153.0,153.0,173.0
43136,43136,300,13,20,1,0,23,374.0,204.0,204.0,170.0
43137,43137,300,13,30,1,0,23,390.0,192.0,192.0,198.0
43138,43138,300,13,40,1,0,23,407.0,217.0,217.0,190.0
43139,43139,300,13,50,1,0,23,396.0,220.0,220.0,176.0
43140,43140,300,14,0,1,0,23,344.0,171.0,171.0,173.0
43141,43141,300,14,10,1,0,23,261.0,126.0,126.0,135.0
43142,43142,300,14,20,1,0,23,297.0,119.0,119.0,178.0
43143,43143,300,14,30,1,0,23,318.0,164.0,164.0,154.0
43144,43144,300,14,40,1,0,23,340.0,196.0,196.0,144.0
43145,43145,300,14,50,1,0,23,347.0,174.0,174.0,173.0
43146,43146,300,15,0,1,0,23,346.0,175.0,175.0,171.0
43147,43147,300,15,10,1,0,23,306.0,134.0,134.0,172.0
43148,43148,300,15,20,1,0,23,335.0,144.0,144.0,191.0
43149,43149,300,15,30,1,0,23,368.0,165.0,165.0,203.0
43150,43150,300,15,40,1,0,23,363.0,168.0,168.0,195.0
43151,43151,300,15,50,1,0,23,374.0,177.0,177.0,197.0
43152,43152,300,16,0,1,0,23,365.0,151.0,151.0,214.0
43153,43153,300,16,10,1,0,23,403.0,151.0,151.0,252.0
43154,43154,300,16,20,1,0,23,377.0,188.0,188.0,189.0
43155,43155,300,16,30,1,0,23,448.0,184.0,184.0,264.0
43156,43156,300,16,40,1,0,23,489.0,188.0,188.0,301.0
43157,43157,300,16,50,1,0,23,478.0,172.0,172.0,306.0
43158,43158,300,17,0,1,0,23,662.0,218.0,218.0,444.0
43159,43159,300,17,10,1,0,23,765.0,205.0,205.0,560.0
43160,43160,300,17,20,1,0,23,787.0,238.0,238.0,549.0
43161,43161,300,17,30,1,0,23,1013.0,277.0,277.0,736.0
43162,43162,300,17,40,1,0,23,1279.0,279.0,279.0,1000.0
43163,43163,300,17,50,1,0,23,1172.0,360.0,360.0,812.0
43164,43164,300,18,0,1,0,23,1201.0,334.0,334.0,867.0
43165,43165,300,18,10,1,0,23,1586.0,386.0,386.0,1200.0
43166,43166,300,18,20,1,0,23,1343.0,346.0,346.0,997.0
43167,43167,300,18,30,1,0,23,1072.0,283.0,283.0,789.0
43168,43168,300,18,40,1,0,23,1070.0,422.0,422.0,648.0
43169,43169,300,18,50,1,0,23,779.0,246.0,246.0,533.0
43170,43170,300,19,0,1,0,23,712.0,233.0,233.0,479.0
43171,43171,300,19,10,1,0,23,707.0,227.0,227.0,480.0
43172,43172,300,19,20,1,0,23,518.0,174.0,174.0,344.0
43173,43173,300,19,30,1,0,23,459.0,125.0,125.0,334.0
43174,43174,300,19,40,1,0,23,428.0,127.0,127.0,301.0
43175,43175,300,19,50,1,0,23,409.0,76.0,76.0,333.0
43176,43176,300,20,0,1,0,23,407.0,79.0,79.0,328.0
43177,43177,300,20,10,1,0,23,439.0,87.0,87.0,352.0
43178,43178,300,20,20,1,0,23,411.0,76.0,76.0,335.0
43179,43179,300,20,30,1,0,23,373.0,63.0,63.0,310.0
43180,43180,300,20,40,1,0,23,373.0,75.0,75.0,298.0
43181,43181,300,20,50,1,0,23,373.0,80.0,80.0,293.0
43182,43182,300,21,0,1,0,23,438.0,61.0,61.0,377.0
43183,43183,300,21,10,1,0,23,436.0,68.0,68.0,368.0
43184,43184,300,21,20,1,0,23,407.0,78.0,78.0,329.0
43185,43185,300,21,30,1,0,23,406.0,71.0,71.0,335.0
43186,43186,300,21,40,1,0,23,356.0,68.0,68.0,288.0
43187,43187,300,21,50,1,0,23,274.0,57.0,57.0,217.0
43188,43188,300,22,0,1,0,23,354.0,50.0,50.0,304.0
43189,43189,300,22,10,1,0,23,506.0,48.0,48.0,458.0
43190,43190,300,22,20,1,0,23,186.0,53.0,53.0,133.0
43191,43191,300,22,30,1,0,23,84.0,32.0,32.0,52.0
43192,43192,300,22,40,1,0,23,67.0,42.0,42.0,25.0
43193,43193,300,22,50,1,0,23,21.0,11.0,11.0,10.0
43230,43230,301,5,0,1,0,23,0.0,0.0,0.0,0.0
43231,43231,301,5,10,1,0,23,0.0,0.0,0.0,0.0
43232,43232,301,5,20,1,0,23,0.0,0.0,0.0,0.0
43233,43233,301,5,30,1,0,23,1.0,1.0,1.0,0.0
43234,43234,301,5,40,1,0,23,43.0,0.0,0.0,43.0
43235,43235,301,5,50,1,0,23,109.0,2.0,2.0,107.0
43236,43236,301,6,0,1,0,23,105.0,3.0,3.0,102.0
43237,43237,301,6,10,1,0,23,152.0,1.0,1.0,151.0
43238,43238,301,6,20,1,0,23,163.0,24.0,24.0,139.0
43239,43239,301,6,30,1,0,23,193.0,19.0,19.0,174.0
43240,43240,301,6,40,1,0,23,207.0,19.0,19.0,188.0
43241,43241,301,6,50,1,0,23,389.0,41.0,41.0,348.0
43242,43242,301,7,0,1,0,23,440.0,42.0,42.0,398.0
43243,43243,301,7,10,1,0,23,597.0,43.0,43.0,554.0
43244,43244,301,7,20,1,0,23,915.0,55.0,55.0,860.0
43245,43245,301,7,30,1,0,23,1103.0,97.0,97.0,1006.0
43246,43246,301,7,40,1,0,23,1243.0,99.0,99.0,1144.0
43247,43247,301,7,50,1,0,23,1137.0,109.0,109.0,1028.0
43248,43248,301,8,0,1,0,23,1319.0,170.0,170.0,1149.0
43249,43249,301,8,10,1,0,23,1157.0,125.0,125.0,1032.0
43250,43250,301,8,20,1,0,23,962.0,126.0,126.0,836.0
43251,43251,301,8,30,1,0,23,855.0,144.0,144.0,711.0
43252,43252,301,8,40,1,0,23,648.0,148.0,148.0,500.0
43253,43253,301,8,50,1,0,23,496.0,117.0,117.0,379.0
43254,43254,301,9,0,1,0,23,407.0,109.0,109.0,298.0
43255,43255,301,9,10,1,0,23,325.0,101.0,101.0,224.0
43256,43256,301,9,20,1,0,23,327.0,114.0,114.0,213.0
43257,43257,301,9,30,1,0,23,281.0,118.0,118.0,163.0
43258,43258,301,9,40,1,0,23,230.0,101.0,101.0,129.0
43259,43259,301,9,50,1,0,23,211.0,111.0,111.0,100.0
43260,43260,301,10,0,1,0,23,197.0,74.0,74.0,123.0
43261,43261,301,10,10,1,0,23,246.0,126.0,126.0,120.0
43262,43262,301,10,20,1,0,23,201.0,96.0,96.0,105.0
43263,43263,301,10,30,1,0,23,174.0,72.0,72.0,102.0
43264,43264,301,10,40,1,0,23,177.0,105.0,105.0,72.0
43265,43265,301,10,50,1,0,23,176.0,91.0,91.0,85.0
43266,43266,301,11,0,1,0,23,152.0,88.0,88.0,64.0
43267,43267,301,11,10,1,0,23,170.0,89.0,89.0,81.0
43268,43268,301,11,20,1,0,23,178.0,87.0,87.0,91.0
43269,43269,301,11,30,1,0,23,194.0,92.0,92.0,102.0
43270,43270,301,11,40,1,0,23,149.0,85.0,85.0,64.0
43271,43271,301,11,50,1,0,23,165.0,57.0,57.0,108.0
43272,43272,301,12,0,1,0,23,169.0,76.0,76.0,93.0
43273,43273,301,12,10,1,0,23,183.0,75.0,75.0,108.0
43274,43274,301,12,20,1,0,23,183.0,61.0,61.0,122.0
43275,43275,301,12,30,1,0,23,204.0,114.0,114.0,90.0
43276,43276,301,12,40,1,0,23,182.0,92.0,92.0,90.0
43277,43277,301,12,50,1,0,23,162.0,64.0,64.0,98.0
43278,43278,301,13,0,1,0,23,96.0,53.0,53.0,43.0
43279,43279,301,13,10,1,0,23,150.0,61.0,61.0,89.0
43280,43280,301,13,20,1,0,23,138.0,68.0,68.0,70.0
43281,43281,301,13,30,1,0,23,146.0,71.0,71.0,75.0
43282,43282,301,13,40,1,0,23,179.0,96.0,96.0,83.0
43283,43283,301,13,50,1,0,23,163.0,81.0,81.0,82.0
43284,43284,301,14,0,1,0,23,159.0,51.0,51.0,108.0
43285,43285,301,14,10,1,0,23,146.0,78.0,78.0,68.0
43286,43286,301,14,20,1,0,23,172.0,76.0,76.0,96.0
43287,43287,301,14,30,1,0,23,130.0,71.0,71.0,59.0
43288,43288,301,14,40,1,0,23,158.0,60.0,60.0,98.0
43289,43289,301,14,50,1,0,23,135.0,56.0,56.0,79.0
43290,43290,301,15,0,1,0,23,199.0,77.0,77.0,122.0
43291,43291,301,15,10,1,0,23,183.0,92.0,92.0,91.0
43292,43292,301,15,20,1,0,23,169.0,96.0,96.0,73.0
43293,43293,301,15,30,1,0,23,202.0,86.0,86.0,116.0
43294,43294,301,15,40,1,0,23,149.0,78.0,78.0,71.0
43295,43295,301,15,50,1,0,23,199.0,118.0,118.0,81.0
43296,43296,301,16,0,1,0,23,229.0,132.0,132.0,97.0
43297,43297,301,16,10,1,0,23,185.0,95.0,95.0,90.0
43298,43298,301,16,20,1,0,23,285.0,139.0,139.0,146.0
43299,43299,301,16,30,1,0,23,221.0,93.0,93.0,128.0
43300,43300,301,16,40,1,0,23,251.0,124.0,124.0,127.0
43301,43301,301,16,50,1,0,23,305.0,153.0,153.0,152.0
43302,43302,301,17,0,1,0,23,337.0,197.0,197.0,140.0
43303,43303,301,17,10,1,0,23,312.0,131.0,131.0,181.0
43304,43304,301,17,20,1,0,23,465.0,226.0,226.0,239.0
43305,43305,301,17,30,1,0,23,485.0,280.0,280.0,205.0
43306,43306,301,17,40,1,0,23,574.0,338.0,338.0,236.0
43307,43307,301,17,50,1,0,23,513.0,349.0,349.0,164.0
43308,43308,301,18,0,1,0,23,553.0,414.0,414.0,139.0
43309,43309,301,18,10,1,0,23,608.0,498.0,498.0,110.0
43310,43310,301,18,20,1,0,23,608.0,482.0,482.0,126.0
43311,43311,301,18,30,1,0,23,616.0,549.0,549.0,67.0
43312,43312,301,18,40,1,0,23,703.0,638.0,638.0,65.0
43313,43313,301,18,50,1,0,23,750.0,690.0,690.0,60.0
43314,43314,301,19,0,1,0,23,521.0,470.0,470.0,51.0
43315,43315,301,19,10,1,0,23,662.0,594.0,594.0,68.0
43316,43316,301,19,20,1,0,23,587.0,538.0,538.0,49.0
43317,43317,301,19,30,1,0,23,533.0,496.0,496.0,37.0
43318,43318,301,19,40,1,0,23,272.0,246.0,246.0,26.0
43319,43319,301,19,50,1,0,23,432.0,390.0,390.0,42.0
43320,43320,301,20,0,1,0,23,403.0,358.0,358.0,45.0
43321,43321,301,20,10,1,0,23,295.0,263.0,263.0,32.0
43322,43322,301,20,20,1,0,23,233.0,203.0,203.0,30.0
43323,43323,301,20,30,1,0,23,294.0,251.0,251.0,43.0
43324,43324,301,20,40,1,0,23,327.0,287.0,287.0,40.0
43325,43325,301,20,50,1,0,23,258.0,222.0,222.0,36.0
43326,43326,301,21,0,1,0,23,291.0,255.0,255.0,36.0
43327,43327,301,21,10,1,0,23,272.0,245.0,245.0,27.0
43328,43328,301,21,20,1,0,23,286.0,247.0,247.0,39.0
43329,43329,301,21,30,1,0,23,177.0,147.0,147.0,30.0
43330,43330,301,21,40,1,0,23,223.0,204.0,204.0,19.0
43331,43331,301,21,50,1,0,23,208.0,194.0,194.0,14.0
43332,43332,301,22,0,1,0,23,204.0,191.0,191.0,13.0
43333,43333,301,22,10,1,0,23,133.0,130.0,130.0,3.0
43334,43334,301,22,20,1,0,23,161.0,154.0,154.0,7.0
43335,43335,301,22,30,1,0,23,148.0,148.0,148.0,0.0
43336,43336,301,22,40,1,0,23,113.0,110.0,110.0,3.0
43337,43337,301,22,50,1,0,23,81.0,80.0,80.0,1.0
43374,43374,302,5,0,1,0,23,0.0,0.0,0.0,0.0
43375,43375,302,5,10,1,0,23,0.0,0.0,0.0,0.0
43376,43376,302,5,20,1,0,23,2.0,2.0,2.0,0.0
43377,43377,302,5,30,1,0,23,0.0,0.0,0.0,0.0
43378,43378,302,5,40,1,0,23,1.0,1.0,1.0,0.0
43379,43379,302,5,50,1,0,23,109.0,0.0,0.0,109.0
43380,43380,302,6,0,1,0,23,95.0,0.0,0.0,95.0
43381,43381,302,6,10,1,0,23,115.0,3.0,3.0,112.0
43382,43382,302,6,20,1,0,23,198.0,18.0,18.0,180.0
43383,43383,302,6,30,1,0,23,251.0,22.0,22.0,229.0
43384,43384,302,6,40,1,0,23,292.0,34.0,34.0,258.0
43385,43385,302,6,50,1,0,23,286.0,21.0,21.0,265.0
43386,43386,302,7,0,1,0,23,481.0,83.0,83.0,398.0
43387,43387,302,7,10,1,0,23,590.0,68.0,68.0,522.0
43388,43388,302,7,20,1,0,23,716.0,103.0,103.0,613.0
43389,43389,302,7,30,1,0,23,980.0,100.0,100.0,880.0
43390,43390,302,7,40,1,0,23,1104.0,125.0,125.0,979.0
43391,43391,302,7,50,1,0,23,1317.0,215.0,215.0,1102.0
43392,43392,302,8,0,1,0,23,1399.0,166.0,166.0,1233.0
43393,43393,302,8,10,1,0,23,1213.0,185.0,185.0,1028.0
43394,43394,302,8,20,1,0,23,930.0,144.0,144.0,786.0
43395,43395,302,8,30,1,0,23,883.0,152.0,152.0,731.0
43396,43396,302,8,40,1,0,23,751.0,160.0,160.0,591.0
43397,43397,302,8,50,1,0,23,708.0,127.0,127.0,581.0
43398,43398,302,9,0,1,0,23,435.0,103.0,103.0,332.0
43399,43399,302,9,10,1,0,23,381.0,79.0,79.0,302.0
43400,43400,302,9,20,1,0,23,338.0,86.0,86.0,252.0
43401,43401,302,9,30,1,0,23,222.0,83.0,83.0,139.0
43402,43402,302,9,40,1,0,23,212.0,74.0,74.0,138.0
43403,43403,302,9,50,1,0,23,239.0,65.0,65.0,174.0
43404,43404,302,10,0,1,0,23,175.0,70.0,70.0,105.0
43405,43405,302,10,10,1,0,23,199.0,96.0,96.0,103.0
43406,43406,302,10,20,1,0,23,162.0,60.0,60.0,102.0
43407,43407,302,10,30,1,0,23,165.0,60.0,60.0,105.0
43408,43408,302,10,40,1,0,23,171.0,77.0,77.0,94.0
43409,43409,302,10,50,1,0,23,193.0,82.0,82.0,111.0
43410,43410,302,11,0,1,0,23,157.0,54.0,54.0,103.0
43411,43411,302,11,10,1,0,23,127.0,62.0,62.0,65.0
43412,43412,302,11,20,1,0,23,141.0,78.0,78.0,63.0
43413,43413,302,11,30,1,0,23,174.0,79.0,79.0,95.0
43414,43414,302,11,40,1,0,23,179.0,86.0,86.0,93.0
43415,43415,302,11,50,1,0,23,192.0,93.0,93.0,99.0
43416,43416,302,12,0,1,0,23,131.0,44.0,44.0,87.0
43417,43417,302,12,10,1,0,23,144.0,61.0,61.0,83.0
43418,43418,302,12,20,1,0,23,202.0,68.0,68.0,134.0
43419,43419,302,12,30,1,0,23,205.0,67.0,67.0,138.0
43420,43420,302,12,40,1,0,23,147.0,76.0,76.0,71.0
43421,43421,302,12,50,1,0,23,165.0,60.0,60.0,105.0
43422,43422,302,13,0,1,0,23,175.0,65.0,65.0,110.0
43423,43423,302,13,10,1,0,23,172.0,80.0,80.0,92.0
43424,43424,302,13,20,1,0,23,161.0,70.0,70.0,91.0
43425,43425,302,13,30,1,0,23,138.0,79.0,79.0,59.0
43426,43426,302,13,40,1,0,23,172.0,86.0,86.0,86.0
43427,43427,302,13,50,1,0,23,148.0,67.0,67.0,81.0
43428,43428,302,14,0,1,0,23,126.0,59.0,59.0,67.0
43429,43429,302,14,10,1,0,23,179.0,97.0,97.0,82.0
43430,43430,302,14,20,1,0,23,158.0,93.0,93.0,65.0
43431,43431,302,14,30,1,0,23,153.0,94.0,94.0,59.0
43432,43432,302,14,40,1,0,23,184.0,113.0,113.0,71.0
43433,43433,302,14,50,1,0,23,152.0,82.0,82.0,70.0
43434,43434,302,15,0,1,0,23,194.0,105.0,105.0,89.0
43435,43435,302,15,10,1,0,23,169.0,97.0,97.0,72.0
43436,43436,302,15,20,1,0,23,213.0,125.0,125.0,88.0
43437,43437,302,15,30,1,0,23,197.0,131.0,131.0,66.0
43438,43438,302,15,40,1,0,23,158.0,80.0,80.0,78.0
43439,43439,302,15,50,1,0,23,212.0,141.0,141.0,71.0
43440,43440,302,16,0,1,0,23,199.0,146.0,146.0,53.0
43441,43441,302,16,10,1,0,23,201.0,115.0,115.0,86.0
43442,43442,302,16,20,1,0,23,285.0,179.0,179.0,106.0
43443,43443,302,16,30,1,0,23,296.0,158.0,158.0,138.0
43444,43444,302,16,40,1,0,23,295.0,165.0,165.0,130.0
43445,43445,302,16,50,1,0,23,294.0,169.0,169.0,125.0
43446,43446,302,17,0,1,0,23,409.0,244.0,244.0,165.0
43447,43447,302,17,10,1,0,23,389.0,264.0,264.0,125.0
43448,43448,302,17,20,1,0,23,350.0,211.0,211.0,139.0
43449,43449,302,17,30,1,0,23,511.0,334.0,334.0,177.0
43450,43450,302,17,40,1,0,23,602.0,403.0,403.0,199.0
43451,43451,302,17,50,1,0,23,529.0,352.0,352.0,177.0
43452,43452,302,18,0,1,0,23,706.0,578.0,578.0,128.0
43453,43453,302,18,10,1,0,23,790.0,650.0,650.0,140.0
43454,43454,302,18,20,1,0,23,784.0,674.0,674.0,110.0
43455,43455,302,18,30,1,0,23,655.0,569.0,569.0,86.0
43456,43456,302,18,40,1,0,23,771.0,699.0,699.0,72.0
43457,43457,302,18,50,1,0,23,793.0,687.0,687.0,106.0
43458,43458,302,19,0,1,0,23,711.0,632.0,632.0,79.0
43459,43459,302,19,10,1,0,23,673.0,626.0,626.0,47.0
43460,43460,302,19,20,1,0,23,463.0,433.0,433.0,30.0
43461,43461,302,19,30,1,0,23,548.0,501.0,501.0,47.0
43462,43462,302,19,40,1,0,23,370.0,315.0,315.0,55.0
43463,43463,302,19,50,1,0,23,341.0,298.0,298.0,43.0
43464,43464,302,20,0,1,0,23,375.0,308.0,308.0,67.0
43465,43465,302,20,10,1,0,23,347.0,295.0,295.0,52.0
43466,43466,302,20,20,1,0,23,252.0,199.0,199.0,53.0
43467,43467,302,20,30,1,0,23,288.0,242.0,242.0,46.0
43468,43468,302,20,40,1,0,23,336.0,279.0,279.0,57.0
43469,43469,302,20,50,1,0,23,304.0,260.0,260.0,44.0
43470,43470,302,21,0,1,0,23,240.0,192.0,192.0,48.0
43471,43471,302,21,10,1,0,23,293.0,237.0,237.0,56.0
43472,43472,302,21,20,1,0,23,257.0,229.0,229.0,28.0
43473,43473,302,21,30,1,0,23,205.0,180.0,180.0,25.0
43474,43474,302,21,40,1,0,23,275.0,244.0,244.0,31.0
43475,43475,302,21,50,1,0,23,202.0,165.0,165.0,37.0
43476,43476,302,22,0,1,0,23,210.0,188.0,188.0,22.0
43477,43477,302,22,10,1,0,23,160.0,150.0,150.0,10.0
43478,43478,302,22,20,1,0,23,151.0,148.0,148.0,3.0
43479,43479,302,22,30,1,0,23,126.0,122.0,122.0,4.0
43480,43480,302,22,40,1,0,23,122.0,116.0,116.0,6.0
43481,43481,302,22,50,1,0,23,128.0,123.0,123.0,5.0
43518,43518,303,5,0,1,0,23,0.0,0.0,0.0,0.0
43519,43519,303,5,10,1,0,23,0.0,0.0,0.0,0.0
43520,43520,303,5,20,1,0,23,0.0,0.0,0.0,0.0
43521,43521,303,5,30,1,0,23,8.0,0.0,0.0,8.0
43522,43522,303,5,40,1,0,23,47.0,0.0,0.0,47.0
43523,43523,303,5,50,1,0,23,47.0,1.0,1.0,46.0
43524,43524,303,6,0,1,0,23,64.0,0.0,0.0,64.0
43525,43525,303,6,10,1,0,23,115.0,0.0,0.0,115.0
43526,43526,303,6,20,1,0,23,154.0,5.0,5.0,149.0
43527,43527,303,6,30,1,0,23,265.0,59.0,59.0,206.0
43528,43528,303,6,40,1,0,23,280.0,36.0,36.0,244.0
43529,43529,303,6,50,1,0,23,484.0,54.0,54.0,430.0
43530,43530,303,7,0,1,0,23,501.0,67.0,67.0,434.0
43531,43531,303,7,10,1,0,23,830.0,180.0,180.0,650.0
43532,43532,303,7,20,1,0,23,949.0,150.0,150.0,799.0
43533,43533,303,7,30,1,0,23,1129.0,228.0,228.0,901.0
43534,43534,303,7,40,1,0,23,1285.0,256.0,256.0,1029.0
43535,43535,303,7,50,1,0,23,978.0,217.0,217.0,761.0
43536,43536,303,8,0,1,0,23,1044.0,237.0,237.0,807.0
43537,43537,303,8,10,1,0,23,1020.0,167.0,167.0,853.0
43538,43538,303,8,20,1,0,23,804.0,221.0,221.0,583.0
43539,43539,303,8,30,1,0,23,854.0,304.0,304.0,550.0
43540,43540,303,8,40,1,0,23,584.0,217.0,217.0,367.0
43541,43541,303,8,50,1,0,23,476.0,115.0,115.0,361.0
43542,43542,303,9,0,1,0,23,523.0,236.0,236.0,287.0
43543,43543,303,9,10,1,0,23,406.0,173.0,173.0,233.0
43544,43544,303,9,20,1,0,23,316.0,134.0,134.0,182.0
43545,43545,303,9,30,1,0,23,343.0,199.0,199.0,144.0
43546,43546,303,9,40,1,0,23,282.0,132.0,132.0,150.0
43547,43547,303,9,50,1,0,23,222.0,81.0,81.0,141.0
43548,43548,303,10,0,1,0,23,286.0,137.0,137.0,149.0
43549,43549,303,10,10,1,0,23,240.0,106.0,106.0,134.0
43550,43550,303,10,20,1,0,23,209.0,77.0,77.0,132.0
43551,43551,303,10,30,1,0,23,254.0,144.0,144.0,110.0
43552,43552,303,10,40,1,0,23,295.0,152.0,152.0,143.0
43553,43553,303,10,50,1,0,23,233.0,101.0,101.0,132.0
43554,43554,303,11,0,1,0,23,294.0,165.0,165.0,129.0
43555,43555,303,11,10,1,0,23,256.0,121.0,121.0,135.0
43556,43556,303,11,20,1,0,23,262.0,145.0,145.0,117.0
43557,43557,303,11,30,1,0,23,258.0,122.0,122.0,136.0
43558,43558,303,11,40,1,0,23,246.0,75.0,75.0,171.0
43559,43559,303,11,50,1,0,23,307.0,114.0,114.0,193.0
43560,43560,303,12,0,1,0,23,294.0,136.0,136.0,158.0
43561,43561,303,12,10,1,0,23,321.0,138.0,138.0,183.0
43562,43562,303,12,20,1,0,23,283.0,119.0,119.0,164.0
43563,43563,303,12,30,1,0,23,318.0,131.0,131.0,187.0
43564,43564,303,12,40,1,0,23,250.0,95.0,95.0,155.0
43565,43565,303,12,50,1,0,23,304.0,145.0,145.0,159.0
43566,43566,303,13,0,1,0,23,300.0,142.0,142.0,158.0
43567,43567,303,13,10,1,0,23,304.0,123.0,123.0,181.0
43568,43568,303,13,20,1,0,23,210.0,107.0,107.0,103.0
43569,43569,303,13,30,1,0,23,248.0,100.0,100.0,148.0
43570,43570,303,13,40,1,0,23,238.0,124.0,124.0,114.0
43571,43571,303,13,50,1,0,23,281.0,149.0,149.0,132.0
43572,43572,303,14,0,1,0,23,250.0,128.0,128.0,122.0
43573,43573,303,14,10,1,0,23,266.0,124.0,124.0,142.0
43574,43574,303,14,20,1,0,23,257.0,128.0,128.0,129.0
43575,43575,303,14,30,1,0,23,236.0,86.0,86.0,150.0
43576,43576,303,14,40,1,0,23,257.0,154.0,154.0,103.0
43577,43577,303,14,50,1,0,23,290.0,109.0,109.0,181.0
43578,43578,303,15,0,1,0,23,288.0,128.0,128.0,160.0
43579,43579,303,15,10,1,0,23,306.0,146.0,146.0,160.0
43580,43580,303,15,20,1,0,23,273.0,113.0,113.0,160.0
43581,43581,303,15,30,1,0,23,314.0,139.0,139.0,175.0
43582,43582,303,15,40,1,0,23,334.0,155.0,155.0,179.0
43583,43583,303,15,50,1,0,23,301.0,167.0,167.0,134.0
43584,43584,303,16,0,1,0,23,252.0,76.0,76.0,176.0
43585,43585,303,16,10,1,0,23,402.0,205.0,205.0,197.0
43586,43586,303,16,20,1,0,23,387.0,187.0,187.0,200.0
43587,43587,303,16,30,1,0,23,409.0,160.0,160.0,249.0
43588,43588,303,16,40,1,0,23,395.0,160.0,160.0,235.0
43589,43589,303,16,50,1,0,23,427.0,201.0,201.0,226.0
43590,43590,303,17,0,1,0,23,436.0,209.0,209.0,227.0
43591,43591,303,17,10,1,0,23,443.0,239.0,239.0,204.0
43592,43592,303,17,20,1,0,23,691.0,408.0,408.0,283.0
43593,43593,303,17,30,1,0,23,392.0,212.0,212.0,180.0
43594,43594,303,17,40,1,0,23,672.0,455.0,455.0,217.0
43595,43595,303,17,50,1,0,23,554.0,370.0,370.0,184.0
43596,43596,303,18,0,1,0,23,576.0,336.0,336.0,240.0
43597,43597,303,18,10,1,0,23,867.0,676.0,676.0,191.0
43598,43598,303,18,20,1,0,23,636.0,446.0,446.0,190.0
43599,43599,303,18,30,1,0,23,567.0,391.0,391.0,176.0
43600,43600,303,18,40,1,0,23,856.0,755.0,755.0,101.0
43601,43601,303,18,50,1,0,23,612.0,474.0,474.0,138.0
43602,43602,303,19,0,1,0,23,817.0,723.0,723.0,94.0
43603,43603,303,19,10,1,0,23,665.0,528.0,528.0,137.0
43604,43604,303,19,20,1,0,23,583.0,461.0,461.0,122.0
43605,43605,303,19,30,1,0,23,607.0,506.0,506.0,101.0
43606,43606,303,19,40,1,0,23,589.0,504.0,504.0,85.0
43607,43607,303,19,50,1,0,23,408.0,261.0,261.0,147.0
43608,43608,303,20,0,1,0,23,573.0,488.0,488.0,85.0
43609,43609,303,20,10,1,0,23,364.0,267.0,267.0,97.0
43610,43610,303,20,20,1,0,23,371.0,244.0,244.0,127.0
43611,43611,303,20,30,1,0,23,457.0,371.0,371.0,86.0
43612,43612,303,20,40,1,0,23,312.0,198.0,198.0,114.0
43613,43613,303,20,50,1,0,23,337.0,270.0,270.0,67.0
43614,43614,303,21,0,1,0,23,335.0,245.0,245.0,90.0
43615,43615,303,21,10,1,0,23,245.0,143.0,143.0,102.0
43616,43616,303,21,20,1,0,23,342.0,274.0,274.0,68.0
43617,43617,303,21,30,1,0,23,185.0,105.0,105.0,80.0
43618,43618,303,21,40,1,0,23,308.0,257.0,257.0,51.0
43619,43619,303,21,50,1,0,23,195.0,138.0,138.0,57.0
43620,43620,303,22,0,1,0,23,219.0,212.0,212.0,7.0
43621,43621,303,22,10,1,0,23,174.0,171.0,171.0,3.0
43622,43622,303,22,20,1,0,23,154.0,152.0,152.0,2.0
43623,43623,303,22,30,1,0,23,131.0,130.0,130.0,1.0
43624,43624,303,22,40,1,0,23,101.0,100.0,100.0,1.0
43625,43625,303,22,50,1,0,23,91.0,90.0,90.0,1.0
43662,43662,304,5,0,1,0,23,0.0,0.0,0.0,0.0
43663,43663,304,5,10,1,0,23,0.0,0.0,0.0,0.0
43664,43664,304,5,20,1,0,23,1.0,0.0,0.0,1.0
43665,43665,304,5,30,1,0,23,7.0,0.0,0.0,7.0
43666,43666,304,5,40,1,0,23,8.0,0.0,0.0,8.0
43667,43667,304,5,50,1,0,23,8.0,0.0,0.0,8.0
43668,43668,304,6,0,1,0,23,8.0,0.0,0.0,8.0
43669,43669,304,6,10,1,0,23,4.0,0.0,0.0,4.0
43670,43670,304,6,20,1,0,23,5.0,0.0,0.0,5.0
43671,43671,304,6,30,1,0,23,15.0,0.0,0.0,15.0
43672,43672,304,6,40,1,0,23,36.0,20.0,20.0,16.0
43673,43673,304,6,50,1,0,23,41.0,19.0,19.0,22.0
43674,43674,304,7,0,1,0,23,86.0,48.0,48.0,38.0
43675,43675,304,7,10,1,0,23,76.0,35.0,35.0,41.0
43676,43676,304,7,20,1,0,23,83.0,30.0,30.0,53.0
43677,43677,304,7,30,1,0,23,106.0,70.0,70.0,36.0
43678,43678,304,7,40,1,0,23,81.0,31.0,31.0,50.0
43679,43679,304,7,50,1,0,23,61.0,31.0,31.0,30.0
43680,43680,304,8,0,1,0,23,123.0,96.0,96.0,27.0
43681,43681,304,8,10,1,0,23,85.0,63.0,63.0,22.0
43682,43682,304,8,20,1,0,23,77.0,41.0,41.0,36.0
43683,43683,304,8,30,1,0,23,73.0,54.0,54.0,19.0
43684,43684,304,8,40,1,0,23,73.0,53.0,53.0,20.0
43685,43685,304,8,50,1,0,23,36.0,24.0,24.0,12.0
43686,43686,304,9,0,1,0,23,31.0,19.0,19.0,12.0
43687,43687,304,9,10,1,0,23,32.0,12.0,12.0,20.0
43688,43688,304,9,20,1,0,23,19.0,15.0,15.0,4.0
43689,43689,304,9,30,1,0,23,32.0,24.0,24.0,8.0
43690,43690,304,9,40,1,0,23,34.0,30.0,30.0,4.0
43691,43691,304,9,50,1,0,23,27.0,16.0,16.0,11.0
43692,43692,304,10,0,1,0,23,33.0,29.0,29.0,4.0
43693,43693,304,10,10,1,0,23,31.0,19.0,19.0,12.0
43694,43694,304,10,20,1,0,23,32.0,19.0,19.0,13.0
43695,43695,304,10,30,1,0,23,40.0,19.0,19.0,21.0
43696,43696,304,10,40,1,0,23,27.0,20.0,20.0,7.0
43697,43697,304,10,50,1,0,23,42.0,28.0,28.0,14.0
43698,43698,304,11,0,1,0,23,44.0,31.0,31.0,13.0
43699,43699,304,11,10,1,0,23,24.0,17.0,17.0,7.0
43700,43700,304,11,20,1,0,23,20.0,11.0,11.0,9.0
43701,43701,304,11,30,1,0,23,44.0,21.0,21.0,23.0
43702,43702,304,11,40,1,0,23,41.0,16.0,16.0,25.0
43703,43703,304,11,50,1,0,23,27.0,15.0,15.0,12.0
43704,43704,304,12,0,1,0,23,28.0,11.0,11.0,17.0
43705,43705,304,12,10,1,0,23,26.0,11.0,11.0,15.0
43706,43706,304,12,20,1,0,23,10.0,5.0,5.0,5.0
43707,43707,304,12,30,1,0,23,29.0,14.0,14.0,15.0
43708,43708,304,12,40,1,0,23,40.0,13.0,13.0,27.0
43709,43709,304,12,50,1,0,23,21.0,12.0,12.0,9.0
43710,43710,304,13,0,1,0,23,38.0,23.0,23.0,15.0
43711,43711,304,13,10,1,0,23,15.0,11.0,11.0,4.0
43712,43712,304,13,20,1,0,23,34.0,9.0,9.0,25.0
43713,43713,304,13,30,1,0,23,29.0,11.0,11.0,18.0
43714,43714,304,13,40,1,0,23,23.0,13.0,13.0,10.0
43715,43715,304,13,50,1,0,23,25.0,9.0,9.0,16.0
43716,43716,304,14,0,1,0,23,42.0,12.0,12.0,30.0
43717,43717,304,14,10,1,0,23,20.0,4.0,4.0,16.0
43718,43718,304,14,20,1,0,23,16.0,12.0,12.0,4.0
43719,43719,304,14,30,1,0,23,18.0,9.0,9.0,9.0
43720,43720,304,14,40,1,0,23,39.0,12.0,12.0,27.0
43721,43721,304,14,50,1,0,23,21.0,14.0,14.0,7.0
43722,43722,304,15,0,1,0,23,25.0,12.0,12.0,13.0
43723,43723,304,15,10,1,0,23,23.0,19.0,19.0,4.0
43724,43724,304,15,20,1,0,23,33.0,23.0,23.0,10.0
43725,43725,304,15,30,1,0,23,42.0,15.0,15.0,27.0
43726,43726,304,15,40,1,0,23,33.0,15.0,15.0,18.0
43727,43727,304,15,50,1,0,23,43.0,22.0,22.0,21.0
43728,43728,304,16,0,1,0,23,20.0,12.0,12.0,8.0
43729,43729,304,16,10,1,0,23,28.0,14.0,14.0,14.0
43730,43730,304,16,20,1,0,23,23.0,11.0,11.0,12.0
43731,43731,304,16,30,1,0,23,40.0,11.0,11.0,29.0
43732,43732,304,16,40,1,0,23,28.0,4.0,4.0,24.0
43733,43733,304,16,50,1,0,23,42.0,20.0,20.0,22.0
43734,43734,304,17,0,1,0,23,58.0,41.0,41.0,17.0
43735,43735,304,17,10,1,0,23,71.0,23.0,23.0,48.0
43736,43736,304,17,20,1,0,23,52.0,16.0,16.0,36.0
43737,43737,304,17,30,1,0,23,76.0,31.0,31.0,45.0
43738,43738,304,17,40,1,0,23,101.0,20.0,20.0,81.0
43739,43739,304,17,50,1,0,23,51.0,16.0,16.0,35.0
43740,43740,304,18,0,1,0,23,108.0,44.0,44.0,64.0
43741,43741,304,18,10,1,0,23,39.0,25.0,25.0,14.0
43742,43742,304,18,20,1,0,23,36.0,17.0,17.0,19.0
43743,43743,304,18,30,1,0,23,101.0,33.0,33.0,68.0
43744,43744,304,18,40,1,0,23,69.0,10.0,10.0,59.0
43745,43745,304,18,50,1,0,23,29.0,18.0,18.0,11.0
43746,43746,304,19,0,1,0,23,24.0,18.0,18.0,6.0
43747,43747,304,19,10,1,0,23,19.0,16.0,16.0,3.0
43748,43748,304,19,20,1,0,23,49.0,19.0,19.0,30.0
43749,43749,304,19,30,1,0,23,21.0,13.0,13.0,8.0
43750,43750,304,19,40,1,0,23,17.0,11.0,11.0,6.0
43751,43751,304,19,50,1,0,23,21.0,21.0,21.0,0.0
43752,43752,304,20,0,1,0,23,15.0,4.0,4.0,11.0
43753,43753,304,20,10,1,0,23,45.0,18.0,18.0,27.0
43754,43754,304,20,20,1,0,23,18.0,13.0,13.0,5.0
43755,43755,304,20,30,1,0,23,11.0,5.0,5.0,6.0
43756,43756,304,20,40,1,0,23,85.0,3.0,3.0,82.0
43757,43757,304,20,50,1,0,23,15.0,10.0,10.0,5.0
43758,43758,304,21,0,1,0,23,6.0,4.0,4.0,2.0
43759,43759,304,21,10,1,0,23,5.0,5.0,5.0,0.0
43760,43760,304,21,20,1,0,23,30.0,6.0,6.0,24.0
43761,43761,304,21,30,1,0,23,22.0,4.0,4.0,18.0
43762,43762,304,21,40,1,0,23,12.0,6.0,6.0,6.0
43763,43763,304,21,50,1,0,23,7.0,7.0,7.0,0.0
43764,43764,304,22,0,1,0,23,7.0,7.0,7.0,0.0
43765,43765,304,22,10,1,0,23,4.0,4.0,4.0,0.0
43766,43766,304,22,20,1,0,23,2.0,2.0,2.0,0.0
43767,43767,304,22,30,1,0,23,7.0,7.0,7.0,0.0
43768,43768,304,22,40,1,0,23,4.0,4.0,4.0,0.0
43769,43769,304,22,50,1,0,23,4.0,4.0,4.0,0.0
43806,43806,305,5,0,1,0,23,1.0,1.0,1.0,0.0
43807,43807,305,5,10,1,0,23,0.0,0.0,0.0,0.0
43808,43808,305,5,20,1,0,23,0.0,0.0,0.0,0.0
43809,43809,305,5,30,1,0,23,46.0,0.0,0.0,46.0
43810,43810,305,5,40,1,0,23,46.0,0.0,0.0,46.0
43811,43811,305,5,50,1,0,23,91.0,0.0,0.0,91.0
43812,43812,305,6,0,1,0,23,83.0,0.0,0.0,83.0
43813,43813,305,6,10,1,0,23,95.0,0.0,0.0,95.0
43814,43814,305,6,20,1,0,23,173.0,0.0,0.0,173.0
43815,43815,305,6,30,1,0,23,152.0,1.0,1.0,151.0
43816,43816,305,6,40,1,0,23,313.0,49.0,49.0,264.0
43817,43817,305,6,50,1,0,23,276.0,23.0,23.0,253.0
43818,43818,305,7,0,1,0,23,424.0,38.0,38.0,386.0
43819,43819,305,7,10,1,0,23,488.0,84.0,84.0,404.0
43820,43820,305,7,20,1,0,23,497.0,50.0,50.0,447.0
43821,43821,305,7,30,1,0,23,514.0,111.0,111.0,403.0
43822,43822,305,7,40,1,0,23,529.0,77.0,77.0,452.0
43823,43823,305,7,50,1,0,23,471.0,97.0,97.0,374.0
43824,43824,305,8,0,1,0,23,428.0,96.0,96.0,332.0
43825,43825,305,8,10,1,0,23,414.0,103.0,103.0,311.0
43826,43826,305,8,20,1,0,23,339.0,110.0,110.0,229.0
43827,43827,305,8,30,1,0,23,267.0,62.0,62.0,205.0
43828,43828,305,8,40,1,0,23,270.0,96.0,96.0,174.0
43829,43829,305,8,50,1,0,23,197.0,72.0,72.0,125.0
43830,43830,305,9,0,1,0,23,178.0,88.0,88.0,90.0
43831,43831,305,9,10,1,0,23,193.0,88.0,88.0,105.0
43832,43832,305,9,20,1,0,23,114.0,38.0,38.0,76.0
43833,43833,305,9,30,1,0,23,184.0,109.0,109.0,75.0
43834,43834,305,9,40,1,0,23,144.0,80.0,80.0,64.0
43835,43835,305,9,50,1,0,23,128.0,46.0,46.0,82.0
43836,43836,305,10,0,1,0,23,112.0,64.0,64.0,48.0
43837,43837,305,10,10,1,0,23,91.0,39.0,39.0,52.0
43838,43838,305,10,20,1,0,23,105.0,38.0,38.0,67.0
43839,43839,305,10,30,1,0,23,137.0,71.0,71.0,66.0
43840,43840,305,10,40,1,0,23,96.0,49.0,49.0,47.0
43841,43841,305,10,50,1,0,23,125.0,44.0,44.0,81.0
43842,43842,305,11,0,1,0,23,131.0,71.0,71.0,60.0
43843,43843,305,11,10,1,0,23,137.0,72.0,72.0,65.0
43844,43844,305,11,20,1,0,23,95.0,41.0,41.0,54.0
43845,43845,305,11,30,1,0,23,98.0,34.0,34.0,64.0
43846,43846,305,11,40,1,0,23,118.0,44.0,44.0,74.0
43847,43847,305,11,50,1,0,23,126.0,61.0,61.0,65.0
43848,43848,305,12,0,1,0,23,105.0,40.0,40.0,65.0
43849,43849,305,12,10,1,0,23,101.0,54.0,54.0,47.0
43850,43850,305,12,20,1,0,23,116.0,50.0,50.0,66.0
43851,43851,305,12,30,1,0,23,86.0,35.0,35.0,51.0
43852,43852,305,12,40,1,0,23,104.0,47.0,47.0,57.0
43853,43853,305,12,50,1,0,23,135.0,74.0,74.0,61.0
43854,43854,305,13,0,1,0,23,122.0,73.0,73.0,49.0
43855,43855,305,13,10,1,0,23,94.0,56.0,56.0,38.0
43856,43856,305,13,20,1,0,23,102.0,41.0,41.0,61.0
43857,43857,305,13,30,1,0,23,113.0,57.0,57.0,56.0
43858,43858,305,13,40,1,0,23,114.0,60.0,60.0,54.0
43859,43859,305,13,50,1,0,23,113.0,59.0,59.0,54.0
43860,43860,305,14,0,1,0,23,114.0,65.0,65.0,49.0
43861,43861,305,14,10,1,0,23,76.0,28.0,28.0,48.0
43862,43862,305,14,20,1,0,23,96.0,56.0,56.0,40.0
43863,43863,305,14,30,1,0,23,98.0,55.0,55.0,43.0
43864,43864,305,14,40,1,0,23,117.0,55.0,55.0,62.0
43865,43865,305,14,50,1,0,23,112.0,62.0,62.0,50.0
43866,43866,305,15,0,1,0,23,121.0,63.0,63.0,58.0
43867,43867,305,15,10,1,0,23,94.0,45.0,45.0,49.0
43868,43868,305,15,20,1,0,23,124.0,66.0,66.0,58.0
43869,43869,305,15,30,1,0,23,143.0,81.0,81.0,62.0
43870,43870,305,15,40,1,0,23,145.0,62.0,62.0,83.0
43871,43871,305,15,50,1,0,23,142.0,80.0,80.0,62.0
43872,43872,305,16,0,1,0,23,111.0,41.0,41.0,70.0
43873,43873,305,16,10,1,0,23,143.0,81.0,81.0,62.0
43874,43874,305,16,20,1,0,23,165.0,77.0,77.0,88.0
43875,43875,305,16,30,1,0,23,161.0,58.0,58.0,103.0
43876,43876,305,16,40,1,0,23,161.0,81.0,81.0,80.0
43877,43877,305,16,50,1,0,23,175.0,90.0,90.0,85.0
43878,43878,305,17,0,1,0,23,184.0,104.0,104.0,80.0
43879,43879,305,17,10,1,0,23,281.0,205.0,205.0,76.0
43880,43880,305,17,20,1,0,23,209.0,115.0,115.0,94.0
43881,43881,305,17,30,1,0,23,163.0,88.0,88.0,75.0
43882,43882,305,17,40,1,0,23,306.0,217.0,217.0,89.0
43883,43883,305,17,50,1,0,23,275.0,156.0,156.0,119.0
43884,43884,305,18,0,1,0,23,272.0,204.0,204.0,68.0
43885,43885,305,18,10,1,0,23,417.0,324.0,324.0,93.0
43886,43886,305,18,20,1,0,23,197.0,143.0,143.0,54.0
43887,43887,305,18,30,1,0,23,324.0,265.0,265.0,59.0
43888,43888,305,18,40,1,0,23,253.0,209.0,209.0,44.0
43889,43889,305,18,50,1,0,23,244.0,192.0,192.0,52.0
43890,43890,305,19,0,1,0,23,230.0,203.0,203.0,27.0
43891,43891,305,19,10,1,0,23,286.0,255.0,255.0,31.0
43892,43892,305,19,20,1,0,23,173.0,127.0,127.0,46.0
43893,43893,305,19,30,1,0,23,282.0,252.0,252.0,30.0
43894,43894,305,19,40,1,0,23,152.0,134.0,134.0,18.0
43895,43895,305,19,50,1,0,23,131.0,105.0,105.0,26.0
43896,43896,305,20,0,1,0,23,155.0,129.0,129.0,26.0
43897,43897,305,20,10,1,0,23,97.0,65.0,65.0,32.0
43898,43898,305,20,20,1,0,23,120.0,98.0,98.0,22.0
43899,43899,305,20,30,1,0,23,93.0,66.0,66.0,27.0
43900,43900,305,20,40,1,0,23,96.0,53.0,53.0,43.0
43901,43901,305,20,50,1,0,23,131.0,108.0,108.0,23.0
43902,43902,305,21,0,1,0,23,84.0,50.0,50.0,34.0
43903,43903,305,21,10,1,0,23,69.0,40.0,40.0,29.0
43904,43904,305,21,20,1,0,23,121.0,107.0,107.0,14.0
43905,43905,305,21,30,1,0,23,94.0,75.0,75.0,19.0
43906,43906,305,21,40,1,0,23,49.0,42.0,42.0,7.0
43907,43907,305,21,50,1,0,23,61.0,56.0,56.0,5.0
43908,43908,305,22,0,1,0,23,84.0,84.0,84.0,0.0
43909,43909,305,22,10,1,0,23,60.0,60.0,60.0,0.0
43910,43910,305,22,20,1,0,23,52.0,50.0,50.0,2.0
43911,43911,305,22,30,1,0,23,36.0,36.0,36.0,0.0
43912,43912,305,22,40,1,0,23,42.0,42.0,42.0,0.0
43913,43913,305,22,50,1,0,23,36.0,35.0,35.0,1.0
43950,43950,306,5,0,1,0,23,1.0,1.0,1.0,0.0
43951,43951,306,5,10,1,0,23,0.0,0.0,0.0,0.0
43952,43952,306,5,20,1,0,23,0.0,0.0,0.0,0.0
43953,43953,306,5,30,1,0,23,20.0,0.0,0.0,20.0
43954,43954,306,5,40,1,0,23,44.0,0.0,0.0,44.0
43955,43955,306,5,50,1,0,23,56.0,1.0,1.0,55.0
43956,43956,306,6,0,1,0,23,60.0,0.0,0.0,60.0
43957,43957,306,6,10,1,0,23,64.0,2.0,2.0,62.0
43958,43958,306,6,20,1,0,23,111.0,1.0,1.0,110.0
43959,43959,306,6,30,1,0,23,162.0,3.0,3.0,159.0
43960,43960,306,6,40,1,0,23,239.0,34.0,34.0,205.0
43961,43961,306,6,50,1,0,23,250.0,25.0,25.0,225.0
43962,43962,306,7,0,1,0,23,368.0,93.0,93.0,275.0
43963,43963,306,7,10,1,0,23,347.0,71.0,71.0,276.0
43964,43964,306,7,20,1,0,23,462.0,69.0,69.0,393.0
43965,43965,306,7,30,1,0,23,469.0,154.0,154.0,315.0
43966,43966,306,7,40,1,0,23,467.0,141.0,141.0,326.0
43967,43967,306,7,50,1,0,23,489.0,167.0,167.0,322.0
43968,43968,306,8,0,1,0,23,351.0,81.0,81.0,270.0
43969,43969,306,8,10,1,0,23,419.0,172.0,172.0,247.0
43970,43970,306,8,20,1,0,23,347.0,123.0,123.0,224.0
43971,43971,306,8,30,1,0,23,229.0,66.0,66.0,163.0
43972,43972,306,8,40,1,0,23,241.0,82.0,82.0,159.0
43973,43973,306,8,50,1,0,23,194.0,85.0,85.0,109.0
43974,43974,306,9,0,1,0,23,176.0,58.0,58.0,118.0
43975,43975,306,9,10,1,0,23,178.0,76.0,76.0,102.0
43976,43976,306,9,20,1,0,23,148.0,70.0,70.0,78.0
43977,43977,306,9,30,1,0,23,153.0,54.0,54.0,99.0
43978,43978,306,9,40,1,0,23,166.0,87.0,87.0,79.0
43979,43979,306,9,50,1,0,23,140.0,93.0,93.0,47.0
43980,43980,306,10,0,1,0,23,120.0,50.0,50.0,70.0
43981,43981,306,10,10,1,0,23,128.0,40.0,40.0,88.0
43982,43982,306,10,20,1,0,23,121.0,59.0,59.0,62.0
43983,43983,306,10,30,1,0,23,88.0,37.0,37.0,51.0
43984,43984,306,10,40,1,0,23,145.0,70.0,70.0,75.0
43985,43985,306,10,50,1,0,23,129.0,84.0,84.0,45.0
43986,43986,306,11,0,1,0,23,106.0,36.0,36.0,70.0
43987,43987,306,11,10,1,0,23,128.0,57.0,57.0,71.0
43988,43988,306,11,20,1,0,23,115.0,63.0,63.0,52.0
43989,43989,306,11,30,1,0,23,129.0,55.0,55.0,74.0
43990,43990,306,11,40,1,0,23,137.0,72.0,72.0,65.0
43991,43991,306,11,50,1,0,23,123.0,58.0,58.0,65.0
43992,43992,306,12,0,1,0,23,118.0,44.0,44.0,74.0
43993,43993,306,12,10,1,0,23,110.0,45.0,45.0,65.0
43994,43994,306,12,20,1,0,23,147.0,60.0,60.0,87.0
43995,43995,306,12,30,1,0,23,145.0,75.0,75.0,70.0
43996,43996,306,12,40,1,0,23,139.0,68.0,68.0,71.0
43997,43997,306,12,50,1,0,23,111.0,52.0,52.0,59.0
43998,43998,306,13,0,1,0,23,89.0,32.0,32.0,57.0
43999,43999,306,13,10,1,0,23,122.0,71.0,71.0,51.0
44000,44000,306,13,20,1,0,23,114.0,62.0,62.0,52.0
44001,44001,306,13,30,1,0,23,133.0,71.0,71.0,62.0
44002,44002,306,13,40,1,0,23,103.0,62.0,62.0,41.0
44003,44003,306,13,50,1,0,23,110.0,44.0,44.0,66.0
44004,44004,306,14,0,1,0,23,127.0,73.0,73.0,54.0
44005,44005,306,14,10,1,0,23,103.0,58.0,58.0,45.0
44006,44006,306,14,20,1,0,23,141.0,70.0,70.0,71.0
44007,44007,306,14,30,1,0,23,107.0,65.0,65.0,42.0
44008,44008,306,14,40,1,0,23,110.0,50.0,50.0,60.0
44009,44009,306,14,50,1,0,23,112.0,50.0,50.0,62.0
44010,44010,306,15,0,1,0,23,162.0,77.0,77.0,85.0
44011,44011,306,15,10,1,0,23,103.0,55.0,55.0,48.0
44012,44012,306,15,20,1,0,23,135.0,68.0,68.0,67.0
44013,44013,306,15,30,1,0,23,125.0,68.0,68.0,57.0
44014,44014,306,15,40,1,0,23,141.0,39.0,39.0,102.0
44015,44015,306,15,50,1,0,23,174.0,84.0,84.0,90.0
44016,44016,306,16,0,1,0,23,167.0,81.0,81.0,86.0
44017,44017,306,16,10,1,0,23,141.0,56.0,56.0,85.0
44018,44018,306,16,20,1,0,23,184.0,90.0,90.0,94.0
44019,44019,306,16,30,1,0,23,139.0,43.0,43.0,96.0
44020,44020,306,16,40,1,0,23,240.0,81.0,81.0,159.0
44021,44021,306,16,50,1,0,23,269.0,154.0,154.0,115.0
44022,44022,306,17,0,1,0,23,244.0,118.0,118.0,126.0
44023,44023,306,17,10,1,0,23,209.0,108.0,108.0,101.0
44024,44024,306,17,20,1,0,23,212.0,99.0,99.0,113.0
44025,44025,306,17,30,1,0,23,356.0,181.0,181.0,175.0
44026,44026,306,17,40,1,0,23,245.0,122.0,122.0,123.0
44027,44027,306,17,50,1,0,23,315.0,210.0,210.0,105.0
44028,44028,306,18,0,1,0,23,321.0,208.0,208.0,113.0
44029,44029,306,18,10,1,0,23,262.0,170.0,170.0,92.0
44030,44030,306,18,20,1,0,23,333.0,259.0,259.0,74.0
44031,44031,306,18,30,1,0,23,219.0,161.0,161.0,58.0
44032,44032,306,18,40,1,0,23,198.0,140.0,140.0,58.0
44033,44033,306,18,50,1,0,23,313.0,266.0,266.0,47.0
44034,44034,306,19,0,1,0,23,184.0,151.0,151.0,33.0
44035,44035,306,19,10,1,0,23,175.0,123.0,123.0,52.0
44036,44036,306,19,20,1,0,23,301.0,259.0,259.0,42.0
44037,44037,306,19,30,1,0,23,117.0,87.0,87.0,30.0
44038,44038,306,19,40,1,0,23,225.0,182.0,182.0,43.0
44039,44039,306,19,50,1,0,23,104.0,82.0,82.0,22.0
44040,44040,306,20,0,1,0,23,123.0,96.0,96.0,27.0
44041,44041,306,20,10,1,0,23,168.0,119.0,119.0,49.0
44042,44042,306,20,20,1,0,23,124.0,71.0,71.0,53.0
44043,44043,306,20,30,1,0,23,99.0,51.0,51.0,48.0
44044,44044,306,20,40,1,0,23,131.0,103.0,103.0,28.0
44045,44045,306,20,50,1,0,23,83.0,59.0,59.0,24.0
44046,44046,306,21,0,1,0,23,69.0,40.0,40.0,29.0
44047,44047,306,21,10,1,0,23,138.0,117.0,117.0,21.0
44048,44048,306,21,20,1,0,23,82.0,38.0,38.0,44.0
44049,44049,306,21,30,1,0,23,91.0,70.0,70.0,21.0
44050,44050,306,21,40,1,0,23,75.0,45.0,45.0,30.0
44051,44051,306,21,50,1,0,23,106.0,95.0,95.0,11.0
44052,44052,306,22,0,1,0,23,59.0,58.0,58.0,1.0
44053,44053,306,22,10,1,0,23,52.0,51.0,51.0,1.0
44054,44054,306,22,20,1,0,23,36.0,33.0,33.0,3.0
44055,44055,306,22,30,1,0,23,42.0,40.0,40.0,2.0
44056,44056,306,22,40,1,0,23,41.0,39.0,39.0,2.0
44057,44057,306,22,50,1,0,23,27.0,27.0,27.0,0.0
44094,44094,307,5,0,1,0,23,0.0,0.0,0.0,0.0
44095,44095,307,5,10,1,0,23,0.0,0.0,0.0,0.0
44096,44096,307,5,20,1,0,23,4.0,0.0,0.0,4.0
44097,44097,307,5,30,1,0,23,9.0,0.0,0.0,9.0
44098,44098,307,5,40,1,0,23,14.0,1.0,1.0,13.0
44099,44099,307,5,50,1,0,23,20.0,1.0,1.0,19.0
44100,44100,307,6,0,1,0,23,47.0,1.0,1.0,46.0
44101,44101,307,6,10,1,0,23,60.0,9.0,9.0,51.0
44102,44102,307,6,20,1,0,23,87.0,16.0,16.0,71.0
44103,44103,307,6,30,1,0,23,113.0,25.0,25.0,88.0
44104,44104,307,6,40,1,0,23,146.0,38.0,38.0,108.0
44105,44105,307,6,50,1,0,23,192.0,58.0,58.0,134.0
44106,44106,307,7,0,1,0,23,240.0,89.0,89.0,151.0
44107,44107,307,7,10,1,0,23,253.0,97.0,97.0,156.0
44108,44108,307,7,20,1,0,23,322.0,125.0,125.0,197.0
44109,44109,307,7,30,1,0,23,403.0,144.0,144.0,259.0
44110,44110,307,7,40,1,0,23,469.0,207.0,207.0,262.0
44111,44111,307,7,50,1,0,23,573.0,246.0,246.0,327.0
44112,44112,307,8,0,1,0,23,678.0,304.0,304.0,374.0
44113,44113,307,8,10,1,0,23,845.0,462.0,462.0,383.0
44114,44114,307,8,20,1,0,23,713.0,342.0,342.0,371.0
44115,44115,307,8,30,1,0,23,775.0,439.0,439.0,336.0
44116,44116,307,8,40,1,0,23,680.0,400.0,400.0,280.0
44117,44117,307,8,50,1,0,23,598.0,349.0,349.0,249.0
44118,44118,307,9,0,1,0,23,515.0,320.0,320.0,195.0
44119,44119,307,9,10,1,0,23,413.0,213.0,213.0,200.0
44120,44120,307,9,20,1,0,23,348.0,201.0,201.0,147.0
44121,44121,307,9,30,1,0,23,329.0,189.0,189.0,140.0
44122,44122,307,9,40,1,0,23,262.0,125.0,125.0,137.0
44123,44123,307,9,50,1,0,23,203.0,83.0,83.0,120.0
44124,44124,307,10,0,1,0,23,256.0,143.0,143.0,113.0
44125,44125,307,10,10,1,0,23,161.0,81.0,81.0,80.0
44126,44126,307,10,20,1,0,23,250.0,143.0,143.0,107.0
44127,44127,307,10,30,1,0,23,146.0,77.0,77.0,69.0
44128,44128,307,10,40,1,0,23,158.0,64.0,64.0,94.0
44129,44129,307,10,50,1,0,23,171.0,80.0,80.0,91.0
44130,44130,307,11,0,1,0,23,162.0,87.0,87.0,75.0
44131,44131,307,11,10,1,0,23,143.0,65.0,65.0,78.0
44132,44132,307,11,20,1,0,23,146.0,55.0,55.0,91.0
44133,44133,307,11,30,1,0,23,139.0,62.0,62.0,77.0
44134,44134,307,11,40,1,0,23,142.0,70.0,70.0,72.0
44135,44135,307,11,50,1,0,23,208.0,102.0,102.0,106.0
44136,44136,307,12,0,1,0,23,161.0,81.0,81.0,80.0
44137,44137,307,12,10,1,0,23,147.0,65.0,65.0,82.0
44138,44138,307,12,20,1,0,23,168.0,71.0,71.0,97.0
44139,44139,307,12,30,1,0,23,152.0,64.0,64.0,88.0
44140,44140,307,12,40,1,0,23,165.0,85.0,85.0,80.0
44141,44141,307,12,50,1,0,23,188.0,97.0,97.0,91.0
44142,44142,307,13,0,1,0,23,174.0,94.0,94.0,80.0
44143,44143,307,13,10,1,0,23,128.0,54.0,54.0,74.0
44144,44144,307,13,20,1,0,23,171.0,86.0,86.0,85.0
44145,44145,307,13,30,1,0,23,186.0,103.0,103.0,83.0
44146,44146,307,13,40,1,0,23,166.0,96.0,96.0,70.0
44147,44147,307,13,50,1,0,23,183.0,81.0,81.0,102.0
44148,44148,307,14,0,1,0,23,144.0,68.0,68.0,76.0
44149,44149,307,14,10,1,0,23,160.0,83.0,83.0,77.0
44150,44150,307,14,20,1,0,23,146.0,72.0,72.0,74.0
44151,44151,307,14,30,1,0,23,153.0,95.0,95.0,58.0
44152,44152,307,14,40,1,0,23,204.0,96.0,96.0,108.0
44153,44153,307,14,50,1,0,23,153.0,67.0,67.0,86.0
44154,44154,307,15,0,1,0,23,162.0,72.0,72.0,90.0
44155,44155,307,15,10,1,0,23,198.0,102.0,102.0,96.0
44156,44156,307,15,20,1,0,23,180.0,89.0,89.0,91.0
44157,44157,307,15,30,1,0,23,199.0,99.0,99.0,100.0
44158,44158,307,15,40,1,0,23,188.0,84.0,84.0,104.0
44159,44159,307,15,50,1,0,23,181.0,78.0,78.0,103.0
44160,44160,307,16,0,1,0,23,278.0,147.0,147.0,131.0
44161,44161,307,16,10,1,0,23,207.0,75.0,75.0,132.0
44162,44162,307,16,20,1,0,23,225.0,113.0,113.0,112.0
44163,44163,307,16,30,1,0,23,239.0,103.0,103.0,136.0
44164,44164,307,16,40,1,0,23,265.0,117.0,117.0,148.0
44165,44165,307,16,50,1,0,23,272.0,132.0,132.0,140.0
44166,44166,307,17,0,1,0,23,377.0,171.0,171.0,206.0
44167,44167,307,17,10,1,0,23,455.0,147.0,147.0,308.0
44168,44168,307,17,20,1,0,23,447.0,165.0,165.0,282.0
44169,44169,307,17,30,1,0,23,496.0,240.0,240.0,256.0
44170,44170,307,17,40,1,0,23,544.0,220.0,220.0,324.0
44171,44171,307,17,50,1,0,23,590.0,233.0,233.0,357.0
44172,44172,307,18,0,1,0,23,478.0,231.0,231.0,247.0
44173,44173,307,18,10,1,0,23,518.0,265.0,265.0,253.0
44174,44174,307,18,20,1,0,23,508.0,256.0,256.0,252.0
44175,44175,307,18,30,1,0,23,424.0,237.0,237.0,187.0
44176,44176,307,18,40,1,0,23,406.0,226.0,226.0,180.0
44177,44177,307,18,50,1,0,23,394.0,256.0,256.0,138.0
44178,44178,307,19,0,1,0,23,328.0,197.0,197.0,131.0
44179,44179,307,19,10,1,0,23,254.0,129.0,129.0,125.0
44180,44180,307,19,20,1,0,23,267.0,183.0,183.0,84.0
44181,44181,307,19,30,1,0,23,222.0,133.0,133.0,89.0
44182,44182,307,19,40,1,0,23,190.0,108.0,108.0,82.0
44183,44183,307,19,50,1,0,23,187.0,112.0,112.0,75.0
44184,44184,307,20,0,1,0,23,152.0,83.0,83.0,69.0
44185,44185,307,20,10,1,0,23,210.0,125.0,125.0,85.0
44186,44186,307,20,20,1,0,23,138.0,77.0,77.0,61.0
44187,44187,307,20,30,1,0,23,194.0,110.0,110.0,84.0
44188,44188,307,20,40,1,0,23,175.0,95.0,95.0,80.0
44189,44189,307,20,50,1,0,23,156.0,103.0,103.0,53.0
44190,44190,307,21,0,1,0,23,176.0,115.0,115.0,61.0
44191,44191,307,21,10,1,0,23,167.0,86.0,86.0,81.0
44192,44192,307,21,20,1,0,23,150.0,98.0,98.0,52.0
44193,44193,307,21,30,1,0,23,156.0,103.0,103.0,53.0
44194,44194,307,21,40,1,0,23,130.0,86.0,86.0,44.0
44195,44195,307,21,50,1,0,23,160.0,114.0,114.0,46.0
44196,44196,307,22,0,1,0,23,118.0,83.0,83.0,35.0
44197,44197,307,22,10,1,0,23,114.0,92.0,92.0,22.0
44198,44198,307,22,20,1,0,23,84.0,74.0,74.0,10.0
44199,44199,307,22,30,1,0,23,129.0,119.0,119.0,10.0
44200,44200,307,22,40,1,0,23,46.0,40.0,40.0,6.0
44201,44201,307,22,50,1,0,23,23.0,22.0,22.0,1.0
44238,44238,308,5,0,1,0,23,0.0,0.0,0.0,0.0
44239,44239,308,5,10,1,0,23,0.0,0.0,0.0,0.0
44240,44240,308,5,20,1,0,23,2.0,0.0,0.0,2.0
44241,44241,308,5,30,1,0,23,10.0,0.0,0.0,10.0
44242,44242,308,5,40,1,0,23,20.0,0.0,0.0,20.0
44243,44243,308,5,50,1,0,23,29.0,0.0,0.0,29.0
44244,44244,308,6,0,1,0,23,40.0,3.0,3.0,37.0
44245,44245,308,6,10,1,0,23,51.0,3.0,3.0,48.0
44246,44246,308,6,20,1,0,23,74.0,20.0,20.0,54.0
44247,44247,308,6,30,1,0,23,111.0,25.0,25.0,86.0
44248,44248,308,6,40,1,0,23,137.0,25.0,25.0,112.0
44249,44249,308,6,50,1,0,23,159.0,37.0,37.0,122.0
44250,44250,308,7,0,1,0,23,238.0,62.0,62.0,176.0
44251,44251,308,7,10,1,0,23,297.0,92.0,92.0,205.0
44252,44252,308,7,20,1,0,23,410.0,169.0,169.0,241.0
44253,44253,308,7,30,1,0,23,529.0,195.0,195.0,334.0
44254,44254,308,7,40,1,0,23,575.0,211.0,211.0,364.0
44255,44255,308,7,50,1,0,23,529.0,227.0,227.0,302.0
44256,44256,308,8,0,1,0,23,501.0,162.0,162.0,339.0
44257,44257,308,8,10,1,0,23,442.0,148.0,148.0,294.0
44258,44258,308,8,20,1,0,23,414.0,140.0,140.0,274.0
44259,44259,308,8,30,1,0,23,378.0,147.0,147.0,231.0
44260,44260,308,8,40,1,0,23,358.0,152.0,152.0,206.0
44261,44261,308,8,50,1,0,23,263.0,88.0,88.0,175.0
44262,44262,308,9,0,1,0,23,278.0,110.0,110.0,168.0
44263,44263,308,9,10,1,0,23,244.0,100.0,100.0,144.0
44264,44264,308,9,20,1,0,23,239.0,94.0,94.0,145.0
44265,44265,308,9,30,1,0,23,167.0,83.0,83.0,84.0
44266,44266,308,9,40,1,0,23,164.0,79.0,79.0,85.0
44267,44267,308,9,50,1,0,23,160.0,67.0,67.0,93.0
44268,44268,308,10,0,1,0,23,135.0,71.0,71.0,64.0
44269,44269,308,10,10,1,0,23,136.0,74.0,74.0,62.0
44270,44270,308,10,20,1,0,23,118.0,45.0,45.0,73.0
44271,44271,308,10,30,1,0,23,110.0,47.0,47.0,63.0
44272,44272,308,10,40,1,0,23,102.0,57.0,57.0,45.0
44273,44273,308,10,50,1,0,23,113.0,49.0,49.0,64.0
44274,44274,308,11,0,1,0,23,93.0,52.0,52.0,41.0
44275,44275,308,11,10,1,0,23,103.0,59.0,59.0,44.0
44276,44276,308,11,20,1,0,23,104.0,40.0,40.0,64.0
44277,44277,308,11,30,1,0,23,112.0,49.0,49.0,63.0
44278,44278,308,11,40,1,0,23,97.0,50.0,50.0,47.0
44279,44279,308,11,50,1,0,23,110.0,56.0,56.0,54.0
44280,44280,308,12,0,1,0,23,120.0,53.0,53.0,67.0
44281,44281,308,12,10,1,0,23,95.0,28.0,28.0,67.0
44282,44282,308,12,20,1,0,23,119.0,45.0,45.0,74.0
44283,44283,308,12,30,1,0,23,141.0,54.0,54.0,87.0
44284,44284,308,12,40,1,0,23,138.0,64.0,64.0,74.0
44285,44285,308,12,50,1,0,23,141.0,77.0,77.0,64.0
44286,44286,308,13,0,1,0,23,130.0,64.0,64.0,66.0
44287,44287,308,13,10,1,0,23,85.0,32.0,32.0,53.0
44288,44288,308,13,20,1,0,23,123.0,63.0,63.0,60.0
44289,44289,308,13,30,1,0,23,115.0,62.0,62.0,53.0
44290,44290,308,13,40,1,0,23,115.0,64.0,64.0,51.0
44291,44291,308,13,50,1,0,23,111.0,64.0,64.0,47.0
44292,44292,308,14,0,1,0,23,82.0,35.0,35.0,47.0
44293,44293,308,14,10,1,0,23,122.0,72.0,72.0,50.0
44294,44294,308,14,20,1,0,23,128.0,55.0,55.0,73.0
44295,44295,308,14,30,1,0,23,121.0,62.0,62.0,59.0
44296,44296,308,14,40,1,0,23,110.0,66.0,66.0,44.0
44297,44297,308,14,50,1,0,23,84.0,36.0,36.0,48.0
44298,44298,308,15,0,1,0,23,201.0,90.0,90.0,111.0
44299,44299,308,15,10,1,0,23,256.0,83.0,83.0,173.0
44300,44300,308,15,20,1,0,23,161.0,80.0,80.0,81.0
44301,44301,308,15,30,1,0,23,166.0,63.0,63.0,103.0
44302,44302,308,15,40,1,0,23,145.0,78.0,78.0,67.0
44303,44303,308,15,50,1,0,23,161.0,92.0,92.0,69.0
44304,44304,308,16,0,1,0,23,164.0,91.0,91.0,73.0
44305,44305,308,16,10,1,0,23,140.0,71.0,71.0,69.0
44306,44306,308,16,20,1,0,23,160.0,73.0,73.0,87.0
44307,44307,308,16,30,1,0,23,168.0,101.0,101.0,67.0
44308,44308,308,16,40,1,0,23,203.0,90.0,90.0,113.0
44309,44309,308,16,50,1,0,23,199.0,107.0,107.0,92.0
44310,44310,308,17,0,1,0,23,150.0,66.0,66.0,84.0
44311,44311,308,17,10,1,0,23,253.0,120.0,120.0,133.0
44312,44312,308,17,20,1,0,23,244.0,153.0,153.0,91.0
44313,44313,308,17,30,1,0,23,237.0,130.0,130.0,107.0
44314,44314,308,17,40,1,0,23,304.0,168.0,168.0,136.0
44315,44315,308,17,50,1,0,23,358.0,216.0,216.0,142.0
44316,44316,308,18,0,1,0,23,369.0,256.0,256.0,113.0
44317,44317,308,18,10,1,0,23,292.0,145.0,145.0,147.0
44318,44318,308,18,20,1,0,23,354.0,231.0,231.0,123.0
44319,44319,308,18,30,1,0,23,322.0,229.0,229.0,93.0
44320,44320,308,18,40,1,0,23,304.0,209.0,209.0,95.0
44321,44321,308,18,50,1,0,23,225.0,159.0,159.0,66.0
44322,44322,308,19,0,1,0,23,246.0,169.0,169.0,77.0
44323,44323,308,19,10,1,0,23,226.0,155.0,155.0,71.0
44324,44324,308,19,20,1,0,23,157.0,97.0,97.0,60.0
44325,44325,308,19,30,1,0,23,171.0,118.0,118.0,53.0
44326,44326,308,19,40,1,0,23,164.0,123.0,123.0,41.0
44327,44327,308,19,50,1,0,23,161.0,111.0,111.0,50.0
44328,44328,308,20,0,1,0,23,117.0,65.0,65.0,52.0
44329,44329,308,20,10,1,0,23,142.0,84.0,84.0,58.0
44330,44330,308,20,20,1,0,23,114.0,63.0,63.0,51.0
44331,44331,308,20,30,1,0,23,102.0,73.0,73.0,29.0
44332,44332,308,20,40,1,0,23,79.0,40.0,40.0,39.0
44333,44333,308,20,50,1,0,23,122.0,91.0,91.0,31.0
44334,44334,308,21,0,1,0,23,108.0,71.0,71.0,37.0
44335,44335,308,21,10,1,0,23,105.0,75.0,75.0,30.0
44336,44336,308,21,20,1,0,23,109.0,80.0,80.0,29.0
44337,44337,308,21,30,1,0,23,122.0,86.0,86.0,36.0
44338,44338,308,21,40,1,0,23,98.0,69.0,69.0,29.0
44339,44339,308,21,50,1,0,23,89.0,64.0,64.0,25.0
44340,44340,308,22,0,1,0,23,80.0,52.0,52.0,28.0
44341,44341,308,22,10,1,0,23,93.0,72.0,72.0,21.0
44342,44342,308,22,20,1,0,23,64.0,51.0,51.0,13.0
44343,44343,308,22,30,1,0,23,62.0,57.0,57.0,5.0
44344,44344,308,22,40,1,0,23,32.0,31.0,31.0,1.0
44345,44345,308,22,50,1,0,23,35.0,28.0,28.0,7.0
44382,44382,309,5,0,1,0,23,0.0,0.0,0.0,0.0
44383,44383,309,5,10,1,0,23,1.0,0.0,0.0,1.0
44384,44384,309,5,20,1,0,23,0.0,0.0,0.0,0.0
44385,44385,309,5,30,1,0,23,4.0,0.0,0.0,4.0
44386,44386,309,5,40,1,0,23,6.0,0.0,0.0,6.0
44387,44387,309,5,50,1,0,23,25.0,4.0,4.0,21.0
44388,44388,309,6,0,1,0,23,41.0,23.0,23.0,18.0
44389,44389,309,6,10,1,0,23,45.0,22.0,22.0,23.0
44390,44390,309,6,20,1,0,23,99.0,69.0,69.0,30.0
44391,44391,309,6,30,1,0,23,130.0,86.0,86.0,44.0
44392,44392,309,6,40,1,0,23,150.0,96.0,96.0,54.0
44393,44393,309,6,50,1,0,23,208.0,151.0,151.0,57.0
44394,44394,309,7,0,1,0,23,274.0,196.0,196.0,78.0
44395,44395,309,7,10,1,0,23,396.0,303.0,303.0,93.0
44396,44396,309,7,20,1,0,23,412.0,311.0,311.0,101.0
44397,44397,309,7,30,1,0,23,527.0,378.0,378.0,149.0
44398,44398,309,7,40,1,0,23,523.0,342.0,342.0,181.0
44399,44399,309,7,50,1,0,23,651.0,458.0,458.0,193.0
44400,44400,309,8,0,1,0,23,740.0,523.0,523.0,217.0
44401,44401,309,8,10,1,0,23,1028.0,797.0,797.0,231.0
44402,44402,309,8,20,1,0,23,1123.0,847.0,847.0,276.0
44403,44403,309,8,30,1,0,23,1394.0,1145.0,1145.0,249.0
44404,44404,309,8,40,1,0,23,1710.0,1497.0,1497.0,213.0
44405,44405,309,8,50,1,0,23,1562.0,1352.0,1352.0,210.0
44406,44406,309,9,0,1,0,23,1105.0,913.0,913.0,192.0
44407,44407,309,9,10,1,0,23,1101.0,923.0,923.0,178.0
44408,44408,309,9,20,1,0,23,1005.0,833.0,833.0,172.0
44409,44409,309,9,30,1,0,23,778.0,598.0,598.0,180.0
44410,44410,309,9,40,1,0,23,727.0,578.0,578.0,149.0
44411,44411,309,9,50,1,0,23,519.0,387.0,387.0,132.0
44412,44412,309,10,0,1,0,23,473.0,347.0,347.0,126.0
44413,44413,309,10,10,1,0,23,407.0,273.0,273.0,134.0
44414,44414,309,10,20,1,0,23,435.0,305.0,305.0,130.0
44415,44415,309,10,30,1,0,23,362.0,242.0,242.0,120.0
44416,44416,309,10,40,1,0,23,344.0,230.0,230.0,114.0
44417,44417,309,10,50,1,0,23,326.0,194.0,194.0,132.0
44418,44418,309,11,0,1,0,23,303.0,172.0,172.0,131.0
44419,44419,309,11,10,1,0,23,304.0,188.0,188.0,116.0
44420,44420,309,11,20,1,0,23,283.0,174.0,174.0,109.0
44421,44421,309,11,30,1,0,23,306.0,182.0,182.0,124.0
44422,44422,309,11,40,1,0,23,320.0,199.0,199.0,121.0
44423,44423,309,11,50,1,0,23,337.0,184.0,184.0,153.0
44424,44424,309,12,0,1,0,23,285.0,155.0,155.0,130.0
44425,44425,309,12,10,1,0,23,315.0,168.0,168.0,147.0
44426,44426,309,12,20,1,0,23,335.0,191.0,191.0,144.0
44427,44427,309,12,30,1,0,23,374.0,222.0,222.0,152.0
44428,44428,309,12,40,1,0,23,347.0,226.0,226.0,121.0
44429,44429,309,12,50,1,0,23,364.0,226.0,226.0,138.0
44430,44430,309,13,0,1,0,23,358.0,214.0,214.0,144.0
44431,44431,309,13,10,1,0,23,457.0,276.0,276.0,181.0
44432,44432,309,13,20,1,0,23,390.0,232.0,232.0,158.0
44433,44433,309,13,30,1,0,23,284.0,169.0,169.0,115.0
44434,44434,309,13,40,1,0,23,371.0,212.0,212.0,159.0
44435,44435,309,13,50,1,0,23,394.0,235.0,235.0,159.0
44436,44436,309,14,0,1,0,23,380.0,198.0,198.0,182.0
44437,44437,309,14,10,1,0,23,374.0,181.0,181.0,193.0
44438,44438,309,14,20,1,0,23,358.0,194.0,194.0,164.0
44439,44439,309,14,30,1,0,23,302.0,140.0,140.0,162.0
44440,44440,309,14,40,1,0,23,355.0,166.0,166.0,189.0
44441,44441,309,14,50,1,0,23,384.0,214.0,214.0,170.0
44442,44442,309,15,0,1,0,23,336.0,157.0,157.0,179.0
44443,44443,309,15,10,1,0,23,340.0,152.0,152.0,188.0
44444,44444,309,15,20,1,0,23,372.0,157.0,157.0,215.0
44445,44445,309,15,30,1,0,23,358.0,155.0,155.0,203.0
44446,44446,309,15,40,1,0,23,380.0,143.0,143.0,237.0
44447,44447,309,15,50,1,0,23,376.0,172.0,172.0,204.0
44448,44448,309,16,0,1,0,23,378.0,140.0,140.0,238.0
44449,44449,309,16,10,1,0,23,429.0,161.0,161.0,268.0
44450,44450,309,16,20,1,0,23,411.0,145.0,145.0,266.0
44451,44451,309,16,30,1,0,23,517.0,180.0,180.0,337.0
44452,44452,309,16,40,1,0,23,479.0,137.0,137.0,342.0
44453,44453,309,16,50,1,0,23,482.0,190.0,190.0,292.0
44454,44454,309,17,0,1,0,23,558.0,189.0,189.0,369.0
44455,44455,309,17,10,1,0,23,709.0,212.0,212.0,497.0
44456,44456,309,17,20,1,0,23,714.0,280.0,280.0,434.0
44457,44457,309,17,30,1,0,23,835.0,276.0,276.0,559.0
44458,44458,309,17,40,1,0,23,1220.0,299.0,299.0,921.0
44459,44459,309,17,50,1,0,23,960.0,332.0,332.0,628.0
44460,44460,309,18,0,1,0,23,986.0,373.0,373.0,613.0
44461,44461,309,18,10,1,0,23,1286.0,369.0,369.0,917.0
44462,44462,309,18,20,1,0,23,1091.0,345.0,345.0,746.0
44463,44463,309,18,30,1,0,23,854.0,323.0,323.0,531.0
44464,44464,309,18,40,1,0,23,818.0,331.0,331.0,487.0
44465,44465,309,18,50,1,0,23,666.0,244.0,244.0,422.0
44466,44466,309,19,0,1,0,23,566.0,226.0,226.0,340.0
44467,44467,309,19,10,1,0,23,576.0,196.0,196.0,380.0
44468,44468,309,19,20,1,0,23,452.0,167.0,167.0,285.0
44469,44469,309,19,30,1,0,23,428.0,150.0,150.0,278.0
44470,44470,309,19,40,1,0,23,380.0,114.0,114.0,266.0
44471,44471,309,19,50,1,0,23,328.0,117.0,117.0,211.0
44472,44472,309,20,0,1,0,23,378.0,112.0,112.0,266.0
44473,44473,309,20,10,1,0,23,355.0,100.0,100.0,255.0
44474,44474,309,20,20,1,0,23,293.0,75.0,75.0,218.0
44475,44475,309,20,30,1,0,23,303.0,78.0,78.0,225.0
44476,44476,309,20,40,1,0,23,359.0,79.0,79.0,280.0
44477,44477,309,20,50,1,0,23,351.0,75.0,75.0,276.0
44478,44478,309,21,0,1,0,23,345.0,73.0,73.0,272.0
44479,44479,309,21,10,1,0,23,370.0,81.0,81.0,289.0
44480,44480,309,21,20,1,0,23,325.0,74.0,74.0,251.0
44481,44481,309,21,30,1,0,23,326.0,62.0,62.0,264.0
44482,44482,309,21,40,1,0,23,327.0,74.0,74.0,253.0
44483,44483,309,21,50,1,0,23,222.0,48.0,48.0,174.0
44484,44484,309,22,0,1,0,23,500.0,60.0,60.0,440.0
44485,44485,309,22,10,1,0,23,331.0,46.0,46.0,285.0
44486,44486,309,22,20,1,0,23,177.0,40.0,40.0,137.0
44487,44487,309,22,30,1,0,23,132.0,56.0,56.0,76.0
44488,44488,309,22,40,1,0,23,91.0,44.0,44.0,47.0
44489,44489,309,22,50,1,0,23,30.0,20.0,20.0,10.0
44526,44526,310,5,0,1,0,23,1.0,0.0,0.0,1.0
44527,44527,310,5,10,1,0,23,4.0,0.0,0.0,4.0
44528,44528,310,5,20,1,0,23,6.0,1.0,1.0,5.0
44529,44529,310,5,30,1,0,23,7.0,0.0,0.0,7.0
44530,44530,310,5,40,1,0,23,5.0,0.0,0.0,5.0
44531,44531,310,5,50,1,0,23,24.0,0.0,0.0,24.0
44532,44532,310,6,0,1,0,23,30.0,0.0,0.0,30.0
44533,44533,310,6,10,1,0,23,44.0,0.0,0.0,44.0
44534,44534,310,6,20,1,0,23,77.0,27.0,27.0,50.0
44535,44535,310,6,30,1,0,23,129.0,38.0,38.0,91.0
44536,44536,310,6,40,1,0,23,178.0,59.0,59.0,119.0
44537,44537,310,6,50,1,0,23,202.0,44.0,44.0,158.0
44538,44538,310,7,0,1,0,23,249.0,76.0,76.0,173.0
44539,44539,310,7,10,1,0,23,374.0,126.0,126.0,248.0
44540,44540,310,7,20,1,0,23,415.0,105.0,105.0,310.0
44541,44541,310,7,30,1,0,23,585.0,173.0,173.0,412.0
44542,44542,310,7,40,1,0,23,698.0,210.0,210.0,488.0
44543,44543,310,7,50,1,0,23,1033.0,385.0,385.0,648.0
44544,44544,310,8,0,1,0,23,1136.0,479.0,479.0,657.0
44545,44545,310,8,10,1,0,23,1486.0,707.0,707.0,779.0
44546,44546,310,8,20,1,0,23,1258.0,631.0,631.0,627.0
44547,44547,310,8,30,1,0,23,1513.0,855.0,855.0,658.0
44548,44548,310,8,40,1,0,23,1203.0,739.0,739.0,464.0
44549,44549,310,8,50,1,0,23,1045.0,631.0,631.0,414.0
44550,44550,310,9,0,1,0,23,903.0,581.0,581.0,322.0
44551,44551,310,9,10,1,0,23,639.0,343.0,343.0,296.0
44552,44552,310,9,20,1,0,23,506.0,253.0,253.0,253.0
44553,44553,310,9,30,1,0,23,575.0,383.0,383.0,192.0
44554,44554,310,9,40,1,0,23,399.0,209.0,209.0,190.0
44555,44555,310,9,50,1,0,23,416.0,255.0,255.0,161.0
44556,44556,310,10,0,1,0,23,344.0,174.0,174.0,170.0
44557,44557,310,10,10,1,0,23,245.0,117.0,117.0,128.0
44558,44558,310,10,20,1,0,23,293.0,129.0,129.0,164.0
44559,44559,310,10,30,1,0,23,297.0,176.0,176.0,121.0
44560,44560,310,10,40,1,0,23,198.0,87.0,87.0,111.0
44561,44561,310,10,50,1,0,23,195.0,89.0,89.0,106.0
44562,44562,310,11,0,1,0,23,232.0,108.0,108.0,124.0
44563,44563,310,11,10,1,0,23,196.0,79.0,79.0,117.0
44564,44564,310,11,20,1,0,23,237.0,99.0,99.0,138.0
44565,44565,310,11,30,1,0,23,195.0,59.0,59.0,136.0
44566,44566,310,11,40,1,0,23,188.0,98.0,98.0,90.0
44567,44567,310,11,50,1,0,23,201.0,94.0,94.0,107.0
44568,44568,310,12,0,1,0,23,239.0,103.0,103.0,136.0
44569,44569,310,12,10,1,0,23,212.0,91.0,91.0,121.0
44570,44570,310,12,20,1,0,23,165.0,61.0,61.0,104.0
44571,44571,310,12,30,1,0,23,188.0,88.0,88.0,100.0
44572,44572,310,12,40,1,0,23,264.0,134.0,134.0,130.0
44573,44573,310,12,50,1,0,23,210.0,100.0,100.0,110.0
44574,44574,310,13,0,1,0,23,278.0,160.0,160.0,118.0
44575,44575,310,13,10,1,0,23,300.0,157.0,157.0,143.0
44576,44576,310,13,20,1,0,23,239.0,117.0,117.0,122.0
44577,44577,310,13,30,1,0,23,240.0,149.0,149.0,91.0
44578,44578,310,13,40,1,0,23,274.0,168.0,168.0,106.0
44579,44579,310,13,50,1,0,23,258.0,152.0,152.0,106.0
44580,44580,310,14,0,1,0,23,228.0,120.0,120.0,108.0
44581,44581,310,14,10,1,0,23,195.0,68.0,68.0,127.0
44582,44582,310,14,20,1,0,23,251.0,118.0,118.0,133.0
44583,44583,310,14,30,1,0,23,254.0,133.0,133.0,121.0
44584,44584,310,14,40,1,0,23,277.0,144.0,144.0,133.0
44585,44585,310,14,50,1,0,23,296.0,135.0,135.0,161.0
44586,44586,310,15,0,1,0,23,201.0,88.0,88.0,113.0
44587,44587,310,15,10,1,0,23,262.0,112.0,112.0,150.0
44588,44588,310,15,20,1,0,23,275.0,120.0,120.0,155.0
44589,44589,310,15,30,1,0,23,282.0,127.0,127.0,155.0
44590,44590,310,15,40,1,0,23,289.0,143.0,143.0,146.0
44591,44591,310,15,50,1,0,23,273.0,127.0,127.0,146.0
44592,44592,310,16,0,1,0,23,233.0,60.0,60.0,173.0
44593,44593,310,16,10,1,0,23,377.0,183.0,183.0,194.0
44594,44594,310,16,20,1,0,23,301.0,96.0,96.0,205.0
44595,44595,310,16,30,1,0,23,339.0,125.0,125.0,214.0
44596,44596,310,16,40,1,0,23,446.0,126.0,126.0,320.0
44597,44597,310,16,50,1,0,23,480.0,147.0,147.0,333.0
44598,44598,310,17,0,1,0,23,550.0,121.0,121.0,429.0
44599,44599,310,17,10,1,0,23,726.0,182.0,182.0,544.0
44600,44600,310,17,20,1,0,23,674.0,229.0,229.0,445.0
44601,44601,310,17,30,1,0,23,688.0,193.0,193.0,495.0
44602,44602,310,17,40,1,0,23,1059.0,297.0,297.0,762.0
44603,44603,310,17,50,1,0,23,1035.0,306.0,306.0,729.0
44604,44604,310,18,0,1,0,23,952.0,398.0,398.0,554.0
44605,44605,310,18,10,1,0,23,878.0,314.0,314.0,564.0
44606,44606,310,18,20,1,0,23,664.0,298.0,298.0,366.0
44607,44607,310,18,30,1,0,23,658.0,358.0,358.0,300.0
44608,44608,310,18,40,1,0,23,704.0,391.0,391.0,313.0
44609,44609,310,18,50,1,0,23,431.0,203.0,203.0,228.0
44610,44610,310,19,0,1,0,23,510.0,322.0,322.0,188.0
44611,44611,310,19,10,1,0,23,341.0,215.0,215.0,126.0
44612,44612,310,19,20,1,0,23,329.0,182.0,182.0,147.0
44613,44613,310,19,30,1,0,23,256.0,132.0,132.0,124.0
44614,44614,310,19,40,1,0,23,256.0,160.0,160.0,96.0
44615,44615,310,19,50,1,0,23,204.0,111.0,111.0,93.0
44616,44616,310,20,0,1,0,23,254.0,121.0,121.0,133.0
44617,44617,310,20,10,1,0,23,150.0,57.0,57.0,93.0
44618,44618,310,20,20,1,0,23,242.0,133.0,133.0,109.0
44619,44619,310,20,30,1,0,23,203.0,95.0,95.0,108.0
44620,44620,310,20,40,1,0,23,188.0,76.0,76.0,112.0
44621,44621,310,20,50,1,0,23,195.0,108.0,108.0,87.0
44622,44622,310,21,0,1,0,23,187.0,90.0,90.0,97.0
44623,44623,310,21,10,1,0,23,186.0,93.0,93.0,93.0
44624,44624,310,21,20,1,0,23,185.0,90.0,90.0,95.0
44625,44625,310,21,30,1,0,23,136.0,73.0,73.0,63.0
44626,44626,310,21,40,1,0,23,157.0,103.0,103.0,54.0
44627,44627,310,21,50,1,0,23,152.0,95.0,95.0,57.0
44628,44628,310,22,0,1,0,23,162.0,82.0,82.0,80.0
44629,44629,310,22,10,1,0,23,138.0,73.0,73.0,65.0
44630,44630,310,22,20,1,0,23,86.0,57.0,57.0,29.0
44631,44631,310,22,30,1,0,23,50.0,50.0,50.0,0.0
44632,44632,310,22,40,1,0,23,50.0,50.0,50.0,0.0
44633,44633,310,22,50,1,0,23,30.0,30.0,30.0,0.0
44670,44670,311,5,0,1,0,23,0.0,0.0,0.0,0.0
44671,44671,311,5,10,1,0,23,0.0,0.0,0.0,0.0
44672,44672,311,5,20,1,0,23,0.0,0.0,0.0,0.0
44673,44673,311,5,30,1,0,23,6.0,0.0,0.0,6.0
44674,44674,311,5,40,1,0,23,10.0,0.0,0.0,10.0
44675,44675,311,5,50,1,0,23,12.0,2.0,2.0,10.0
44676,44676,311,6,0,1,0,23,18.0,6.0,6.0,12.0
44677,44677,311,6,10,1,0,23,19.0,4.0,4.0,15.0
44678,44678,311,6,20,1,0,23,39.0,10.0,10.0,29.0
44679,44679,311,6,30,1,0,23,65.0,36.0,36.0,29.0
44680,44680,311,6,40,1,0,23,107.0,61.0,61.0,46.0
44681,44681,311,6,50,1,0,23,81.0,32.0,32.0,49.0
44682,44682,311,7,0,1,0,23,133.0,72.0,72.0,61.0
44683,44683,311,7,10,1,0,23,200.0,103.0,103.0,97.0
44684,44684,311,7,20,1,0,23,227.0,118.0,118.0,109.0
44685,44685,311,7,30,1,0,23,301.0,169.0,169.0,132.0
44686,44686,311,7,40,1,0,23,371.0,212.0,212.0,159.0
44687,44687,311,7,50,1,0,23,481.0,305.0,305.0,176.0
44688,44688,311,8,0,1,0,23,625.0,447.0,447.0,178.0
44689,44689,311,8,10,1,0,23,860.0,658.0,658.0,202.0
44690,44690,311,8,20,1,0,23,967.0,755.0,755.0,212.0
44691,44691,311,8,30,1,0,23,1202.0,1011.0,1011.0,191.0
44692,44692,311,8,40,1,0,23,1450.0,1302.0,1302.0,148.0
44693,44693,311,8,50,1,0,23,1325.0,1150.0,1150.0,175.0
44694,44694,311,9,0,1,0,23,1007.0,856.0,856.0,151.0
44695,44695,311,9,10,1,0,23,805.0,671.0,671.0,134.0
44696,44696,311,9,20,1,0,23,722.0,581.0,581.0,141.0
44697,44697,311,9,30,1,0,23,611.0,514.0,514.0,97.0
44698,44698,311,9,40,1,0,23,475.0,379.0,379.0,96.0
44699,44699,311,9,50,1,0,23,474.0,348.0,348.0,126.0
44700,44700,311,10,0,1,0,23,333.0,239.0,239.0,94.0
44701,44701,311,10,10,1,0,23,308.0,226.0,226.0,82.0
44702,44702,311,10,20,1,0,23,234.0,131.0,131.0,103.0
44703,44703,311,10,30,1,0,23,258.0,153.0,153.0,105.0
44704,44704,311,10,40,1,0,23,267.0,160.0,160.0,107.0
44705,44705,311,10,50,1,0,23,218.0,122.0,122.0,96.0
44706,44706,311,11,0,1,0,23,219.0,117.0,117.0,102.0
44707,44707,311,11,10,1,0,23,211.0,116.0,116.0,95.0
44708,44708,311,11,20,1,0,23,245.0,125.0,125.0,120.0
44709,44709,311,11,30,1,0,23,261.0,141.0,141.0,120.0
44710,44710,311,11,40,1,0,23,265.0,146.0,146.0,119.0
44711,44711,311,11,50,1,0,23,278.0,154.0,154.0,124.0
44712,44712,311,12,0,1,0,23,272.0,130.0,130.0,142.0
44713,44713,311,12,10,1,0,23,246.0,102.0,102.0,144.0
44714,44714,311,12,20,1,0,23,299.0,177.0,177.0,122.0
44715,44715,311,12,30,1,0,23,323.0,168.0,168.0,155.0
44716,44716,311,12,40,1,0,23,337.0,168.0,168.0,169.0
44717,44717,311,12,50,1,0,23,315.0,170.0,170.0,145.0
44718,44718,311,13,0,1,0,23,275.0,120.0,120.0,155.0
44719,44719,311,13,10,1,0,23,296.0,124.0,124.0,172.0
44720,44720,311,13,20,1,0,23,321.0,144.0,144.0,177.0
44721,44721,311,13,30,1,0,23,283.0,113.0,113.0,170.0
44722,44722,311,13,40,1,0,23,277.0,140.0,140.0,137.0
44723,44723,311,13,50,1,0,23,252.0,111.0,111.0,141.0
44724,44724,311,14,0,1,0,23,254.0,107.0,107.0,147.0
44725,44725,311,14,10,1,0,23,258.0,112.0,112.0,146.0
44726,44726,311,14,20,1,0,23,231.0,120.0,120.0,111.0
44727,44727,311,14,30,1,0,23,256.0,124.0,124.0,132.0
44728,44728,311,14,40,1,0,23,316.0,127.0,127.0,189.0
44729,44729,311,14,50,1,0,23,249.0,94.0,94.0,155.0
44730,44730,311,15,0,1,0,23,281.0,139.0,139.0,142.0
44731,44731,311,15,10,1,0,23,289.0,96.0,96.0,193.0
44732,44732,311,15,20,1,0,23,277.0,106.0,106.0,171.0
44733,44733,311,15,30,1,0,23,259.0,119.0,119.0,140.0
44734,44734,311,15,40,1,0,23,287.0,135.0,135.0,152.0
44735,44735,311,15,50,1,0,23,295.0,113.0,113.0,182.0
44736,44736,311,16,0,1,0,23,266.0,113.0,113.0,153.0
44737,44737,311,16,10,1,0,23,292.0,118.0,118.0,174.0
44738,44738,311,16,20,1,0,23,342.0,137.0,137.0,205.0
44739,44739,311,16,30,1,0,23,308.0,119.0,119.0,189.0
44740,44740,311,16,40,1,0,23,325.0,114.0,114.0,211.0
44741,44741,311,16,50,1,0,23,382.0,122.0,122.0,260.0
44742,44742,311,17,0,1,0,23,450.0,143.0,143.0,307.0
44743,44743,311,17,10,1,0,23,533.0,146.0,146.0,387.0
44744,44744,311,17,20,1,0,23,579.0,167.0,167.0,412.0
44745,44745,311,17,30,1,0,23,657.0,172.0,172.0,485.0
44746,44746,311,17,40,1,0,23,974.0,205.0,205.0,769.0
44747,44747,311,17,50,1,0,23,815.0,239.0,239.0,576.0
44748,44748,311,18,0,1,0,23,827.0,225.0,225.0,602.0
44749,44749,311,18,10,1,0,23,1141.0,253.0,253.0,888.0
44750,44750,311,18,20,1,0,23,944.0,241.0,241.0,703.0
44751,44751,311,18,30,1,0,23,709.0,209.0,209.0,500.0
44752,44752,311,18,40,1,0,23,709.0,245.0,245.0,464.0
44753,44753,311,18,50,1,0,23,577.0,210.0,210.0,367.0
44754,44754,311,19,0,1,0,23,569.0,207.0,207.0,362.0
44755,44755,311,19,10,1,0,23,458.0,151.0,151.0,307.0
44756,44756,311,19,20,1,0,23,433.0,177.0,177.0,256.0
44757,44757,311,19,30,1,0,23,413.0,136.0,136.0,277.0
44758,44758,311,19,40,1,0,23,347.0,113.0,113.0,234.0
44759,44759,311,19,50,1,0,23,302.0,76.0,76.0,226.0
44760,44760,311,20,0,1,0,23,301.0,75.0,75.0,226.0
44761,44761,311,20,10,1,0,23,309.0,81.0,81.0,228.0
44762,44762,311,20,20,1,0,23,249.0,72.0,72.0,177.0
44763,44763,311,20,30,1,0,23,246.0,47.0,47.0,199.0
44764,44764,311,20,40,1,0,23,263.0,63.0,63.0,200.0
44765,44765,311,20,50,1,0,23,245.0,62.0,62.0,183.0
44766,44766,311,21,0,1,0,23,244.0,51.0,51.0,193.0
44767,44767,311,21,10,1,0,23,258.0,56.0,56.0,202.0
44768,44768,311,21,20,1,0,23,206.0,46.0,46.0,160.0
44769,44769,311,21,30,1,0,23,255.0,60.0,60.0,195.0
44770,44770,311,21,40,1,0,23,188.0,55.0,55.0,133.0
44771,44771,311,21,50,1,0,23,147.0,32.0,32.0,115.0
44772,44772,311,22,0,1,0,23,196.0,57.0,57.0,139.0
44773,44773,311,22,10,1,0,23,122.0,41.0,41.0,81.0
44774,44774,311,22,20,1,0,23,115.0,33.0,33.0,82.0
44775,44775,311,22,30,1,0,23,52.0,30.0,30.0,22.0
44776,44776,311,22,40,1,0,23,53.0,43.0,43.0,10.0
44777,44777,311,22,50,1,0,23,24.0,15.0,15.0,9.0
44814,44814,312,5,0,1,0,23,0.0,0.0,0.0,0.0
44815,44815,312,5,10,1,0,23,0.0,0.0,0.0,0.0
44816,44816,312,5,20,1,0,23,7.0,0.0,0.0,7.0
44817,44817,312,5,30,1,0,23,11.0,0.0,0.0,11.0
44818,44818,312,5,40,1,0,23,12.0,0.0,0.0,12.0
44819,44819,312,5,50,1,0,23,25.0,1.0,1.0,24.0
44820,44820,312,6,0,1,0,23,30.0,0.0,0.0,30.0
44821,44821,312,6,10,1,0,23,29.0,4.0,4.0,25.0
44822,44822,312,6,20,1,0,23,45.0,6.0,6.0,39.0
44823,44823,312,6,30,1,0,23,71.0,10.0,10.0,61.0
44824,44824,312,6,40,1,0,23,113.0,13.0,13.0,100.0
44825,44825,312,6,50,1,0,23,153.0,18.0,18.0,135.0
44826,44826,312,7,0,1,0,23,167.0,33.0,33.0,134.0
44827,44827,312,7,10,1,0,23,217.0,48.0,48.0,169.0
44828,44828,312,7,20,1,0,23,290.0,68.0,68.0,222.0
44829,44829,312,7,30,1,0,23,296.0,94.0,94.0,202.0
44830,44830,312,7,40,1,0,23,413.0,156.0,156.0,257.0
44831,44831,312,7,50,1,0,23,458.0,147.0,147.0,311.0
44832,44832,312,8,0,1,0,23,599.0,209.0,209.0,390.0
44833,44833,312,8,10,1,0,23,561.0,208.0,208.0,353.0
44834,44834,312,8,20,1,0,23,448.0,165.0,165.0,283.0
44835,44835,312,8,30,1,0,23,410.0,173.0,173.0,237.0
44836,44836,312,8,40,1,0,23,423.0,181.0,181.0,242.0
44837,44837,312,8,50,1,0,23,317.0,128.0,128.0,189.0
44838,44838,312,9,0,1,0,23,225.0,52.0,52.0,173.0
44839,44839,312,9,10,1,0,23,206.0,68.0,68.0,138.0
44840,44840,312,9,20,1,0,23,132.0,56.0,56.0,76.0
44841,44841,312,9,30,1,0,23,119.0,46.0,46.0,73.0
44842,44842,312,9,40,1,0,23,100.0,30.0,30.0,70.0
44843,44843,312,9,50,1,0,23,101.0,27.0,27.0,74.0
44844,44844,312,10,0,1,0,23,89.0,33.0,33.0,56.0
44845,44845,312,10,10,1,0,23,78.0,35.0,35.0,43.0
44846,44846,312,10,20,1,0,23,53.0,18.0,18.0,35.0
44847,44847,312,10,30,1,0,23,64.0,23.0,23.0,41.0
44848,44848,312,10,40,1,0,23,72.0,24.0,24.0,48.0
44849,44849,312,10,50,1,0,23,54.0,30.0,30.0,24.0
44850,44850,312,11,0,1,0,23,66.0,27.0,27.0,39.0
44851,44851,312,11,10,1,0,23,54.0,22.0,22.0,32.0
44852,44852,312,11,20,1,0,23,55.0,25.0,25.0,30.0
44853,44853,312,11,30,1,0,23,47.0,20.0,20.0,27.0
44854,44854,312,11,40,1,0,23,67.0,27.0,27.0,40.0
44855,44855,312,11,50,1,0,23,53.0,22.0,22.0,31.0
44856,44856,312,12,0,1,0,23,46.0,18.0,18.0,28.0
44857,44857,312,12,10,1,0,23,42.0,16.0,16.0,26.0
44858,44858,312,12,20,1,0,23,80.0,33.0,33.0,47.0
44859,44859,312,12,30,1,0,23,51.0,23.0,23.0,28.0
44860,44860,312,12,40,1,0,23,77.0,35.0,35.0,42.0
44861,44861,312,12,50,1,0,23,51.0,24.0,24.0,27.0
44862,44862,312,13,0,1,0,23,53.0,22.0,22.0,31.0
44863,44863,312,13,10,1,0,23,47.0,17.0,17.0,30.0
44864,44864,312,13,20,1,0,23,64.0,32.0,32.0,32.0
44865,44865,312,13,30,1,0,23,56.0,30.0,30.0,26.0
44866,44866,312,13,40,1,0,23,44.0,22.0,22.0,22.0
44867,44867,312,13,50,1,0,23,65.0,32.0,32.0,33.0
44868,44868,312,14,0,1,0,23,59.0,31.0,31.0,28.0
44869,44869,312,14,10,1,0,23,72.0,40.0,40.0,32.0
44870,44870,312,14,20,1,0,23,58.0,33.0,33.0,25.0
44871,44871,312,14,30,1,0,23,76.0,38.0,38.0,38.0
44872,44872,312,14,40,1,0,23,60.0,27.0,27.0,33.0
44873,44873,312,14,50,1,0,23,51.0,16.0,16.0,35.0
44874,44874,312,15,0,1,0,23,59.0,31.0,31.0,28.0
44875,44875,312,15,10,1,0,23,59.0,31.0,31.0,28.0
44876,44876,312,15,20,1,0,23,77.0,37.0,37.0,40.0
44877,44877,312,15,30,1,0,23,73.0,36.0,36.0,37.0
44878,44878,312,15,40,1,0,23,78.0,39.0,39.0,39.0
44879,44879,312,15,50,1,0,23,81.0,48.0,48.0,33.0
44880,44880,312,16,0,1,0,23,55.0,27.0,27.0,28.0
44881,44881,312,16,10,1,0,23,70.0,33.0,33.0,37.0
44882,44882,312,16,20,1,0,23,116.0,27.0,27.0,89.0
44883,44883,312,16,30,1,0,23,122.0,40.0,40.0,82.0
44884,44884,312,16,40,1,0,23,134.0,47.0,47.0,87.0
44885,44885,312,16,50,1,0,23,163.0,56.0,56.0,107.0
44886,44886,312,17,0,1,0,23,180.0,58.0,58.0,122.0
44887,44887,312,17,10,1,0,23,229.0,52.0,52.0,177.0
44888,44888,312,17,20,1,0,23,174.0,71.0,71.0,103.0
44889,44889,312,17,30,1,0,23,241.0,95.0,95.0,146.0
44890,44890,312,17,40,1,0,23,311.0,102.0,102.0,209.0
44891,44891,312,17,50,1,0,23,330.0,103.0,103.0,227.0
44892,44892,312,18,0,1,0,23,359.0,143.0,143.0,216.0
44893,44893,312,18,10,1,0,23,320.0,148.0,148.0,172.0
44894,44894,312,18,20,1,0,23,321.0,128.0,128.0,193.0
44895,44895,312,18,30,1,0,23,269.0,115.0,115.0,154.0
44896,44896,312,18,40,1,0,23,350.0,184.0,184.0,166.0
44897,44897,312,18,50,1,0,23,280.0,176.0,176.0,104.0
44898,44898,312,19,0,1,0,23,232.0,136.0,136.0,96.0
44899,44899,312,19,10,1,0,23,136.0,91.0,91.0,45.0
44900,44900,312,19,20,1,0,23,165.0,98.0,98.0,67.0
44901,44901,312,19,30,1,0,23,140.0,83.0,83.0,57.0
44902,44902,312,19,40,1,0,23,108.0,71.0,71.0,37.0
44903,44903,312,19,50,1,0,23,107.0,73.0,73.0,34.0
44904,44904,312,20,0,1,0,23,88.0,60.0,60.0,28.0
44905,44905,312,20,10,1,0,23,93.0,63.0,63.0,30.0
44906,44906,312,20,20,1,0,23,73.0,51.0,51.0,22.0
44907,44907,312,20,30,1,0,23,70.0,53.0,53.0,17.0
44908,44908,312,20,40,1,0,23,57.0,35.0,35.0,22.0
44909,44909,312,20,50,1,0,23,52.0,36.0,36.0,16.0
44910,44910,312,21,0,1,0,23,85.0,57.0,57.0,28.0
44911,44911,312,21,10,1,0,23,55.0,41.0,41.0,14.0
44912,44912,312,21,20,1,0,23,53.0,34.0,34.0,19.0
44913,44913,312,21,30,1,0,23,83.0,64.0,64.0,19.0
44914,44914,312,21,40,1,0,23,41.0,30.0,30.0,11.0
44915,44915,312,21,50,1,0,23,60.0,55.0,55.0,5.0
44916,44916,312,22,0,1,0,23,55.0,42.0,42.0,13.0
44917,44917,312,22,10,1,0,23,66.0,44.0,44.0,22.0
44918,44918,312,22,20,1,0,23,41.0,33.0,33.0,8.0
44919,44919,312,22,30,1,0,23,40.0,40.0,40.0,0.0
44920,44920,312,22,40,1,0,23,35.0,35.0,35.0,0.0
44921,44921,312,22,50,1,0,23,37.0,36.0,36.0,1.0
44958,44958,313,5,0,1,0,23,0.0,0.0,0.0,0.0
44959,44959,313,5,10,1,0,23,0.0,0.0,0.0,0.0
44960,44960,313,5,20,1,0,23,5.0,0.0,0.0,5.0
44961,44961,313,5,30,1,0,23,25.0,0.0,0.0,25.0
44962,44962,313,5,40,1,0,23,23.0,0.0,0.0,23.0
44963,44963,313,5,50,1,0,23,30.0,0.0,0.0,30.0
44964,44964,313,6,0,1,0,23,42.0,0.0,0.0,42.0
44965,44965,313,6,10,1,0,23,64.0,1.0,1.0,63.0
44966,44966,313,6,20,1,0,23,60.0,0.0,0.0,60.0
44967,44967,313,6,30,1,0,23,90.0,0.0,0.0,90.0
44968,44968,313,6,40,1,0,23,154.0,66.0,66.0,88.0
44969,44969,313,6,50,1,0,23,179.0,25.0,25.0,154.0
44970,44970,313,7,0,1,0,23,146.0,13.0,13.0,133.0
44971,44971,313,7,10,1,0,23,179.0,26.0,26.0,153.0
44972,44972,313,7,20,1,0,23,262.0,48.0,48.0,214.0
44973,44973,313,7,30,1,0,23,271.0,25.0,25.0,246.0
44974,44974,313,7,40,1,0,23,240.0,66.0,66.0,174.0
44975,44975,313,7,50,1,0,23,234.0,51.0,51.0,183.0
44976,44976,313,8,0,1,0,23,142.0,27.0,27.0,115.0
44977,44977,313,8,10,1,0,23,183.0,62.0,62.0,121.0
44978,44978,313,8,20,1,0,23,108.0,15.0,15.0,93.0
44979,44979,313,8,30,1,0,23,91.0,25.0,25.0,66.0
44980,44980,313,8,40,1,0,23,153.0,84.0,84.0,69.0
44981,44981,313,8,50,1,0,23,109.0,49.0,49.0,60.0
44982,44982,313,9,0,1,0,23,102.0,38.0,38.0,64.0
44983,44983,313,9,10,1,0,23,110.0,59.0,59.0,51.0
44984,44984,313,9,20,1,0,23,104.0,52.0,52.0,52.0
44985,44985,313,9,30,1,0,23,91.0,46.0,46.0,45.0
44986,44986,313,9,40,1,0,23,63.0,33.0,33.0,30.0
44987,44987,313,9,50,1,0,23,89.0,56.0,56.0,33.0
44988,44988,313,10,0,1,0,23,80.0,41.0,41.0,39.0
44989,44989,313,10,10,1,0,23,72.0,46.0,46.0,26.0
44990,44990,313,10,20,1,0,23,54.0,29.0,29.0,25.0
44991,44991,313,10,30,1,0,23,76.0,27.0,27.0,49.0
44992,44992,313,10,40,1,0,23,80.0,54.0,54.0,26.0
44993,44993,313,10,50,1,0,23,114.0,51.0,51.0,63.0
44994,44994,313,11,0,1,0,23,69.0,33.0,33.0,36.0
44995,44995,313,11,10,1,0,23,90.0,57.0,57.0,33.0
44996,44996,313,11,20,1,0,23,93.0,41.0,41.0,52.0
44997,44997,313,11,30,1,0,23,77.0,34.0,34.0,43.0
44998,44998,313,11,40,1,0,23,91.0,51.0,51.0,40.0
44999,44999,313,11,50,1,0,23,84.0,45.0,45.0,39.0
45000,45000,313,12,0,1,0,23,88.0,38.0,38.0,50.0
45001,45001,313,12,10,1,0,23,74.0,36.0,36.0,38.0
45002,45002,313,12,20,1,0,23,91.0,38.0,38.0,53.0
45003,45003,313,12,30,1,0,23,98.0,53.0,53.0,45.0
45004,45004,313,12,40,1,0,23,82.0,49.0,49.0,33.0
45005,45005,313,12,50,1,0,23,62.0,25.0,25.0,37.0
45006,45006,313,13,0,1,0,23,89.0,41.0,41.0,48.0
45007,45007,313,13,10,1,0,23,66.0,40.0,40.0,26.0
45008,45008,313,13,20,1,0,23,81.0,39.0,39.0,42.0
45009,45009,313,13,30,1,0,23,98.0,44.0,44.0,54.0
45010,45010,313,13,40,1,0,23,46.0,17.0,17.0,29.0
45011,45011,313,13,50,1,0,23,58.0,29.0,29.0,29.0
45012,45012,313,14,0,1,0,23,87.0,47.0,47.0,40.0
45013,45013,313,14,10,1,0,23,94.0,35.0,35.0,59.0
45014,45014,313,14,20,1,0,23,67.0,30.0,30.0,37.0
45015,45015,313,14,30,1,0,23,61.0,33.0,33.0,28.0
45016,45016,313,14,40,1,0,23,54.0,18.0,18.0,36.0
45017,45017,313,14,50,1,0,23,83.0,38.0,38.0,45.0
45018,45018,313,15,0,1,0,23,87.0,45.0,45.0,42.0
45019,45019,313,15,10,1,0,23,99.0,55.0,55.0,44.0
45020,45020,313,15,20,1,0,23,73.0,43.0,43.0,30.0
45021,45021,313,15,30,1,0,23,80.0,31.0,31.0,49.0
45022,45022,313,15,40,1,0,23,69.0,33.0,33.0,36.0
45023,45023,313,15,50,1,0,23,97.0,50.0,50.0,47.0
45024,45024,313,16,0,1,0,23,89.0,51.0,51.0,38.0
45025,45025,313,16,10,1,0,23,64.0,27.0,27.0,37.0
45026,45026,313,16,20,1,0,23,86.0,47.0,47.0,39.0
45027,45027,313,16,30,1,0,23,104.0,59.0,59.0,45.0
45028,45028,313,16,40,1,0,23,132.0,56.0,56.0,76.0
45029,45029,313,16,50,1,0,23,103.0,44.0,44.0,59.0
45030,45030,313,17,0,1,0,23,96.0,65.0,65.0,31.0
45031,45031,313,17,10,1,0,23,101.0,51.0,51.0,50.0
45032,45032,313,17,20,1,0,23,193.0,112.0,112.0,81.0
45033,45033,313,17,30,1,0,23,109.0,65.0,65.0,44.0
45034,45034,313,17,40,1,0,23,112.0,47.0,47.0,65.0
45035,45035,313,17,50,1,0,23,173.0,121.0,121.0,52.0
45036,45036,313,18,0,1,0,23,125.0,83.0,83.0,42.0
45037,45037,313,18,10,1,0,23,114.0,79.0,79.0,35.0
45038,45038,313,18,20,1,0,23,198.0,156.0,156.0,42.0
45039,45039,313,18,30,1,0,23,97.0,72.0,72.0,25.0
45040,45040,313,18,40,1,0,23,116.0,94.0,94.0,22.0
45041,45041,313,18,50,1,0,23,158.0,122.0,122.0,36.0
45042,45042,313,19,0,1,0,23,90.0,69.0,69.0,21.0
45043,45043,313,19,10,1,0,23,135.0,119.0,119.0,16.0
45044,45044,313,19,20,1,0,23,101.0,71.0,71.0,30.0
45045,45045,313,19,30,1,0,23,81.0,66.0,66.0,15.0
45046,45046,313,19,40,1,0,23,98.0,90.0,90.0,8.0
45047,45047,313,19,50,1,0,23,70.0,47.0,47.0,23.0
45048,45048,313,20,0,1,0,23,57.0,35.0,35.0,22.0
45049,45049,313,20,10,1,0,23,89.0,71.0,71.0,18.0
45050,45050,313,20,20,1,0,23,56.0,35.0,35.0,21.0
45051,45051,313,20,30,1,0,23,84.0,57.0,57.0,27.0
45052,45052,313,20,40,1,0,23,41.0,26.0,26.0,15.0
45053,45053,313,20,50,1,0,23,51.0,32.0,32.0,19.0
45054,45054,313,21,0,1,0,23,80.0,48.0,48.0,32.0
45055,45055,313,21,10,1,0,23,46.0,22.0,22.0,24.0
45056,45056,313,21,20,1,0,23,41.0,27.0,27.0,14.0
45057,45057,313,21,30,1,0,23,48.0,33.0,33.0,15.0
45058,45058,313,21,40,1,0,23,31.0,25.0,25.0,6.0
45059,45059,313,21,50,1,0,23,36.0,36.0,36.0,0.0
45060,45060,313,22,0,1,0,23,9.0,9.0,9.0,0.0
45061,45061,313,22,10,1,0,23,24.0,24.0,24.0,0.0
45062,45062,313,22,20,1,0,23,17.0,17.0,17.0,0.0
45063,45063,313,22,30,1,0,23,20.0,20.0,20.0,0.0
45064,45064,313,22,40,1,0,23,14.0,14.0,14.0,0.0
45065,45065,313,22,50,1,0,23,18.0,18.0,18.0,0.0
